# NH                 T_gas  H            H2           C            CO
  1.2468e+14    2872.6830   1.0000e+00   6.7749e-07   7.1563e-09   7.5869e-13
  1.2937e+14    2872.6830   1.0000e+00   6.7749e-07   7.1563e-09   7.5877e-13
  1.3423e+14    2872.6830   1.0000e+00   6.7749e-07   7.1563e-09   7.5885e-13
  1.3928e+14    2872.6830   1.0000e+00   6.7749e-07   7.1563e-09   7.5892e-13
  1.4452e+14    2872.6830   1.0000e+00   6.7749e-07   7.1563e-09   7.5900e-13
  1.4995e+14    2872.6830   1.0000e+00   6.7749e-07   7.1563e-09   7.5908e-13
  1.5559e+14    2872.6830   1.0000e+00   6.7749e-07   7.1563e-09   7.5915e-13
  1.6144e+14    2872.6830   1.0000e+00   6.7749e-07   7.1563e-09   7.5923e-13
  1.6751e+14    2872.6830   1.0000e+00   6.7749e-07   7.1563e-09   7.5931e-13
  1.7381e+14    2872.6830   1.0000e+00   6.7749e-07   7.1563e-09   7.5939e-13
  1.8035e+14    2872.6830   1.0000e+00   6.7749e-07   7.1563e-09   7.5946e-13
  1.8713e+14    2872.6830   1.0000e+00   6.7749e-07   7.1563e-09   7.5954e-13
  1.9417e+14    2872.6830   1.0000e+00   6.7749e-07   7.1563e-09   7.5962e-13
  2.0147e+14    2872.6830   1.0000e+00   6.7749e-07   7.1563e-09   7.5969e-13
  2.0905e+14    2872.6820   1.0000e+00   6.7749e-07   7.1563e-09   7.5977e-13
  2.1691e+14    2872.6820   1.0000e+00   6.7749e-07   7.1563e-09   7.5985e-13
  2.2507e+14    2872.6820   1.0000e+00   6.7749e-07   7.1563e-09   7.5993e-13
  2.3353e+14    2872.6820   1.0000e+00   6.7749e-07   7.1563e-09   7.6000e-13
  2.4231e+14    2872.6820   1.0000e+00   6.7749e-07   7.1563e-09   7.6008e-13
  2.5142e+14    2872.6820   1.0000e+00   6.7749e-07   7.1563e-09   7.6016e-13
  2.6088e+14    2872.6820   1.0000e+00   6.7749e-07   7.1563e-09   7.6023e-13
  2.7069e+14    2872.6820   1.0000e+00   6.7749e-07   7.1563e-09   7.6031e-13
  2.8087e+14    2872.6820   1.0000e+00   6.7749e-07   7.1563e-09   7.6039e-13
  2.9143e+14    2872.6820   1.0000e+00   6.7749e-07   7.1563e-09   7.6047e-13
  3.0239e+14    2872.6820   1.0000e+00   6.7749e-07   7.1563e-09   7.6054e-13
  3.1376e+14    2872.6820   1.0000e+00   6.7749e-07   7.1563e-09   7.6062e-13
  3.2556e+14    2872.6820   1.0000e+00   6.7749e-07   7.1563e-09   7.6070e-13
  3.3780e+14    2872.6820   1.0000e+00   6.7749e-07   7.1563e-09   7.6077e-13
  3.5051e+14    2872.6820   1.0000e+00   6.7749e-07   7.1563e-09   7.6085e-13
  3.6369e+14    2872.6820   1.0000e+00   6.7749e-07   7.1563e-09   7.6093e-13
  3.7736e+14    2872.6820   1.0000e+00   6.7749e-07   7.1563e-09   7.6101e-13
  3.9155e+14    2872.6820   1.0000e+00   6.7749e-07   7.1563e-09   7.6108e-13
  4.0628e+14    2872.6820   1.0000e+00   6.7749e-07   7.1563e-09   7.6116e-13
  4.2156e+14    2872.6820   1.0000e+00   6.7749e-07   7.1563e-09   7.6124e-13
  4.3741e+14    2872.6820   1.0000e+00   6.7749e-07   7.1563e-09   7.6132e-13
  4.5386e+14    2872.6820   1.0000e+00   6.7749e-07   7.1563e-09   7.6139e-13
  4.7092e+14    2872.6820   1.0000e+00   6.7749e-07   7.1563e-09   7.6147e-13
  4.8863e+14    2872.6820   1.0000e+00   6.7749e-07   7.1563e-09   7.6155e-13
  5.0701e+14    2872.6820   1.0000e+00   6.7749e-07   7.1563e-09   7.6162e-13
  5.2607e+14    2872.6820   1.0000e+00   6.7749e-07   7.1563e-09   7.6170e-13
  5.4586e+14    2872.6820   1.0000e+00   6.7749e-07   7.1563e-09   7.6178e-13
  5.6638e+14    2872.6820   1.0000e+00   6.7749e-07   7.1563e-09   7.6186e-13
  5.8768e+14    2872.6820   1.0000e+00   6.7749e-07   7.1563e-09   7.6193e-13
  6.0978e+14    2872.6820   1.0000e+00   6.7749e-07   7.1563e-09   7.6201e-13
  6.3271e+14    2872.6820   1.0000e+00   6.7749e-07   7.1563e-09   7.6209e-13
  6.5651e+14    2872.6820   1.0000e+00   6.7749e-07   7.1563e-09   7.6217e-13
  6.8120e+14    2872.6820   1.0000e+00   6.7750e-07   7.1563e-09   7.6224e-13
  7.0681e+14    2872.6820   1.0000e+00   6.7750e-07   7.1563e-09   7.6232e-13
  7.3339e+14    2872.6820   1.0000e+00   6.7750e-07   7.1563e-09   7.6240e-13
  7.6097e+14    2872.6820   1.0000e+00   6.7750e-07   7.1563e-09   7.6248e-13
  7.8959e+14    2872.6820   1.0000e+00   6.7750e-07   7.1563e-09   7.6255e-13
  8.1928e+14    2872.6820   1.0000e+00   6.7750e-07   7.1563e-09   7.6263e-13
  8.5009e+14    2872.6820   1.0000e+00   6.7750e-07   7.1563e-09   7.6271e-13
  8.8206e+14    2872.6820   1.0000e+00   6.7750e-07   7.1563e-09   7.6279e-13
  9.1523e+14    2872.6820   1.0000e+00   6.7750e-07   7.1563e-09   7.6286e-13
  9.4964e+14    2872.6820   1.0000e+00   6.7750e-07   7.1563e-09   7.6294e-13
  9.8535e+14    2872.6820   1.0000e+00   6.7750e-07   7.1563e-09   7.6302e-13
  1.0224e+15    2872.6820   1.0000e+00   6.7750e-07   7.1563e-09   7.6310e-13
  1.0609e+15    2872.6820   1.0000e+00   6.7750e-07   7.1563e-09   7.6317e-13
  1.1008e+15    2872.6820   1.0000e+00   6.7750e-07   7.1563e-09   7.6325e-13
  1.1421e+15    2872.6820   1.0000e+00   6.7750e-07   7.1563e-09   7.6333e-13
  1.1851e+15    2872.6820   1.0000e+00   6.7750e-07   7.1563e-09   7.6341e-13
  1.2297e+15    2872.6820   1.0000e+00   6.7750e-07   7.1563e-09   7.6348e-13
  1.2759e+15    2872.6820   1.0000e+00   6.7750e-07   7.1563e-09   7.6356e-13
  1.3239e+15    2872.6820   1.0000e+00   6.7750e-07   7.1563e-09   7.6364e-13
  1.3737e+15    2872.6820   1.0000e+00   6.7750e-07   7.1563e-09   7.6372e-13
  1.4253e+15    2872.6820   1.0000e+00   6.7750e-07   7.1563e-09   7.6380e-13
  1.4789e+15    2872.6810   1.0000e+00   6.7750e-07   7.1563e-09   7.6387e-13
  1.5345e+15    2872.6810   1.0000e+00   6.7750e-07   7.1563e-09   7.6395e-13
  1.5922e+15    2872.6810   1.0000e+00   6.7750e-07   7.1563e-09   7.6403e-13
  1.6521e+15    2872.6810   1.0000e+00   6.7750e-07   7.1563e-09   7.6411e-13
  1.7142e+15    2872.6810   1.0000e+00   6.7750e-07   7.1563e-09   7.6418e-13
  1.7787e+15    2872.6810   1.0000e+00   6.7750e-07   7.1563e-09   7.6426e-13
  1.8456e+15    2872.6810   1.0000e+00   6.7750e-07   7.1563e-09   7.6434e-13
  1.9150e+15    2872.6810   1.0000e+00   6.7750e-07   7.1564e-09   7.6442e-13
  1.9870e+15    2872.6810   1.0000e+00   6.7750e-07   7.1564e-09   7.6450e-13
  2.0617e+15    2872.6810   1.0000e+00   6.7750e-07   7.1564e-09   7.6457e-13
  2.1393e+15    2872.6810   1.0000e+00   6.7750e-07   7.1564e-09   7.6465e-13
  2.2197e+15    2872.6810   1.0000e+00   6.7750e-07   7.1564e-09   7.6473e-13
  2.3032e+15    2872.6810   1.0000e+00   6.7750e-07   7.1564e-09   7.6481e-13
  2.3898e+15    2872.6810   1.0000e+00   6.7750e-07   7.1564e-09   7.6488e-13
  2.4797e+15    2872.6810   1.0000e+00   6.7750e-07   7.1564e-09   7.6496e-13
  2.5729e+15    2872.6810   1.0000e+00   6.7750e-07   7.1564e-09   7.6504e-13
  2.6697e+15    2872.6810   1.0000e+00   6.7750e-07   7.1564e-09   7.6512e-13
  2.7701e+15    2872.6800   1.0000e+00   6.7750e-07   7.1564e-09   7.6520e-13
  2.8742e+15    2872.6800   1.0000e+00   6.7750e-07   7.1564e-09   7.6528e-13
  2.9823e+15    2872.6800   1.0000e+00   6.7750e-07   7.1564e-09   7.6535e-13
  3.0945e+15    2872.6800   1.0000e+00   6.7750e-07   7.1564e-09   7.6543e-13
  3.2108e+15    2872.6800   1.0000e+00   6.7750e-07   7.1564e-09   7.6551e-13
  3.3316e+15    2872.6800   1.0000e+00   6.7750e-07   7.1564e-09   7.6559e-13
  3.4569e+15    2872.6800   1.0000e+00   6.7750e-07   7.1564e-09   7.6567e-13
  3.5869e+15    2872.6800   1.0000e+00   6.7750e-07   7.1564e-09   7.6574e-13
  3.7217e+15    2872.6800   1.0000e+00   6.7750e-07   7.1564e-09   7.6582e-13
  3.8617e+15    2872.6800   1.0000e+00   6.7750e-07   7.1564e-09   7.6590e-13
  4.0069e+15    2872.6790   1.0000e+00   6.7750e-07   7.1564e-09   7.6598e-13
  4.1576e+15    2872.6790   1.0000e+00   6.7750e-07   7.1564e-09   7.6606e-13
  4.3139e+15    2872.6790   1.0000e+00   6.7750e-07   7.1564e-09   7.6614e-13
  4.4762e+15    2872.6790   1.0000e+00   6.7750e-07   7.1564e-09   7.6622e-13
  4.6445e+15    2872.6790   1.0000e+00   6.7751e-07   7.1564e-09   7.6629e-13
  4.8192e+15    2872.6790   1.0000e+00   6.7751e-07   7.1564e-09   7.6637e-13
  5.0004e+15    2872.6790   1.0000e+00   6.7751e-07   7.1565e-09   7.6645e-13
  5.1884e+15    2872.6780   1.0000e+00   6.7751e-07   7.1565e-09   7.6653e-13
  5.3835e+15    2872.6780   1.0000e+00   6.7751e-07   7.1565e-09   7.6661e-13
  5.5860e+15    2872.6780   1.0000e+00   6.7751e-07   7.1565e-09   7.6669e-13
  5.7960e+15    2872.6780   1.0000e+00   6.7751e-07   7.1565e-09   7.6677e-13
  6.0140e+15    2872.6780   1.0000e+00   6.7751e-07   7.1565e-09   7.6684e-13
  6.2402e+15    2872.6780   1.0000e+00   6.7751e-07   7.1565e-09   7.6692e-13
  6.4748e+15    2872.6770   1.0000e+00   6.7751e-07   7.1565e-09   7.6700e-13
  6.7183e+15    2872.6770   1.0000e+00   6.7751e-07   7.1565e-09   7.6708e-13
  6.9709e+15    2872.6770   1.0000e+00   6.7751e-07   7.1565e-09   7.6716e-13
  7.2331e+15    2872.6770   1.0000e+00   6.7751e-07   7.1565e-09   7.6724e-13
  7.5051e+15    2872.6770   1.0000e+00   6.7751e-07   7.1565e-09   7.6732e-13
  7.7873e+15    2872.6760   1.0000e+00   6.7751e-07   7.1565e-09   7.6740e-13
  8.0802e+15    2872.6760   1.0000e+00   6.7751e-07   7.1565e-09   7.6748e-13
  8.3840e+15    2872.6760   1.0000e+00   6.7751e-07   7.1566e-09   7.6756e-13
  8.6993e+15    2872.6760   1.0000e+00   6.7752e-07   7.1566e-09   7.6763e-13
  9.0264e+15    2872.6750   1.0000e+00   6.7752e-07   7.1566e-09   7.6771e-13
  9.3659e+15    2872.6750   1.0000e+00   6.7752e-07   7.1566e-09   7.6779e-13
  9.7181e+15    2872.6750   1.0000e+00   6.7752e-07   7.1566e-09   7.6787e-13
  1.0084e+16    2872.6750   1.0000e+00   6.7752e-07   7.1566e-09   7.6795e-13
  1.0463e+16    2872.6740   1.0000e+00   6.7752e-07   7.1566e-09   7.6803e-13
  1.0856e+16    2872.6740   1.0000e+00   6.7752e-07   7.1566e-09   7.6811e-13
  1.1264e+16    2872.6740   1.0000e+00   6.7752e-07   7.1566e-09   7.6819e-13
  1.1688e+16    2872.6730   1.0000e+00   6.7752e-07   7.1566e-09   7.6827e-13
  1.2128e+16    2872.6730   1.0000e+00   6.7752e-07   7.1567e-09   7.6835e-13
  1.2584e+16    2872.6720   1.0000e+00   6.7753e-07   7.1567e-09   7.6843e-13
  1.3057e+16    2872.6720   1.0000e+00   6.7753e-07   7.1567e-09   7.6851e-13
  1.3548e+16    2872.6720   1.0000e+00   6.7753e-07   7.1567e-09   7.6859e-13
  1.4057e+16    2872.6710   1.0000e+00   6.7753e-07   7.1567e-09   7.6867e-13
  1.4586e+16    2872.6710   1.0000e+00   6.7753e-07   7.1567e-09   7.6875e-13
  1.5134e+16    2872.6700   1.0000e+00   6.7753e-07   7.1567e-09   7.6883e-13
  1.5704e+16    2872.6700   1.0000e+00   6.7753e-07   7.1567e-09   7.6891e-13
  1.6294e+16    2872.6690   1.0000e+00   6.7753e-07   7.1568e-09   7.6899e-13
  1.6907e+16    2872.6690   1.0000e+00   6.7754e-07   7.1568e-09   7.6908e-13
  1.7543e+16    2872.6680   1.0000e+00   6.7754e-07   7.1568e-09   7.6916e-13
  1.8202e+16    2872.6680   1.0000e+00   6.7754e-07   7.1568e-09   7.6924e-13
  1.8887e+16    2872.6670   1.0000e+00   6.7754e-07   7.1568e-09   7.6932e-13
  1.9597e+16    2872.6670   1.0000e+00   6.7754e-07   7.1568e-09   7.6940e-13
  2.0334e+16    2872.6660   1.0000e+00   6.7755e-07   7.1569e-09   7.6948e-13
  2.1099e+16    2872.6660   1.0000e+00   6.7755e-07   7.1569e-09   7.6956e-13
  2.1892e+16    2872.6650   1.0000e+00   6.7755e-07   7.1569e-09   7.6964e-13
  2.2715e+16    2872.6640   1.0000e+00   6.7755e-07   7.1569e-09   7.6973e-13
  2.3569e+16    2872.6640   1.0000e+00   6.7755e-07   7.1569e-09   7.6981e-13
  2.4456e+16    2872.6630   1.0000e+00   6.7756e-07   7.1570e-09   7.6989e-13
  2.5375e+16    2872.6620   1.0000e+00   6.7756e-07   7.1570e-09   7.6997e-13
  2.6330e+16    2872.6610   1.0000e+00   6.7756e-07   7.1570e-09   7.7006e-13
  2.7320e+16    2872.6610   1.0000e+00   6.7756e-07   7.1570e-09   7.7014e-13
  2.8347e+16    2872.6600   1.0000e+00   6.7757e-07   7.1570e-09   7.7022e-13
  2.9413e+16    2872.6590   1.0000e+00   6.7757e-07   7.1571e-09   7.7030e-13
  3.0519e+16    2872.6580   1.0000e+00   6.7757e-07   7.1571e-09   7.7039e-13
  3.1667e+16    2872.6570   1.0000e+00   6.7757e-07   7.1571e-09   7.7047e-13
  3.2858e+16    2872.6560   1.0000e+00   6.7758e-07   7.1571e-09   7.7055e-13
  3.4093e+16    2872.6550   1.0000e+00   6.7758e-07   7.1572e-09   7.7064e-13
  3.5376e+16    2872.6540   1.0000e+00   6.7758e-07   7.1572e-09   7.7072e-13
  3.6706e+16    2872.6530   1.0000e+00   6.7759e-07   7.1572e-09   7.7081e-13
  3.8086e+16    2872.6520   1.0000e+00   6.7759e-07   7.1573e-09   7.7089e-13
  3.9518e+16    2872.6510   1.0000e+00   6.7759e-07   7.1573e-09   7.7098e-13
  4.1004e+16    2872.6500   1.0000e+00   6.7760e-07   7.1573e-09   7.7106e-13
  4.2546e+16    2872.6480   1.0000e+00   6.7760e-07   7.1574e-09   7.7115e-13
  4.4146e+16    2872.6470   1.0000e+00   6.7761e-07   7.1574e-09   7.7123e-13
  4.5806e+16    2872.6460   1.0000e+00   6.7761e-07   7.1574e-09   7.7132e-13
  4.7529e+16    2872.6440   1.0000e+00   6.7762e-07   7.1575e-09   7.7140e-13
  4.9316e+16    2872.6430   1.0000e+00   6.7762e-07   7.1575e-09   7.7149e-13
  5.1171e+16    2872.6410   1.0000e+00   6.7762e-07   7.1576e-09   7.7158e-13
  5.3095e+16    2872.6400   1.0000e+00   6.7763e-07   7.1576e-09   7.7166e-13
  5.5092e+16    2872.6380   1.0000e+00   6.7763e-07   7.1576e-09   7.7175e-13
  5.7164e+16    2872.6360   1.0000e+00   6.7764e-07   7.1577e-09   7.7184e-13
  5.9313e+16    2872.6350   1.0000e+00   6.7765e-07   7.1577e-09   7.7193e-13
  6.1544e+16    2872.6330   1.0000e+00   6.7765e-07   7.1578e-09   7.7202e-13
  6.3858e+16    2872.6310   1.0000e+00   6.7766e-07   7.1578e-09   7.7211e-13
  6.6259e+16    2872.6290   1.0000e+00   6.7766e-07   7.1579e-09   7.7220e-13
  6.8751e+16    2872.6270   1.0000e+00   6.7767e-07   7.1579e-09   7.7229e-13
  7.1336e+16    2872.6250   1.0000e+00   6.7768e-07   7.1580e-09   7.7238e-13
  7.4019e+16    2872.6230   1.0000e+00   6.7768e-07   7.1580e-09   7.7247e-13
  7.6803e+16    2872.6210   1.0000e+00   6.7769e-07   7.1581e-09   7.7256e-13
  7.9691e+16    2872.6180   1.0000e+00   6.7770e-07   7.1582e-09   7.7265e-13
  8.2688e+16    2872.6160   1.0000e+00   6.7771e-07   7.1582e-09   7.7274e-13
  8.5797e+16    2872.6130   1.0000e+00   6.7771e-07   7.1583e-09   7.7283e-13
  8.9023e+16    2872.6110   1.0000e+00   6.7772e-07   7.1584e-09   7.7293e-13
  9.2371e+16    2872.6080   1.0000e+00   6.7773e-07   7.1584e-09   7.7302e-13
  9.5845e+16    2872.6050   1.0000e+00   6.7774e-07   7.1585e-09   7.7312e-13
  9.9449e+16    2872.6020   1.0000e+00   6.7775e-07   7.1586e-09   7.7321e-13
  1.0319e+17    2872.5990   1.0000e+00   6.7776e-07   7.1587e-09   7.7331e-13
  1.0707e+17    2872.5960   1.0000e+00   6.7777e-07   7.1587e-09   7.7340e-13
  1.1110e+17    2872.5930   1.0000e+00   6.7778e-07   7.1588e-09   7.7350e-13
  1.1527e+17    2872.5900   1.0000e+00   6.7779e-07   7.1589e-09   7.7360e-13
  1.1961e+17    2872.5860   1.0000e+00   6.7780e-07   7.1590e-09   7.7370e-13
  1.2411e+17    2872.5820   1.0000e+00   6.7781e-07   7.1591e-09   7.7380e-13
  1.2877e+17    2872.5790   1.0000e+00   6.7782e-07   7.1592e-09   7.7390e-13
  1.3362e+17    2872.5750   1.0000e+00   6.7784e-07   7.1593e-09   7.7400e-13
  1.3864e+17    2872.5710   1.0000e+00   6.7785e-07   7.1594e-09   7.7410e-13
  1.4385e+17    2872.5660   1.0000e+00   6.7786e-07   7.1595e-09   7.7420e-13
  1.4926e+17    2872.5620   1.0000e+00   6.7788e-07   7.1596e-09   7.7430e-13
  1.5488e+17    2872.5580   1.0000e+00   6.7789e-07   7.1597e-09   7.7441e-13
  1.6070e+17    2872.5530   1.0000e+00   6.7791e-07   7.1598e-09   7.7451e-13
  1.6674e+17    2872.5480   1.0000e+00   6.7792e-07   7.1600e-09   7.7462e-13
  1.7301e+17    2872.5430   1.0000e+00   6.7794e-07   7.1601e-09   7.7473e-13
  1.7952e+17    2872.5380   1.0000e+00   6.7795e-07   7.1602e-09   7.7484e-13
  1.8627e+17    2872.5320   1.0000e+00   6.7797e-07   7.1603e-09   7.7495e-13
  1.9328e+17    2872.5270   1.0000e+00   6.7799e-07   7.1605e-09   7.7506e-13
  2.0054e+17    2872.5210   1.0000e+00   6.7801e-07   7.1606e-09   7.7517e-13
  2.0809e+17    2872.5150   1.0000e+00   6.7803e-07   7.1608e-09   7.7528e-13
  2.1591e+17    2872.5080   1.0000e+00   6.7805e-07   7.1609e-09   7.7540e-13
  2.2403e+17    2872.5020   1.0000e+00   6.7807e-07   7.1611e-09   7.7552e-13
  2.3245e+17    2872.4950   1.0000e+00   6.7809e-07   7.1613e-09   7.7563e-13
  2.4120e+17    2872.4880   1.0000e+00   6.7811e-07   7.1614e-09   7.7575e-13
  2.5027e+17    2872.4800   1.0000e+00   6.7814e-07   7.1616e-09   7.7587e-13
  2.5968e+17    2872.4730   1.0000e+00   6.7816e-07   7.1618e-09   7.7600e-13
  2.6944e+17    2872.4650   1.0000e+00   6.7819e-07   7.1620e-09   7.7612e-13
  2.7957e+17    2872.4570   1.0000e+00   6.7821e-07   7.1622e-09   7.7625e-13
  2.9009e+17    2872.4480   1.0000e+00   6.7824e-07   7.1624e-09   7.7637e-13
  3.0100e+17    2872.4400   1.0000e+00   6.7827e-07   7.1626e-09   7.7650e-13
  3.1232e+17    2872.4300   1.0000e+00   6.7830e-07   7.1628e-09   7.7663e-13
  3.2406e+17    2872.4210   1.0000e+00   6.7833e-07   7.1631e-09   7.7677e-13
  3.3625e+17    2872.4110   1.0000e+00   6.7836e-07   7.1633e-09   7.7690e-13
  3.4889e+17    2872.4010   1.0000e+00   6.7839e-07   7.1636e-09   7.7704e-13
  3.6201e+17    2872.3900   1.0000e+00   6.7842e-07   7.1638e-09   7.7718e-13
  3.7563e+17    2872.3790   1.0000e+00   6.7846e-07   7.1641e-09   7.7732e-13
  3.8975e+17    2872.3680   1.0000e+00   6.7849e-07   7.1644e-09   7.7747e-13
  4.0441e+17    2872.3560   1.0000e+00   6.7853e-07   7.1646e-09   7.7761e-13
  4.1961e+17    2872.3440   1.0000e+00   6.7857e-07   7.1649e-09   7.7776e-13
  4.3539e+17    2872.3310   1.0000e+00   6.7861e-07   7.1652e-09   7.7792e-13
  4.5177e+17    2872.3180   1.0000e+00   6.7865e-07   7.1656e-09   7.7807e-13
  4.6876e+17    2872.3040   1.0000e+00   6.7870e-07   7.1659e-09   7.7823e-13
  4.8638e+17    2872.2900   1.0000e+00   6.7874e-07   7.1662e-09   7.7839e-13
  5.0467e+17    2872.2750   1.0000e+00   6.7879e-07   7.1666e-09   7.7855e-13
  5.2365e+17    2872.2600   1.0000e+00   6.7884e-07   7.1670e-09   7.7872e-13
  5.4334e+17    2872.2440   1.0000e+00   6.7889e-07   7.1673e-09   7.7889e-13
  5.6378e+17    2872.2270   1.0000e+00   6.7894e-07   7.1677e-09   7.7907e-13
  5.8498e+17    2872.2100   1.0000e+00   6.7900e-07   7.1681e-09   7.7924e-13
  6.0698e+17    2872.1920   1.0000e+00   6.7905e-07   7.1686e-09   7.7943e-13
  6.2980e+17    2872.1740   1.0000e+00   6.7911e-07   7.1690e-09   7.7961e-13
  6.5349e+17    2872.1550   1.0000e+00   6.7917e-07   7.1695e-09   7.7980e-13
  6.7806e+17    2872.1350   1.0000e+00   6.7924e-07   7.1699e-09   7.7999e-13
  7.0356e+17    2872.1140   1.0000e+00   6.7930e-07   7.1704e-09   7.8019e-13
  7.3002e+17    2872.0930   1.0000e+00   6.7937e-07   7.1709e-09   7.8039e-13
  7.5747e+17    2872.0710   1.0000e+00   6.7944e-07   7.1715e-09   7.8060e-13
  7.8595e+17    2872.0480   1.0000e+00   6.7951e-07   7.1720e-09   7.8081e-13
  8.1551e+17    2872.0240   1.0000e+00   6.7959e-07   7.1726e-09   7.8103e-13
  8.4617e+17    2871.9990   1.0000e+00   6.7967e-07   7.1732e-09   7.8125e-13
  8.7800e+17    2871.9740   1.0000e+00   6.7975e-07   7.1738e-09   7.8148e-13
  9.1101e+17    2871.9470   1.0000e+00   6.7984e-07   7.1744e-09   7.8172e-13
  9.4527e+17    2871.9190   1.0000e+00   6.7993e-07   7.1751e-09   7.8195e-13
  9.8082e+17    2871.8910   1.0000e+00   6.8002e-07   7.1757e-09   7.8220e-13
  1.0177e+18    2871.8610   1.0000e+00   6.8011e-07   7.1765e-09   7.8245e-13
  1.0560e+18    2871.8300   1.0000e+00   6.8021e-07   7.1772e-09   7.8271e-13
  1.0957e+18    2871.7980   1.0000e+00   6.8031e-07   7.1779e-09   7.8298e-13
  1.1369e+18    2871.7650   1.0000e+00   6.8042e-07   7.1787e-09   7.8325e-13
  1.1796e+18    2871.7300   1.0000e+00   6.8053e-07   7.1795e-09   7.8353e-13
  1.2240e+18    2871.6940   1.0000e+00   6.8064e-07   7.1804e-09   7.8382e-13
  1.2700e+18    2871.6570   1.0000e+00   6.8076e-07   7.1813e-09   7.8411e-13
  1.3178e+18    2871.6190   1.0000e+00   6.8089e-07   7.1822e-09   7.8441e-13
  1.3673e+18    2871.5790   1.0000e+00   6.8101e-07   7.1831e-09   7.8473e-13
  1.4188e+18    2871.5370   1.0000e+00   6.8115e-07   7.1841e-09   7.8505e-13
  1.4721e+18    2871.4940   1.0000e+00   6.8129e-07   7.1851e-09   7.8538e-13
  1.5275e+18    2871.4500   1.0000e+00   6.8143e-07   7.1862e-09   7.8572e-13
  1.5849e+18    2871.4030   1.0000e+00   6.8158e-07   7.1872e-09   7.8607e-13
  1.6445e+18    2871.3550   1.0000e+00   6.8173e-07   7.1884e-09   7.8643e-13
  1.7064e+18    2871.3050   1.0000e+00   6.8189e-07   7.1895e-09   7.8680e-13
  1.7705e+18    2871.2540   1.0000e+00   6.8206e-07   7.1908e-09   7.8718e-13
  1.8371e+18    2871.2000   1.0000e+00   6.8223e-07   7.1920e-09   7.8757e-13
  1.9062e+18    2871.1440   1.0000e+00   6.8241e-07   7.1933e-09   7.8798e-13
  1.9779e+18    2871.0860   1.0000e+00   6.8259e-07   7.1947e-09   7.8840e-13
  2.0522e+18    2871.0260   1.0000e+00   6.8279e-07   7.1961e-09   7.8883e-13
  2.1294e+18    2870.9640   1.0000e+00   6.8299e-07   7.1976e-09   7.8927e-13
  2.2095e+18    2870.9000   1.0000e+00   6.8319e-07   7.1991e-09   7.8973e-13
  2.2926e+18    2870.8330   1.0000e+00   6.8341e-07   7.2007e-09   7.9020e-13
  2.3788e+18    2870.7630   1.0000e+00   6.8363e-07   7.2023e-09   7.9069e-13
  2.4683e+18    2870.6910   1.0000e+00   6.8387e-07   7.2040e-09   7.9119e-13
  2.5611e+18    2870.6160   1.0000e+00   6.8411e-07   7.2057e-09   7.9171e-13
  2.6574e+18    2870.5390   1.0000e+00   6.8436e-07   7.2076e-09   7.9225e-13
  2.7573e+18    2870.4580   1.0000e+00   6.8462e-07   7.2094e-09   7.9280e-13
  2.8610e+18    2870.3750   1.0000e+00   6.8489e-07   7.2114e-09   7.9338e-13
  2.9686e+18    2870.2880   1.0000e+00   6.8517e-07   7.2134e-09   7.9397e-13
  3.0802e+18    2870.1980   1.0000e+00   6.8546e-07   7.2155e-09   7.9458e-13
  3.1961e+18    2870.1050   1.0000e+00   6.8576e-07   7.2177e-09   7.9521e-13
  3.3162e+18    2870.0080   1.0000e+00   6.8607e-07   7.2200e-09   7.9586e-13
  3.4410e+18    2869.9080   1.0000e+00   6.8640e-07   7.2224e-09   7.9654e-13
  3.5703e+18    2869.8030   1.0000e+00   6.8673e-07   7.2248e-09   7.9723e-13
  3.7046e+18    2869.6950   1.0000e+00   6.8708e-07   7.2273e-09   7.9796e-13
  3.8439e+18    2869.5830   1.0000e+00   6.8745e-07   7.2300e-09   7.9870e-13
  3.9885e+18    2869.4670   1.0000e+00   6.8783e-07   7.2327e-09   7.9947e-13
  4.1385e+18    2869.3460   1.0000e+00   6.8822e-07   7.2355e-09   8.0027e-13
  4.2941e+18    2869.2210   1.0000e+00   6.8863e-07   7.2385e-09   8.0110e-13
  4.4556e+18    2869.0910   1.0000e+00   6.8905e-07   7.2415e-09   8.0195e-13
  4.6231e+18    2868.9560   1.0000e+00   6.8949e-07   7.2447e-09   8.0284e-13
  4.7970e+18    2868.8170   1.0000e+00   6.8994e-07   7.2480e-09   8.0376e-13
  4.9774e+18    2868.6720   1.0000e+00   6.9042e-07   7.2514e-09   8.0471e-13
  5.1645e+18    2868.5210   1.0000e+00   6.9091e-07   7.2549e-09   8.0569e-13
  5.3587e+18    2868.3650   1.0000e+00   6.9142e-07   7.2586e-09   8.0671e-13
  5.5603e+18    2868.2030   1.0000e+00   6.9195e-07   7.2624e-09   8.0776e-13
  5.7694e+18    2868.0350   1.0000e+00   6.9250e-07   7.2664e-09   8.0886e-13
  5.9863e+18    2867.8610   1.0000e+00   6.9307e-07   7.2705e-09   8.0999e-13
  6.2114e+18    2867.6800   1.0000e+00   6.9367e-07   7.2747e-09   8.1116e-13
  6.4450e+18    2867.4930   1.0000e+00   6.9428e-07   7.2792e-09   8.1238e-13
  6.6874e+18    2867.2980   1.0000e+00   6.9492e-07   7.2838e-09   8.1364e-13
  6.9389e+18    2867.0960   1.0000e+00   6.9559e-07   7.2885e-09   8.1495e-13
  7.1998e+18    2866.8870   1.0000e+00   6.9628e-07   7.2935e-09   8.1631e-13
  7.4705e+18    2866.6700   1.0000e+00   6.9700e-07   7.2986e-09   8.1772e-13
  7.7515e+18    2866.4450   1.0000e+00   6.9775e-07   7.3039e-09   8.1917e-13
  8.0430e+18    2866.2110   1.0000e+00   6.9852e-07   7.3095e-09   8.2069e-13
  8.3454e+18    2865.9690   1.0000e+00   6.9933e-07   7.3152e-09   8.2226e-13
  8.6592e+18    2865.7170   1.0000e+00   7.0016e-07   7.3212e-09   8.2389e-13
  8.9849e+18    2865.4570   1.0000e+00   7.0103e-07   7.3274e-09   8.2558e-13
  9.3228e+18    2865.1860   1.0000e+00   7.0194e-07   7.3338e-09   8.2734e-13
  9.6733e+18    2864.9060   1.0000e+00   7.0288e-07   7.3405e-09   8.2916e-13
  1.0037e+19    2864.6150   1.0000e+00   7.0386e-07   7.3474e-09   8.3105e-13
  1.0415e+19    2864.3130   1.0000e+00   7.0487e-07   7.3546e-09   8.3302e-13
  1.0806e+19    2864.0000   1.0000e+00   7.0592e-07   7.3621e-09   8.3506e-13
  1.1213e+19    2863.6760   1.0000e+00   7.0702e-07   7.3699e-09   8.3718e-13
  1.1634e+19    2863.3390   1.0000e+00   7.0816e-07   7.3779e-09   8.3938e-13
  1.2072e+19    2862.9900   1.0000e+00   7.0935e-07   7.3863e-09   8.4167e-13
  1.2526e+19    2862.6280   1.0000e+00   7.1058e-07   7.3950e-09   8.4405e-13
  1.2997e+19    2862.2520   1.0000e+00   7.1186e-07   7.4040e-09   8.4652e-13
  1.3485e+19    2861.8630   1.0000e+00   7.1319e-07   7.4134e-09   8.4909e-13
  1.3993e+19    2861.4590   1.0000e+00   7.1458e-07   7.4231e-09   8.5176e-13
  1.4519e+19    2861.0400   1.0000e+00   7.1602e-07   7.4333e-09   8.5454e-13
  1.5065e+19    2860.6060   1.0000e+00   7.1752e-07   7.4438e-09   8.5742e-13
  1.5631e+19    2860.1550   1.0000e+00   7.1908e-07   7.4547e-09   8.6043e-13
  1.6219e+19    2859.6880   1.0000e+00   7.2070e-07   7.4660e-09   8.6355e-13
  1.6829e+19    2859.2040   1.0000e+00   7.2239e-07   7.4778e-09   8.6681e-13
  1.7462e+19    2858.7020   1.0000e+00   7.2414e-07   7.4901e-09   8.7019e-13
  1.8118e+19    2858.1810   1.0000e+00   7.2597e-07   7.5028e-09   8.7371e-13
  1.8800e+19    2857.6420   1.0000e+00   7.2787e-07   7.5161e-09   8.7738e-13
  1.9507e+19    2857.0820   1.0000e+00   7.2985e-07   7.5298e-09   8.8120e-13
  2.0240e+19    2856.5020   1.0000e+00   7.3191e-07   7.5441e-09   8.8517e-13
  2.1001e+19    2855.9000   1.0000e+00   7.3406e-07   7.5590e-09   8.8932e-13
  2.1791e+19    2855.2770   1.0000e+00   7.3629e-07   7.5744e-09   8.9363e-13
  2.2611e+19    2854.6300   1.0000e+00   7.3862e-07   7.5905e-09   8.9813e-13
  2.3461e+19    2853.9600   1.0000e+00   7.4105e-07   7.6071e-09   9.0282e-13
  2.4343e+19    2853.2660   1.0000e+00   7.4357e-07   7.6245e-09   9.0771e-13
  2.5259e+19    2852.5460   1.0000e+00   7.4620e-07   7.6425e-09   9.1281e-13
  2.6208e+19    2851.8000   1.0000e+00   7.4895e-07   7.6613e-09   9.1812e-13
  2.7194e+19    2851.0270   1.0000e+00   7.5180e-07   7.6808e-09   9.2367e-13
  2.8217e+19    2850.2260   1.0000e+00   7.5478e-07   7.7011e-09   9.2946e-13
  2.9278e+19    2849.3950   1.0000e+00   7.5789e-07   7.7222e-09   9.3550e-13
  3.0379e+19    2848.5350   1.0000e+00   7.6113e-07   7.7442e-09   9.4181e-13
  3.1521e+19    2847.6440   1.0000e+00   7.6451e-07   7.7671e-09   9.4840e-13
  3.2707e+19    2846.7200   1.0000e+00   7.6803e-07   7.7908e-09   9.5528e-13
  3.3936e+19    2845.7630   1.0000e+00   7.7171e-07   7.8156e-09   9.6248e-13
  3.5213e+19    2844.7720   1.0000e+00   7.7555e-07   7.8414e-09   9.7000e-13
  3.6537e+19    2843.7450   1.0000e+00   7.7955e-07   7.8682e-09   9.7786e-13
  3.7911e+19    2842.6820   1.0000e+00   7.8374e-07   7.8961e-09   9.8608e-13
  3.9336e+19    2841.5810   1.0000e+00   7.8810e-07   7.9251e-09   9.9469e-13
  4.0816e+19    2840.4400   1.0000e+00   7.9267e-07   7.9554e-09   1.0037e-12
  4.2351e+19    2839.2590   1.0000e+00   7.9744e-07   7.9869e-09   1.0131e-12
  4.3943e+19    2838.0370   1.0000e+00   8.0242e-07   8.0197e-09   1.0230e-12
  4.5596e+19    2836.7710   1.0000e+00   8.0764e-07   8.0539e-09   1.0334e-12
  4.7310e+19    2835.4610   1.0000e+00   8.1309e-07   8.0896e-09   1.0442e-12
  4.9089e+19    2834.1040   1.0000e+00   8.1879e-07   8.1267e-09   1.0556e-12
  5.0935e+19    2832.7010   1.0000e+00   8.2476e-07   8.1654e-09   1.0676e-12
  5.2851e+19    2831.2490   1.0000e+00   8.3101e-07   8.2057e-09   1.0801e-12
  5.4838e+19    2829.7470   1.0000e+00   8.3756e-07   8.2478e-09   1.0933e-12
  5.6900e+19    2828.1920   1.0000e+00   8.4441e-07   8.2916e-09   1.1071e-12
  5.9040e+19    2826.5850   1.0000e+00   8.5160e-07   8.3373e-09   1.1216e-12
  6.1260e+19    2824.9230   1.0000e+00   8.5913e-07   8.3851e-09   1.1369e-12
  6.3564e+19    2823.2040   1.0000e+00   8.6703e-07   8.4348e-09   1.1530e-12
  6.5954e+19    2821.4280   1.0000e+00   8.7533e-07   8.4868e-09   1.1700e-12
  6.8435e+19    2819.5920   1.0000e+00   8.8403e-07   8.5410e-09   1.1878e-12
  7.1008e+19    2817.6950   1.0000e+00   8.9318e-07   8.5976e-09   1.2067e-12
  7.3678e+19    2815.7350   1.0000e+00   9.0279e-07   8.6568e-09   1.2265e-12
  7.6449e+19    2813.7110   1.0000e+00   9.1289e-07   8.7185e-09   1.2475e-12
  7.9324e+19    2811.6210   1.0000e+00   9.2352e-07   8.7831e-09   1.2696e-12
  8.2307e+19    2809.4640   1.0000e+00   9.3471e-07   8.8505e-09   1.2930e-12
  8.5402e+19    2807.2380   1.0000e+00   9.4649e-07   8.9210e-09   1.3178e-12
  8.8614e+19    2804.9420   1.0000e+00   9.5891e-07   8.9947e-09   1.3440e-12
  9.1946e+19    2802.5730   1.0000e+00   9.7201e-07   9.0719e-09   1.3718e-12
  9.5404e+19    2800.1320   1.0000e+00   9.8583e-07   9.1526e-09   1.4012e-12
  9.8991e+19    2797.6160   1.0000e+00   1.0004e-06   9.2370e-09   1.4325e-12
  1.0271e+20    2795.0240   1.0000e+00   1.0158e-06   9.3254e-09   1.4657e-12
  1.0658e+20    2792.3560   1.0000e+00   1.0322e-06   9.4180e-09   1.5010e-12
  1.1058e+20    2789.6090   1.0000e+00   1.0494e-06   9.5150e-09   1.5385e-12
  1.1474e+20    2786.7840   1.0000e+00   1.0677e-06   9.6167e-09   1.5785e-12
  1.1906e+20    2783.8800   1.0000e+00   1.0871e-06   9.7233e-09   1.6212e-12
  1.2353e+20    2780.8950   1.0000e+00   1.1077e-06   9.8351e-09   1.6668e-12
  1.2818e+20    2777.8300   1.0000e+00   1.1296e-06   9.9524e-09   1.7155e-12
  1.3300e+20    2774.6850   1.0000e+00   1.1528e-06   1.0075e-08   1.7677e-12
  1.3800e+20    2771.4590   1.0000e+00   1.1776e-06   1.0205e-08   1.8235e-12
  1.4319e+20    2768.1530   1.0000e+00   1.2040e-06   1.0341e-08   1.8835e-12
  1.4858e+20    2764.7680   1.0000e+00   1.2322e-06   1.0483e-08   1.9479e-12
  1.5416e+20    2761.3050   1.0000e+00   1.2623e-06   1.0633e-08   2.0172e-12
  1.5996e+20    2757.7650   1.0000e+00   1.2945e-06   1.0791e-08   2.0919e-12
  1.6598e+20    2754.1500   1.0000e+00   1.3291e-06   1.0958e-08   2.1726e-12
  1.7222e+20    2750.4640   1.0000e+00   1.3661e-06   1.1133e-08   2.2597e-12
  1.7869e+20    2746.7060   1.0000e+00   1.4060e-06   1.1317e-08   2.3542e-12
  1.8541e+20    2742.8830   1.0000e+00   1.4489e-06   1.1512e-08   2.4567e-12
  1.9239e+20    2738.9980   1.0000e+00   1.4952e-06   1.1717e-08   2.5681e-12
  1.9962e+20    2735.0540   1.0000e+00   1.5453e-06   1.1933e-08   2.6895e-12
  2.0713e+20    2731.0580   1.0000e+00   1.5995e-06   1.2162e-08   2.8220e-12
  2.1492e+20    2727.0150   9.9999e-01   1.6584e-06   1.2404e-08   2.9670e-12
  2.2300e+20    2722.9320   9.9999e-01   1.7225e-06   1.2659e-08   3.1260e-12
  2.3138e+20    2718.8150   9.9999e-01   1.7924e-06   1.2930e-08   3.3009e-12
  2.4009e+20    2714.6720   9.9999e-01   1.8689e-06   1.3216e-08   3.4938e-12
  2.4911e+20    2710.5120   9.9999e-01   1.9529e-06   1.3520e-08   3.7070e-12
  2.5848e+20    2706.3420   9.9999e-01   2.0453e-06   1.3842e-08   3.9436e-12
  2.6820e+20    2702.1730   9.9999e-01   2.1474e-06   1.4184e-08   4.2067e-12
  2.7829e+20    2698.0110   9.9999e-01   2.2606e-06   1.4548e-08   4.5006e-12
  2.8875e+20    2693.8670   9.9999e-01   2.3866e-06   1.4934e-08   4.8300e-12
  2.9961e+20    2689.7490   9.9999e-01   2.5276e-06   1.5346e-08   5.2006e-12
  3.1088e+20    2685.6610   9.9999e-01   2.6860e-06   1.5784e-08   5.6196e-12
  3.2257e+20    2681.6100   9.9999e-01   2.8650e-06   1.6252e-08   6.0953e-12
  3.3470e+20    2677.5960   9.9999e-01   3.0684e-06   1.6751e-08   6.6385e-12
  3.4729e+20    2673.6170   9.9999e-01   3.3012e-06   1.7285e-08   7.2622e-12
  3.6035e+20    2669.6640   9.9999e-01   3.5694e-06   1.7856e-08   7.9829e-12
  3.7390e+20    2665.7200   9.9999e-01   3.8810e-06   1.8469e-08   8.8218e-12
  3.8796e+20    2661.7590   9.9999e-01   4.2464e-06   1.9127e-08   9.8061e-12
  4.0255e+20    2657.7390   9.9999e-01   4.6794e-06   1.9834e-08   1.0972e-11
  4.1768e+20    2653.5970   9.9999e-01   5.1985e-06   2.0596e-08   1.2367e-11
  4.3339e+20    2649.2510   9.9999e-01   5.8295e-06   2.1418e-08   1.4057e-11
  4.4969e+20    2644.5800   9.9998e-01   6.6087e-06   2.2307e-08   1.6136e-11
  4.6660e+20    2639.4160   9.9998e-01   7.5889e-06   2.3271e-08   1.8736e-11
  4.8414e+20    2633.5300   9.9998e-01   8.8494e-06   2.4320e-08   2.2056e-11
  5.0235e+20    2626.5890   9.9998e-01   1.0514e-05   2.5465e-08   2.6400e-11
  5.2124e+20    2618.1210   9.9997e-01   1.2786e-05   2.6719e-08   3.2266e-11
  5.4084e+20    2607.3980   9.9996e-01   1.6015e-05   2.8103e-08   4.0496e-11
  5.6118e+20    2593.2520   9.9995e-01   2.0856e-05   2.9642e-08   5.2631e-11
  5.8228e+20    2573.6060   9.9994e-01   2.8650e-05   3.1376e-08   7.1715e-11
  6.0418e+20    2544.3070   9.9991e-01   4.2529e-05   3.3377e-08   1.0445e-10
  6.2690e+20    2495.5830   9.9985e-01   7.1280e-05   3.5808e-08   1.6799e-10
  6.5048e+20    2399.1710   9.9970e-01   1.4643e-04   3.9134e-08   3.2300e-10
  6.7494e+20    2194.6030   9.9919e-01   4.0334e-04   4.4685e-08   7.2886e-10
  7.0032e+20    1930.8620   9.9782e-01   1.0851e-03   5.3021e-08   1.3867e-09
  7.2665e+20    1731.7970   9.9561e-01   2.1902e-03   6.2475e-08   2.0520e-09
  7.5398e+20    1583.9310   9.9247e-01   3.7617e-03   7.3071e-08   2.7290e-09
  7.8233e+20    1464.5370   9.8801e-01   5.9895e-03   8.5526e-08   3.4728e-09
  8.1175e+20    1363.5650   9.8172e-01   9.1353e-03   1.0068e-07   4.3261e-09
  8.4228e+20    1276.1450   9.7294e-01   1.3524e-02   1.1959e-07   5.3264e-09
  8.7395e+20    1199.4110   9.6089e-01   1.9544e-02   1.4367e-07   6.5106e-09
  9.0682e+20    1131.4240   9.4471e-01   2.7636e-02   1.7483e-07   7.9088e-09
  9.4092e+20    1070.7430   9.2346e-01   3.8258e-02   2.1564e-07   9.5547e-09
  9.7630e+20    1016.2320   8.9632e-01   5.1829e-02   2.6946e-07   1.1470e-08
  1.0130e+21     967.1273   8.6275e-01   6.8613e-02   3.4093e-07   1.3659e-08
  1.0511e+21     922.5007   8.2254e-01   8.8716e-02   4.3514e-07   1.6121e-08
  1.0906e+21     881.5333   7.7594e-01   1.1202e-01   5.5708e-07   1.8805e-08
  1.1317e+21     843.5420   7.2362e-01   1.3818e-01   7.1130e-07   2.1695e-08
  1.1742e+21     807.8741   6.6656e-01   1.6671e-01   9.0061e-07   2.4664e-08
  1.2184e+21     773.8797   6.0583e-01   1.9707e-01   1.1248e-06   2.7576e-08
  1.2642e+21     740.8439   5.4241e-01   2.2878e-01   1.3793e-06   3.0292e-08
  1.3117e+21     707.9717   4.7709e-01   2.6144e-01   1.6524e-06   3.2303e-08
  1.3610e+21     674.3649   4.1063e-01   2.9467e-01   1.9239e-06   3.3396e-08
  1.4122e+21     638.6906   3.4369e-01   3.2813e-01   2.1613e-06   3.2606e-08
  1.4653e+21     598.9289   2.7735e-01   3.6131e-01   2.3220e-06   2.9113e-08
  1.5204e+21     552.1433   2.1418e-01   3.9289e-01   2.3459e-06   2.2387e-08
  1.5776e+21     493.9594   1.5922e-01   4.2036e-01   2.2847e-06   1.3548e-08
  1.6369e+21     428.1362   1.1950e-01   4.4023e-01   2.4188e-06   7.2494e-09
  1.6985e+21     367.3780   9.2520e-02   4.5372e-01   2.8106e-06   5.0253e-09
  1.7624e+21     317.3198   7.2160e-02   4.6390e-01   3.3623e-06   4.6040e-09
  1.8286e+21     276.1995   5.6007e-02   4.7198e-01   4.0506e-06   4.6124e-09
  1.8974e+21     242.1883   4.3303e-02   4.7834e-01   4.9043e-06   4.7101e-09
  1.9688e+21     213.8617   3.3455e-02   4.8326e-01   5.9709e-06   4.8653e-09
  2.0428e+21     190.3434   2.5864e-02   4.8706e-01   7.3061e-06   5.1024e-09
  2.1196e+21     170.7300   2.0013e-02   4.8999e-01   8.9777e-06   5.4820e-09
  2.1993e+21     153.8653   1.5496e-02   4.9225e-01   1.1077e-05   6.0643e-09
  2.2820e+21     139.2700   1.2003e-02   4.9399e-01   1.3705e-05   6.8698e-09
  2.3678e+21     126.5956   9.2983e-03   4.9535e-01   1.6974e-05   7.9775e-09
  2.4569e+21     115.5376   7.1996e-03   4.9640e-01   2.0999e-05   9.4922e-09
  2.5493e+21     105.8476   5.5685e-03   4.9721e-01   2.5885e-05   1.1551e-08
  2.6451e+21      97.4218   4.2966e-03   4.9785e-01   3.1683e-05   1.4503e-08
  2.7446e+21      90.1304   3.3013e-03   4.9835e-01   3.8356e-05   1.8538e-08
  2.8478e+21      83.5927   2.5214e-03   4.9874e-01   4.5766e-05   2.3952e-08
  2.9549e+21      77.7039   1.9088e-03   4.9905e-01   5.3588e-05   3.1102e-08
  3.0660e+21      72.3829   1.4280e-03   4.9929e-01   6.1350e-05   4.0428e-08
  3.1813e+21      67.5739   1.0530e-03   4.9947e-01   6.8524e-05   5.2565e-08
  3.3010e+21      63.2442   7.6436e-04   4.9962e-01   7.4664e-05   6.8509e-08
  3.4251e+21      59.3791   5.4646e-04   4.9973e-01   7.9532e-05   9.1121e-08
  3.5539e+21      55.9734   3.8571e-04   4.9981e-01   8.3118e-05   1.2338e-07
  3.6876e+21      53.0237   2.6994e-04   4.9986e-01   8.5585e-05   1.7233e-07
  3.8262e+21      50.5211   1.8848e-04   4.9991e-01   8.7164e-05   2.5402e-07
  3.9701e+21      48.4455   1.3235e-04   4.9993e-01   8.8066e-05   4.0249e-07
  4.1194e+21      46.7555   9.4389e-05   4.9995e-01   8.8414e-05   6.9733e-07
  4.2743e+21      45.3739   6.9124e-05   4.9997e-01   8.8152e-05   1.3432e-06
  4.4351e+21      44.1402   5.2484e-05   4.9997e-01   8.6781e-05   2.9386e-06
  4.6018e+21      42.6009   4.1337e-05   4.9998e-01   8.2094e-05   7.7571e-06
  4.7749e+21      39.8736   3.2990e-05   4.9998e-01   6.8355e-05   2.1574e-05
  4.9544e+21      36.7589   2.6134e-05   4.9999e-01   4.6721e-05   4.3250e-05
  5.1408e+21      35.1608   2.1282e-05   4.9999e-01   2.9083e-05   6.0905e-05
  5.3341e+21      34.8645   1.8395e-05   4.9999e-01   1.8954e-05   7.1041e-05
  5.5347e+21      35.1262   1.6756e-05   4.9999e-01   1.3509e-05   7.6488e-05
  5.7428e+21      35.5655   1.5797e-05   4.9999e-01   1.0322e-05   7.9676e-05
  5.9588e+21      36.0414   1.5218e-05   4.9999e-01   8.2452e-06   8.1753e-05
  6.1828e+21      36.5041   1.4866e-05   4.9999e-01   6.7590e-06   8.3239e-05
  6.4153e+21      36.9375   1.4653e-05   4.9999e-01   5.6200e-06   8.4378e-05
  6.6566e+21      37.3376   1.4552e-05   4.9999e-01   4.6959e-06   8.5302e-05
  6.9069e+21      37.7059   1.4533e-05   4.9999e-01   3.9098e-06   8.6088e-05
  7.1666e+21      38.0457   1.4613e-05   4.9999e-01   3.2127e-06   8.6785e-05
  7.4361e+21      38.3611   1.4804e-05   4.9999e-01   2.5791e-06   8.7418e-05
  7.7158e+21      38.6562   1.5114e-05   4.9999e-01   1.9995e-06   8.7997e-05
  8.0059e+21      38.9333   1.5461e-05   4.9999e-01   1.4728e-06   8.8521e-05
  8.3070e+21      39.1850   1.5693e-05   4.9999e-01   1.0050e-06   8.8982e-05
  8.6194e+21      39.3933   1.5632e-05   4.9999e-01   6.4634e-07   8.9326e-05
  8.9435e+21      39.5534   1.5335e-05   4.9999e-01   4.1660e-07   8.9533e-05
  9.2798e+21      39.6540   1.5004e-05   4.9999e-01   2.6656e-07   8.9656e-05
  9.6288e+21      39.6693   1.4746e-05   4.9999e-01   1.6468e-07   8.9727e-05
  9.9909e+21      39.5659   1.4583e-05   4.9999e-01   9.6907e-08   8.9763e-05
  1.0367e+22      39.3123   1.4471e-05   4.9999e-01   5.4060e-08   8.9776e-05
  1.0756e+22      38.8711   1.4380e-05   4.9999e-01   2.8493e-08   8.9778e-05
  1.1161e+22      38.1996   1.4265e-05   4.9999e-01   1.4206e-08   8.9780e-05
  1.1581e+22      37.3177   1.4058e-05   4.9999e-01   6.8224e-09   8.9786e-05
  1.2016e+22      36.3663   1.3694e-05   4.9998e-01   3.3310e-09   8.9797e-05
  1.2468e+22      35.5977   1.3161e-05   4.9998e-01   1.8056e-09   8.9810e-05
