     NH               Temp.Gaz         Ab..h            Ab..h2           Ab..c            Ab..co        
   5.61282370E+16  1.07439386E+002  9.99782358E+002  1.01737425E-001  1.50121780E-004  3.09409872E-008
   7.24612424E+16  1.07435197E+002  9.99781964E+002  1.01934939E-001  1.50139979E-004  3.09426399E-008
   9.35470617E+16  1.07429790E+002  9.99781453E+002  1.02191013E-001  1.50163472E-004  3.09447749E-008
   1.30965887E+17  1.07420197E+002  9.99780541E+002  1.02648324E-001  1.50205155E-004  3.09485663E-008
   1.87094124E+17  1.07405819E+002  9.99779159E+002  1.03341172E-001  1.50267674E-004  3.09542791E-008
   2.25842586E+17  1.07395905E+002  9.99778195E+002  1.03824355E-001  1.50310835E-004  3.09582469E-008
   2.64591048E+17  1.07385993E+002  9.99777224E+002  1.04311562E-001  1.50353991E-004  3.09622383E-008
   3.19389649E+17  1.07371985E+002  9.99775835E+002  1.05007550E-001  1.50415015E-004  3.09679239E-008
   3.74188250E+17  1.07357990E+002  9.99774430E+002  1.05711838E-001  1.50476034E-004  3.09736549E-008
   4.67735314E+17  1.07334123E+002  9.99771993E+002  1.06933710E-001  1.50580185E-004  3.09835546E-008
   5.61282379E+17  1.07310295E+002  9.99769505E+002  1.08180858E-001  1.50684324E-004  3.09935920E-008
   6.42947409E+17  1.07289523E+002  9.99767291E+002  1.09290835E-001  1.50775224E-004  3.10024712E-008
   7.24612440E+17  1.07268776E+002  9.99765036E+002  1.10421166E-001  1.50866109E-004  3.10114636E-008
   9.35470644E+17  1.07215314E+002  9.99759016E+002  1.13437945E-001  1.51100683E-004  3.10352186E-008
   1.30965892E+18  1.07120850E+002  9.99747582E+002  1.19167816E-001  1.51516739E-004  3.10793063E-008
   1.87094135E+18  1.06980129E+002  9.99728362E+002  1.28797466E-001  1.52140196E-004  3.11505466E-008
   2.64591070E+18  1.06787723E+002  9.99696739E+002  1.44636193E-001  1.52999787E-004  3.12621325E-008
   3.74188294E+18  1.06521418E+002  9.99637923E+002  1.74083553E-001  1.54218323E-004  3.14901681E-008
   4.67735383E+18  1.06298424E+002  9.99570944E+002  2.07608291E-001  1.55260468E-004  3.17577626E-008
   5.61282479E+18  1.06077895E+002  9.99483896E+002  2.51169997E-001  1.56299921E-004  3.20893093E-008
   6.42947542E+18  1.05888338E+002  9.99384755E+002  3.00775987E-001  1.57202660E-004  3.24547673E-008
   7.24612611E+18  1.05702962E+002  9.99255375E+002  3.65504883E-001  1.58097715E-004  3.29270879E-008
   8.30041772E+18  1.05469911E+002  9.99026045E+002  4.80227649E-001  1.59234845E-004  3.37684628E-008
   9.35470946E+18  1.05244654E+002  9.98688053E+002  6.49293903E-001  1.60338134E-004  3.50532650E-008
   1.02901809E+19  1.05050534E+002  9.98238200E+002  8.74300537E-001  1.61272337E-004  3.68812681E-008
   1.09917846E+19  1.04909981E+002  9.97742317E+002  1.12231999E+000  1.61930046E-004  3.90676296E-008
   1.13425865E+19  1.04841364E+002  9.97418004E+002  1.28452408E+000  1.62238790E-004  4.05797051E-008
   1.16933884E+19  1.04774078E+002  9.97020713E+002  1.48322565E+000  1.62529272E-004  4.25088335E-008
   1.20441904E+19  1.04707801E+002  9.96529667E+002  1.72881446E+000  1.62796269E-004  4.49857264E-008
   1.23949924E+19  1.04642745E+002  9.95913325E+002  2.03706460E+000  1.63033687E-004  4.82153899E-008
   1.27457945E+19  1.04579066E+002  9.95132094E+002  2.42777560E+000  1.63233474E-004  5.24559097E-008
   1.30965967E+19  1.04516465E+002  9.94145320E+002  2.92127748E+000  1.63388713E-004  5.79788842E-008
   1.34473989E+19  1.04455717E+002  9.92891928E+002  3.54811153E+000  1.63490577E-004  6.51782070E-008
   1.37982013E+19  1.04397163E+002  9.91296975E+002  4.34575380E+000  1.63529872E-004  7.45161046E-008
   1.41490037E+19  1.04341335E+002  9.89255398E+002  5.36673945E+000  1.63495650E-004  8.66074649E-008
   1.44998064E+19  1.04291358E+002  9.86639563E+002  6.67488960E+000  1.63381013E-004  1.02176379E-007
   1.47629085E+19  1.04259938E+002  9.84222930E+002  7.88340268E+000  1.63243301E-004  1.16539995E-007
   1.50260107E+19  1.04236778E+002  9.81352615E+002  9.31877524E+000  1.63065914E-004  1.33510436E-007
   1.52891130E+19  1.04223551E+002  9.77996594E+002  1.09970145E+001  1.62858262E-004  1.53161681E-007
   1.55522154E+19  1.04222492E+002  9.74108612E+002  1.29412442E+001  1.62628812E-004  1.75617252E-007
   1.59468693E+19  1.04247105E+002  9.67222658E+002  1.63845873E+001  1.62271338E-004  2.14485882E-007
   1.63415235E+19  1.04311750E+002  9.59151852E+002  2.04203475E+001  1.61933020E-004  2.58538372E-007
   1.67361779E+19  1.04412614E+002  9.50054233E+002  2.49694896E+001  1.61659010E-004  3.06222304E-007
   1.71308326E+19  1.04548551E+002  9.40151899E+002  2.99209551E+001  1.61465412E-004  3.55823418E-007
   1.79201426E+19  1.04904450E+002  9.18830999E+002  4.05818954E+001  1.61324042E-004  4.54887294E-007
   1.87094533E+19  1.05330283E+002  8.96900575E+002  5.15474705E+001  1.61457410E-004  5.46656639E-007
   1.96781746E+19  1.05892253E+002  8.70626066E+002  6.46850462E+001  1.61867925E-004  6.44539228E-007
   2.13734379E+19  1.06857564E+002  8.28722281E+002  8.56372994E+001  1.62917691E-004  7.77322604E-007
   2.26448860E+19  1.07519259E+002  8.01076953E+002  9.94601391E+001  1.63832638E-004  8.51583038E-007
   2.45520590E+19  1.08392786E+002  7.65023071E+002  1.17487262E+002  1.65262338E-004  9.35416233E-007
   2.64592325E+19  1.09139863E+002  7.34097035E+002  1.32950407E+002  1.66715946E-004  9.97377843E-007
   2.78292141E+19  1.09611041E+002  7.14368801E+002  1.42814593E+002  1.67763895E-004  1.03283247E-006
   2.98841867E+19  1.10245914E+002  6.87595010E+002  1.56201573E+002  1.69313459E-004  1.07657703E-006
   3.19391597E+19  1.10806791E+002  6.63603060E+002  1.68197615E+002  1.70855366E-004  1.11195644E-006
   3.33091418E+19  1.11146426E+002  6.48877554E+002  1.75560406E+002  1.71880979E-004  1.13208229E-006
   3.53641152E+19  1.11616636E+002  6.28295707E+002  1.85851379E+002  1.73405908E-004  1.15837542E-006
   3.74190887E+19  1.12049428E+002  6.09204101E+002  1.95397224E+002  1.74912409E-004  1.18097647E-006
   3.97577951E+19  1.12499954E+002  5.89075408E+002  2.05461612E+002  1.76615118E-004  1.20313245E-006
   4.32658550E+19  1.13112979E+002  5.61408529E+002  2.19295104E+002  1.79130984E-004  1.23099128E-006
   4.67739152E+19  1.13652479E+002  5.36453110E+002  2.31772857E+002  1.81633646E-004  1.25395334E-006
   5.14513293E+19  1.14273777E+002  5.06616806E+002  2.46691057E+002  1.84955236E-004  1.27917410E-006
   5.61287438E+19  1.14812204E+002  4.79904798E+002  2.60047100E+002  1.88248964E-004  1.29997461E-006
   6.02120490E+19  1.15220854E+002  4.58739670E+002  2.70629693E+002  1.91114062E-004  1.31553445E-006
   6.63370073E+19  1.15729243E+002  4.30338981E+002  2.84830075E+002  1.95428815E-004  1.33584688E-006
   7.24619659E+19  1.16142157E+002  4.05068165E+002  2.97465514E+002  1.99749770E-004  1.35351215E-006
   8.30050169E+19  1.16644959E+002  3.67746557E+002  3.16126360E+002  2.07288685E-004  1.38061416E-006
   9.35480686E+19  1.16952796E+002  3.36213506E+002  3.31892918E+002  2.14942630E-004  1.40528548E-006
   1.02902901E+20  1.17088985E+002  3.12060838E+002  3.43969276E+002  2.21874364E-004  1.42646232E-006
   1.12257735E+20  1.17111545E+002  2.90875137E+002  3.54562146E+002  2.28977497E-004  1.44781051E-006
   1.21612568E+20  1.17051541E+002  2.72086381E+002  3.63956540E+002  2.36246568E-004  1.46961832E-006
   1.30967402E+20  1.16899577E+002  2.55305263E+002  3.72347114E+002  2.43730919E-004  1.49218268E-006
   1.44999653E+20  1.16532828E+002  2.33344176E+002  3.83327675E+002  2.55394376E-004  1.52813701E-006
   1.59031905E+20  1.16048242E+002  2.14266644E+002  3.92866455E+002  2.67550866E-004  1.56612661E-006
   1.73064157E+20  1.15457954E+002  1.97608732E+002  4.01195424E+002  2.80268451E-004  1.60668923E-006
   1.87096409E+20  1.14779322E+002  1.82934212E+002  4.08532694E+002  2.93583015E-004  1.64996621E-006
   2.06470907E+20  1.13732115E+002  1.65220089E+002  4.17389767E+002  3.12973257E-004  1.71388112E-006
   2.25845405E+20  1.12545092E+002  1.50280947E+002  4.24859347E+002  3.33756108E-004  1.78465305E-006
   2.45219904E+20  1.11284915E+002  1.37161057E+002  4.31419300E+002  3.55842436E-004  1.86028817E-006
   2.64594402E+20  1.09952163E+002  1.25679579E+002  4.37160045E+002  3.79383457E-004  1.94173458E-006
   2.91994082E+20  1.07976636E+002  1.11642152E+002  4.44178766E+002  4.15316933E-004  2.06666076E-006
   3.19393761E+20  1.05909321E+002  9.98317586E+001  4.50083968E+002  4.54611178E-004  2.20448767E-006
   3.46793441E+20  1.03773856E+002  8.98634967E+001  4.55068103E+002  4.97575074E-004  2.35620106E-006
   3.74193121E+20  1.01610106E+002  8.11378233E+001  4.59430943E+002  5.44387130E-004  2.52017522E-006
   4.20967302E+20  9.78785752E+001  6.87178894E+001  4.65640913E+002  6.34191648E-004  2.83168089E-006
   4.56047937E+20  9.50725011E+001  6.11675727E+001  4.69416072E+002  7.10636811E-004  3.09439008E-006
   5.08668890E+20  9.09203860E+001  5.18040393E+001  4.74097839E+002  8.41688872E-004  3.53531940E-006
   5.61289842E+20  8.68680125E+001  4.44221029E+001  4.77788806E+002  9.95110286E-004  4.03766448E-006
   6.02122923E+20  8.38504971E+001  3.94246998E+001  4.80287506E+002  1.13099610E-003  4.46990552E-006
   6.63372543E+20  7.95007020E+001  3.34186941E+001  4.83290507E+002  1.36720901E-003  5.19974574E-006
   7.24622163E+20  7.54186466E+001  2.84952201E+001  4.85752241E+002  1.64676885E-003  6.03932341E-006
   7.77337442E+20  7.21225235E+001  2.49776500E+001  4.87511025E+002  1.92702110E-003  6.86917345E-006
   8.56410361E+20  6.75518056E+001  2.06894303E+001  4.89655134E+002  2.42636058E-003  8.35649216E-006
   8.95946821E+20  6.54278799E+001  1.89426289E+001  4.90528535E+002  2.71601468E-003  9.23889817E-006
   9.35483280E+20  6.34098475E+001  1.73904346E+001  4.91304633E+002  3.03507523E-003  1.02401968E-005
   9.82257460E+20  6.11554738E+001  1.57448544E+001  4.92127425E+002  3.45340440E-003  1.16165188E-005
   1.02903164E+21  5.90339040E+001  1.43456827E+001  4.92827013E+002  3.91990164E-003  1.32336964E-005
   1.07580582E+21  5.70403479E+001  1.31283257E+001  4.93435694E+002  4.43825536E-003  1.51481909E-005
   1.12258000E+21  5.51673966E+001  1.20676413E+001  4.93966039E+002  5.01233330E-003  1.74192123E-005
   1.16935418E+21  5.34075918E+001  1.11430447E+001  4.94428341E+002  5.64599315E-003  2.01111113E-005
   1.23951545E+21  5.09637408E+001  9.98236073E+000  4.95008689E+002  6.71650131E-003  2.50847771E-005
   1.27459609E+21  4.98245961E+001  9.47102334E+000  4.95264361E+002  7.30891321E-003  2.80788328E-005
   1.30967672E+21  4.87354444E+001  9.01916252E+000  4.95490294E+002  7.94152478E-003  3.14383596E-005
   1.35645091E+21  4.73567790E+001  8.48592757E+000  4.95756915E+002  8.84973992E-003  3.65607468E-005
   1.40322509E+21  4.60577057E+001  8.01922703E+000  4.95990269E+002  9.83436579E-003  4.25055398E-005
   1.46169282E+21  4.45359833E+001  7.51860944E+000  4.96240583E+002  1.11763115E-002  5.12363043E-005
   1.52016055E+21  4.31172147E+001  7.10291118E+000  4.96448436E+002  1.26451504E-002  6.15764597E-005
   1.57862828E+21  4.17918358E+001  6.74242286E+000  4.96628684E+002  1.42429784E-002  7.38002107E-005
   1.62735138E+21  4.07517566E+001  6.48341418E+000  4.96758192E+002  1.56736104E-002  8.55851538E-005
   1.67607449E+21  3.97642220E+001  6.25668506E+000  4.96871559E+002  1.71938791E-002  9.89977167E-005
   1.72479760E+21  3.88244462E+001  6.05739038E+000  4.96971209E+002  1.88024436E-002  1.14238864E-004
   1.79788227E+21  3.74938309E+001  5.79933627E+000  4.97100240E+002  2.13757263E-002  1.40992126E-004
   1.83442460E+21  3.68606412E+001  5.68308207E+000  4.97158369E+002  2.27315412E-002  1.56367037E-004
   1.87096693E+21  3.62457868E+001  5.58033988E+000  4.97209742E+002  2.41314293E-002  1.73157266E-004
   1.96783944E+21  3.46940514E+001  5.35290788E+000  4.97323462E+002  2.80393186E-002  2.25656972E-004
   2.06471195E+21  3.32334409E+001  5.15964598E+000  4.97420096E+002  3.21943163E-002  2.92705451E-004
   2.16158446E+21  3.18374115E+001  4.99754650E+000  4.97501150E+002  3.65404381E-002  3.78523873E-004
   2.25845697E+21  3.04829788E+001  4.85951086E+000  4.97570170E+002  4.10129467E-002  4.89160514E-004
   2.35532949E+21  2.91507503E+001  4.74063291E+000  4.97629612E+002  4.55407651E-002  6.32792734E-004
   2.45220200E+21  2.78257038E+001  4.63782336E+000  4.97681020E+002  5.00483069E-002  8.20161745E-004
   2.54907451E+21  2.64982026E+001  4.54932060E+000  4.97725274E+002  5.44600672E-002  1.06028803E-003
   2.59751077E+21  2.58325363E+001  4.51264792E+000  4.97743612E+002  5.66077979E-002  1.20151957E-003
   2.64594703E+21  2.51654155E+001  4.47724896E+000  4.97761313E+002  5.87058916E-002  1.35659819E-003
   2.74558225E+21  2.37935747E+001  4.41017372E+000  4.97794853E+002  6.28232511E-002  1.73242626E-003
   2.84521746E+21  2.24341035E+001  4.35960367E+000  4.97820141E+002  6.66261537E-002  2.18049090E-003
   2.94485268E+21  2.11036072E+001  4.32261525E+000  4.97838638E+002  7.00706263E-002  2.69204580E-003
   3.04448790E+21  1.98328780E+001  4.30304423E+000  4.97848426E+002  7.31298301E-002  3.25191384E-003
   3.14412312E+21  1.86329111E+001  4.29167157E+000  4.97854114E+002  7.57845294E-002  3.86050530E-003
   3.24375834E+21  1.75203333E+001  4.29258653E+000  4.97853659E+002  7.80474018E-002  4.49852853E-003
   3.34339356E+21  1.65013356E+001  4.30634867E+000  4.97846779E+002  7.99443726E-002  5.14822926E-003
   3.44302878E+21  1.55745576E+001  4.33131987E+000  4.97834294E+002  8.14870861E-002  5.82295434E-003
   3.54266400E+21  1.47352329E+001  4.36756869E+000  4.97816170E+002  8.26983837E-002  6.52708281E-003
   3.64229922E+21  1.39754527E+001  4.40941593E+000  4.97795246E+002  8.35909936E-002  7.27959702E-003
   3.74193444E+21  1.32862191E+001  4.46605843E+000  4.97766924E+002  8.41587796E-002  8.12025637E-003
   3.83548282E+21  1.26950843E+001  4.52923013E+000  4.97735337E+002  8.43785614E-002  9.03532823E-003
   3.92903120E+21  1.21502525E+001  4.59861731E+000  4.97700641E+002  8.42600514E-002  1.01314976E-002
   4.02257958E+21  1.16448971E+001  4.67487714E+000  4.97662508E+002  8.37550286E-002  1.14787939E-002
   4.11612795E+21  1.11709096E+001  4.75940015E+000  4.97620243E+002  8.28039240E-002  1.31561160E-002
   4.20967633E+21  1.07292182E+001  4.84785038E+000  4.97576013E+002  8.13163766E-002  1.52699968E-002
   4.30322471E+21  1.03090193E+001  4.94214230E+000  4.97528861E+002  7.91865672E-002  1.79417593E-002
   4.39677308E+21  9.91031478E+000  5.04131508E+000  4.97479267E+002  7.62924552E-002  2.13055971E-002
   4.49032145E+21  9.53388074E+000  5.14388565E+000  4.97427973E+002  7.25252600E-002  2.54801428E-002
   4.58386982E+21  9.18232310E+000  5.24784559E+000  4.97375982E+002  6.78400892E-002  3.05174073E-002
   4.67741819E+21  8.86262313E+000  5.34998038E+000  4.97324901E+002  6.23191607E-002  3.63394372E-002
   4.77096655E+21  8.58327731E+000  5.44631867E+000  4.97276715E+002  5.62053004E-002  4.27058608E-002
   4.86451492E+21  8.35049382E+000  5.53318613E+000  4.97233261E+002  4.98515049E-002  4.92661882E-002
   4.95806327E+21  8.16557166E+000  5.60826460E+000  4.97195697E+002  4.36220982E-002  5.56599894E-002
   5.05161163E+21  8.02421097E+000  5.66748082E+000  4.97166061E+002  3.77920562E-002  6.16179406E-002
   5.14515997E+21  7.92047809E+000  5.71863598E+000  4.97140452E+002  3.25331842E-002  6.69744263E-002
   5.26209540E+21  7.83288642E+000  5.76752581E+000  4.97115963E+002  2.68393181E-002  7.27574486E-002
   5.37903081E+21  7.78078026E+000  5.80468933E+000  4.97097332E+002  2.20993826E-002  7.75597874E-002
   5.43749852E+21  7.76523340E+000  5.82132282E+000  4.97088989E+002  2.00584893E-002  7.96244799E-002
   5.48134929E+21  7.75704807E+000  5.83113888E+000  4.97084061E+002  1.86562115E-002  8.10421147E-002
   5.51423737E+21  7.75269457E+000  5.83749694E+000  4.97080867E+002  1.76735496E-002  8.20350627E-002
   5.56356949E+21  7.74866481E+000  5.84511701E+000  4.97077034E+002  1.63040476E-002  8.34182604E-002
   5.61290160E+21  7.74743507E+000  5.85175208E+000  4.97073692E+002  1.50502366E-002  8.46839933E-002
   5.70897938E+21  7.75684683E+000  5.85193864E+000  4.97073552E+002  1.29053533E-002  8.68479220E-002
   5.80505715E+21  7.79333627E+000  5.85053007E+000  4.97074207E+002  1.10974989E-002  8.86706288E-002
   5.90113490E+21  7.83216450E+000  5.84540638E+000  4.97076719E+002  9.57627776E-003  9.02036635E-002
   5.99721265E+21  7.87263453E+000  5.83848339E+000  4.97080130E+002  8.29237692E-003  9.14971382E-002
   6.09329039E+21  7.91435129E+000  5.83012222E+000  4.97084259E+002  7.20459897E-003  9.25928187E-002
   6.18936812E+21  7.96017704E+000  5.81974811E+000  4.97089395E+002  6.27880115E-003  9.35252541E-002
   6.28544584E+21  8.00709053E+000  5.80800403E+000  4.97095214E+002  5.48758424E-003  9.43221424E-002
   6.38152354E+21  8.05406722E+000  5.79549469E+000  4.97101416E+002  4.80853557E-003  9.50061116E-002
   6.47760124E+21  8.10107795E+000  5.78241207E+000  4.97107904E+002  4.22341615E-003  9.55955590E-002
   6.57367893E+21  8.14808259E+000  5.76884081E+000  4.97114636E+002  3.71742038E-003  9.61054081E-002
   6.66975661E+21  8.19502765E+000  5.75484680E+000  4.97121579E+002  3.27849280E-003  9.65478027E-002
   6.76583427E+21  8.24184632E+000  5.74048189E+000  4.97128706E+002  2.89673889E-003  9.69327037E-002
   6.86191193E+21  8.28845956E+000  5.72578428E+000  4.97136000E+002  2.56398179E-003  9.72683377E-002
   6.95798957E+21  8.33477780E+000  5.71077908E+000  4.97143447E+002  2.27341256E-003  9.75615507E-002
   7.05406721E+21  8.38070315E+000  5.69547902E+000  4.97151040E+002  2.01931259E-003  9.78180879E-002
   7.15014483E+21  8.42613162E+000  5.67988557E+000  4.97158780E+002  1.79684102E-003  9.80428092E-002
   7.24622244E+21  8.47095546E+000  5.66399020E+000  4.97166671E+002  1.60186890E-003  9.82398561E-002
   7.34206817E+21  8.51495989E+000  5.64780599E+000  4.97174706E+002  1.43123925E-003  9.84123892E-002
   7.43791389E+21  8.55814583E+000  5.63128944E+000  4.97182908E+002  1.28141514E-003  9.85639549E-002
   7.53375960E+21  8.61106511E+000  5.61194291E+000  4.97192524E+002  1.15000054E-003  9.86969797E-002
   7.62960530E+21  8.66343071E+000  5.59128398E+000  4.97202797E+002  1.03446902E-003  9.88139640E-002
   7.72545099E+21  8.71434897E+000  5.57022308E+000  4.97213271E+002  9.32815365E-004  9.89169097E-002
   7.82129666E+21  8.76371357E+000  5.54883507E+000  4.97223910E+002  8.43299905E-004  9.90075548E-002
   7.91714233E+21  8.81143003E+000  5.52709570E+000  4.97234726E+002  7.64405005E-004  9.90874161E-002
   8.01298798E+21  8.85742005E+000  5.50497693E+000  4.97245733E+002  6.94807332E-004  9.91578170E-002
   8.10883363E+21  8.90162323E+000  5.48245414E+000  4.97256944E+002  6.33353339E-004  9.92199125E-002
   8.20467926E+21  8.94399812E+000  5.45950827E+000  4.97268369E+002  5.79037715E-004  9.92747110E-002
   8.30052489E+21  8.98452290E+000  5.43612775E+000  4.97280014E+002  5.30984387E-004  9.93230936E-002
   8.39637051E+21  9.02319581E+000  5.41231033E+000  4.97291879E+002  4.88430027E-004  9.93658303E-002
   8.49221612E+21  9.06003500E+000  5.38806470E+000  4.97303962E+002  4.50709517E-004  9.94035947E-002
   8.58806172E+21  9.09507799E+000  5.36341189E+000  4.97316252E+002  4.17243206E-004  9.94369766E-002
   8.68390732E+21  9.12838058E+000  5.33838622E+000  4.97328732E+002  3.87525699E-004  9.94664928E-002
   8.77975291E+21  9.16001526E+000  5.31303584E+000  4.97341377E+002  3.61116057E-004  9.94925967E-002
   8.87559849E+21  9.19006917E+000  5.28742259E+000  4.97354157E+002  3.37629236E-004  9.95156866E-002
   8.97144407E+21  9.21864169E+000  5.26162132E+000  4.97367035E+002  3.16728617E-004  9.95361124E-002
   9.06728965E+21  9.24584167E+000  5.23571846E+000  4.97379967E+002  2.98119503E-004  9.95541822E-002
   9.16313522E+21  9.27178453E+000  5.20981004E+000  4.97392904E+002  2.81543463E-004  9.95701674E-002
   9.25898079E+21  9.29658930E+000  5.18399909E+000  4.97405797E+002  2.66773449E-004  9.95843070E-002
   9.35482636E+21  9.32037571E+000  5.15839269E+000  4.97418589E+002  2.53609570E-004  9.95968124E-002
   9.44837433E+21  9.34272287E+000  5.13363294E+000  4.97430962E+002  2.42141058E-004  9.96076207E-002
   9.54192230E+21  9.36431681E+000  5.10933461E+000  4.97443105E+002  2.31889477E-004  9.96172035E-002
   9.63547027E+21  9.38525821E+000  5.08552940E+000  4.97455005E+002  2.22725587E-004  9.96256975E-002
   9.72901824E+21  9.40563909E+000  5.06229969E+000  4.97466618E+002  2.14534437E-004  9.96332239E-002
   9.82256621E+21  9.42554343E+000  5.03972201E+000  4.97477906E+002  2.07213502E-004  9.96398909E-002
   9.91611418E+21  9.44504609E+000  5.01786227E+000  4.97488837E+002  2.00671191E-004  9.96457946E-002
   1.00096622E+22  9.46421262E+000  4.99677459E+000  4.97499383E+002  1.94825591E-004  9.96510207E-002
   1.01032101E+22  9.48309913E+000  4.97650084E+000  4.97509522E+002  1.89603381E-004  9.96556456E-002
   1.01967581E+22  9.50175260E+000  4.95707071E+000  4.97519241E+002  1.84938897E-004  9.96597374E-002
   1.02903061E+22  9.52021135E+000  4.93850217E+000  4.97528529E+002  1.80773320E-004  9.96633566E-002
   1.03838540E+22  9.53850564E+000  4.92080234E+000  4.97537382E+002  1.77053958E-004  9.96665573E-002
   1.04774020E+22  9.55665854E+000  4.90396848E+000  4.97545803E+002  1.73733614E-004  9.96693873E-002
   1.05709500E+22  9.57468665E+000  4.88798929E+000  4.97553797E+002  1.70770028E-004  9.96718895E-002
   1.06644980E+22  9.59260102E+000  4.87284615E+000  4.97561373E+002  1.68125369E-004  9.96741015E-002
   1.07580459E+22  9.61040797E+000  4.85851450E+000  4.97568542E+002  1.65765784E-004  9.96760570E-002
   1.08515939E+22  9.62810988E+000  4.84496503E+000  4.97575321E+002  1.63660992E-004  9.96777856E-002
   1.09451419E+22  9.64570593E+000  4.83216494E+000  4.97581724E+002  1.61783913E-004  9.96793136E-002
   1.10386899E+22  9.66319280E+000  4.82007892E+000  4.97587771E+002  1.60110341E-004  9.96806644E-002
   1.11322378E+22  9.68056525E+000  4.80867016E+000  4.97593478E+002  1.58618639E-004  9.96818584E-002
   1.12257858E+22  9.69781664E+000  4.79790111E+000  4.97598865E+002  1.57289473E-004  9.96829138E-002
   1.13193338E+22  9.71493935E+000  4.78773416E+000  4.97603951E+002  1.56105568E-004  9.96838466E-002
   1.14128818E+22  9.73192521E+000  4.77813220E+000  4.97608755E+002  1.55051487E-004  9.96846709E-002
   1.15064298E+22  9.74876575E+000  4.76905903E+000  4.97613293E+002  1.54113439E-004  9.96853991E-002
   1.15999777E+22  9.76545248E+000  4.76047970E+000  4.97617585E+002  1.53279102E-004  9.96860424E-002
   1.16935257E+22  9.78197705E+000  4.75236077E+000  4.97621646E+002  1.52537463E-004  9.96866105E-002
   1.17870737E+22  9.79833144E+000  4.74467044E+000  4.97625492E+002  1.51878680E-004  9.96871118E-002
   1.18806217E+22  9.81450805E+000  4.73737870E+000  4.97629139E+002  1.51293956E-004  9.96875541E-002
   1.19741697E+22  9.83050639E+000  4.73045595E+000  4.97632602E+002  1.50775461E-004  9.96879439E-002
   1.20677176E+22  9.84631647E+000  4.72387611E+000  4.97635892E+002  1.50316143E-004  9.96882872E-002
   1.21612656E+22  9.86192875E+000  4.71761553E+000  4.97639023E+002  1.49909695E-004  9.96885893E-002
   1.22548136E+22  9.87733778E+000  4.71165163E+000  4.97642006E+002  1.49550492E-004  9.96888549E-002
   1.23483616E+22  9.89253875E+000  4.70596331E+000  4.97644850E+002  1.49233500E-004  9.96890879E-002
   1.24419096E+22  9.90752738E+000  4.70053106E+000  4.97647567E+002  1.48954215E-004  9.96892922E-002
   1.25354575E+22  9.92229998E+000  4.69533691E+000  4.97650164E+002  1.48708606E-004  9.96894708E-002
   1.26290055E+22  9.93685336E+000  4.69036435E+000  4.97652650E+002  1.48493064E-004  9.96896268E-002
   1.27225535E+22  9.95118484E+000  4.68559820E+000  4.97655034E+002  1.48304358E-004  9.96897626E-002
   1.28161015E+22  9.96529220E+000  4.68102453E+000  4.97657320E+002  1.48139595E-004  9.96898805E-002
   1.29096495E+22  9.97917366E+000  4.67663060E+000  4.97659517E+002  1.47996184E-004  9.96899825E-002
   1.30031975E+22  9.99282781E+000  4.67240475E+000  4.97661630E+002  1.47871804E-004  9.96900704E-002
   1.30967454E+22  1.00062536E+001  4.66833629E+000  4.97663664E+002  1.47764376E-004  9.96901459E-002
   1.31918790E+22  1.00197139E+001  4.66435825E+000  4.97665652E+002  1.47670807E-004  9.96902111E-002
   1.32870125E+22  1.00329876E+001  4.66049818E+000  4.97667582E+002  1.47591300E-004  9.96902660E-002
   1.33821461E+22  1.00460232E+001  4.65676910E+000  4.97669446E+002  1.47524068E-004  9.96903121E-002
   1.34772796E+22  1.00588214E+001  4.65316689E+000  4.97671247E+002  1.47467716E-004  9.96903502E-002
   1.35724131E+22  1.00713813E+001  4.64968483E+000  4.97672988E+002  1.47420986E-004  9.96903814E-002
   1.36675467E+22  1.00837036E+001  4.64631649E+000  4.97674671E+002  1.47382755E-004  9.96904064E-002
   1.37626802E+22  1.00957912E+001  4.64305556E+000  4.97676301E+002  1.47352032E-004  9.96904261E-002
   1.38578138E+22  1.01076421E+001  4.63989698E+000  4.97677880E+002  1.47327906E-004  9.96904411E-002
   1.39529473E+22  1.01192617E+001  4.63683525E+000  4.97679410E+002  1.47309594E-004  9.96904520E-002
   1.40480808E+22  1.01306485E+001  4.63386602E+000  4.97680894E+002  1.47296368E-004  9.96904593E-002
   1.41432144E+22  1.01418024E+001  4.63098553E+000  4.97682334E+002  1.47287579E-004  9.96904634E-002
   1.42383479E+22  1.01527244E+001  4.62819012E+000  4.97683731E+002  1.47282654E-004  9.96904649E-002
   1.43334815E+22  1.01634161E+001  4.62547633E+000  4.97685088E+002  1.47281081E-004  9.96904640E-002
   1.44286150E+22  1.01738786E+001  4.62284100E+000  4.97686405E+002  1.47282402E-004  9.96904611E-002
   1.45237485E+22  1.01841135E+001  4.62028122E+000  4.97687684E+002  1.47286207E-004  9.96904565E-002
   1.46188821E+22  1.01941222E+001  4.61779434E+000  4.97688927E+002  1.47292131E-004  9.96904504E-002
   1.47140156E+22  1.02039061E+001  4.61537791E+000  4.97690135E+002  1.47299847E-004  9.96904432E-002
   1.48091491E+22  1.02134668E+001  4.61302969E+000  4.97691308E+002  1.47309065E-004  9.96904349E-002
   1.49042827E+22  1.02228056E+001  4.61074761E+000  4.97692449E+002  1.47319525E-004  9.96904259E-002
   1.49994162E+22  1.02319241E+001  4.60852978E+000  4.97693557E+002  1.47330994E-004  9.96904161E-002
   1.50945498E+22  1.02408236E+001  4.60637443E+000  4.97694634E+002  1.47343266E-004  9.96904059E-002
   1.51896833E+22  1.02495058E+001  4.60427995E+000  4.97695681E+002  1.47356157E-004  9.96903954E-002
   1.52848168E+22  1.02579719E+001  4.60224486E+000  4.97696698E+002  1.47369504E-004  9.96903845E-002
   1.53799504E+22  1.02662234E+001  4.60026776E+000  4.97697686E+002  1.47383162E-004  9.96903736E-002
   1.54750839E+22  1.02742617E+001  4.59834740E+000  4.97698646E+002  1.47396999E-004  9.96903625E-002
   1.55702175E+22  1.02820882E+001  4.59648258E+000  4.97699577E+002  1.47410902E-004  9.96903515E-002
   1.56653510E+22  1.02897041E+001  4.59467222E+000  4.97700482E+002  1.47424770E-004  9.96903406E-002
   1.57604845E+22  1.02971108E+001  4.59291530E+000  4.97701360E+002  1.47438510E-004  9.96903299E-002
   1.58556181E+22  1.03043095E+001  4.59121089E+000  4.97702212E+002  1.47452045E-004  9.96903193E-002
   1.59507516E+22  1.03113014E+001  4.58955811E+000  4.97703038E+002  1.47465304E-004  9.96903091E-002
   1.60458851E+22  1.03180877E+001  4.58795615E+000  4.97703838E+002  1.47478224E-004  9.96902991E-002
   1.61410187E+22  1.03258207E+001  4.58621731E+000  4.97704707E+002  1.47495929E-004  9.96902856E-002
   1.62361522E+22  1.03330479E+001  4.58451293E+000  4.97705559E+002  1.47511743E-004  9.96902734E-002
   1.63312858E+22  1.03400531E+001  4.58287388E+000  4.97706378E+002  1.47526997E-004  9.96902617E-002
   1.64264193E+22  1.03468398E+001  4.58128798E+000  4.97707170E+002  1.47541653E-004  9.96902505E-002
   1.65215528E+22  1.03534085E+001  4.57975389E+000  4.97707937E+002  1.47555678E-004  9.96902399E-002
   1.66166864E+22  1.03597600E+001  4.57827109E+000  4.97708678E+002  1.47569043E-004  9.96902297E-002
   1.67118199E+22  1.03658947E+001  4.57683913E+000  4.97709394E+002  1.47581724E-004  9.96902202E-002
   1.68069534E+22  1.03718133E+001  4.57545760E+000  4.97710084E+002  1.47593699E-004  9.96902112E-002
   1.69020870E+22  1.03775164E+001  4.57412611E+000  4.97710749E+002  1.47604951E-004  9.96902027E-002
   1.69972205E+22  1.03830044E+001  4.57284430E+000  4.97711390E+002  1.47615465E-004  9.96901949E-002
   1.70923541E+22  1.03882780E+001  4.57161183E+000  4.97712006E+002  1.47625229E-004  9.96901877E-002
   1.71874876E+22  1.03933377E+001  4.57042838E+000  4.97712597E+002  1.47634233E-004  9.96901811E-002
   1.72826211E+22  1.03981839E+001  4.56929367E+000  4.97713164E+002  1.47642468E-004  9.96901751E-002
   1.73777547E+22  1.04028172E+001  4.56820743E+000  4.97713707E+002  1.47649928E-004  9.96901697E-002
   1.74728882E+22  1.04072379E+001  4.56716939E+000  4.97714226E+002  1.47656609E-004  9.96901650E-002
   1.75680217E+22  1.04114465E+001  4.56617933E+000  4.97714720E+002  1.47662508E-004  9.96901609E-002
   1.76631553E+22  1.04154435E+001  4.56523702E+000  4.97715191E+002  1.47667622E-004  9.96901574E-002
   1.77582888E+22  1.04192293E+001  4.56434227E+000  4.97715638E+002  1.47671951E-004  9.96901546E-002
   1.78534223E+22  1.04228041E+001  4.56349488E+000  4.97716062E+002  1.47675495E-004  9.96901524E-002
   1.79485559E+22  1.04261684E+001  4.56269469E+000  4.97716461E+002  1.47678256E-004  9.96901508E-002
   1.80436894E+22  1.04293226E+001  4.56194152E+000  4.97716838E+002  1.47680234E-004  9.96901499E-002
   1.81388229E+22  1.04322668E+001  4.56123525E+000  4.97717191E+002  1.47681434E-004  9.96901496E-002
   1.82339565E+22  1.04350017E+001  4.56057571E+000  4.97717520E+002  1.47681858E-004  9.96901499E-002
   1.83290900E+22  1.04375273E+001  4.55996279E+000  4.97717827E+002  1.47681511E-004  9.96901509E-002
   1.84242236E+22  1.04398439E+001  4.55939640E+000  4.97718110E+002  1.47680395E-004  9.96901524E-002
   1.85193571E+22  1.04419518E+001  4.55887644E+000  4.97718369E+002  1.47678516E-004  9.96901546E-002
   1.86144906E+22  1.04438510E+001  4.55840282E+000  4.97718606E+002  1.47675879E-004  9.96901574E-002
   1.87096242E+22  1.04455420E+001  4.55797548E+000  4.97718819E+002  1.47672488E-004  9.96901608E-002
   1.88047577E+22  1.04470247E+001  4.55759435E+000  4.97719010E+002  1.47668350E-004  9.96901649E-002
   1.88998912E+22  1.04482995E+001  4.55725937E+000  4.97719177E+002  1.47663470E-004  9.96901695E-002
   1.89950248E+22  1.04493664E+001  4.55697051E+000  4.97719322E+002  1.47657854E-004  9.96901747E-002
   1.90901583E+22  1.04502255E+001  4.55672772E+000  4.97719443E+002  1.47651507E-004  9.96901805E-002
   1.91852918E+22  1.04508771E+001  4.55653099E+000  4.97719541E+002  1.47644437E-004  9.96901869E-002
   1.92804254E+22  1.04513212E+001  4.55638026E+000  4.97719616E+002  1.47636649E-004  9.96901939E-002
   1.93755589E+22  1.04515582E+001  4.55627553E+000  4.97719669E+002  1.47628151E-004  9.96902014E-002
   1.94706925E+22  1.04515877E+001  4.55621682E+000  4.97719698E+002  1.47618947E-004  9.96902095E-002
   1.95658260E+22  1.04491510E+001  4.56285763E+000  4.97716378E+002  1.47617289E-004  9.96902187E-002
   1.96609595E+22  1.04510459E+001  4.55673668E+000  4.97719438E+002  1.47599462E-004  9.96902272E-002
   1.97560931E+22  1.04510321E+001  4.56300115E+000  4.97716306E+002  1.47595426E-004  9.96902377E-002
   1.98512266E+22  1.04502567E+001  4.56346876E+000  4.97716072E+002  1.47584289E-004  9.96902478E-002
   1.99463601E+22  1.04492448E+001  4.56366092E+000  4.97715976E+002  1.47571669E-004  9.96902587E-002
   2.00414937E+22  1.04480238E+001  4.56388165E+000  4.97715866E+002  1.47558335E-004  9.96902701E-002
