     NH               Temp.Gaz         Ab..h            Ab..h2           Ab..c            Ab..co        
   8.14603133E+14  1.27000956E+003  3.15996702E+005  8.81796783E-001  1.40686049E-003  3.91263928E-007
   1.15202280E+15  1.27004136E+003  3.15996702E+005  8.81800291E-001  1.40685087E-003  3.91265126E-007
   1.62920627E+15  1.27004288E+003  3.15996702E+005  8.81804075E-001  1.40685842E-003  3.91269111E-007
   2.44380940E+15  1.27004570E+003  3.15996702E+005  8.81810761E-001  1.40687168E-003  3.91275987E-007
   3.15494437E+15  1.27004815E+003  3.15996702E+005  8.81816592E-001  1.40688325E-003  3.91281988E-007
   4.07301566E+15  1.27005132E+003  3.15996702E+005  8.81824124E-001  1.40689819E-003  3.91289737E-007
   5.70222193E+15  1.27005695E+003  3.15996702E+005  8.81837496E-001  1.40692471E-003  3.91303489E-007
   8.14603133E+15  1.27006539E+003  3.15996702E+005  8.81857550E-001  1.40696448E-003  3.91324116E-007
   1.15202280E+16  1.27007704E+003  3.15996702E+005  8.81885235E-001  1.40701938E-003  3.91352596E-007
   1.62920626E+16  1.27009351E+003  3.15996701E+005  8.81924389E-001  1.40709703E-003  3.91392874E-007
   2.44380940E+16  1.27012165E+003  3.15996701E+005  8.81991240E-001  1.40722961E-003  3.91461639E-007
   3.15494437E+16  1.27014616E+003  3.15996701E+005  8.82049540E-001  1.40734524E-003  3.91521652E-007
   4.07301566E+16  1.27017784E+003  3.15996701E+005  8.82124852E-001  1.40749459E-003  3.91599148E-007
   5.70222193E+16  1.27023409E+003  3.15996701E+005  8.82258531E-001  1.40775966E-003  3.91736691E-007
   8.14603132E+16  1.27031843E+003  3.15996700E+005  8.82459007E-001  1.40815719E-003  3.91943016E-007
   1.15202280E+17  1.27043481E+003  3.15996699E+005  8.82735738E-001  1.40870588E-003  3.92227916E-007
   1.62920626E+17  1.27056836E+003  3.15996698E+005  8.83126126E-001  1.40949663E-003  3.92632511E-007
   2.44380939E+17  1.27079841E+003  3.15996697E+005  8.83682105E-001  1.41061267E-003  3.93278168E-007
   3.15494436E+17  1.27104288E+003  3.15996695E+005  8.84264364E-001  1.41176676E-003  3.93878865E-007
   4.07301565E+17  1.27135855E+003  3.15996693E+005  8.85015986E-001  1.41325614E-003  3.94654689E-007
   5.70222190E+17  1.27191821E+003  3.15996690E+005  8.86349513E-001  1.41589753E-003  3.96032338E-007
   8.14603128E+17  1.27275528E+003  3.15996685E+005  8.88347532E-001  1.41985284E-003  3.98100340E-007
   1.15202279E+18  1.27390585E+003  3.15996678E+005  8.91102301E-001  1.42530175E-003  4.00958758E-007
   1.62920624E+18  1.27541890E+003  3.15996667E+005  8.95009966E-001  1.43303714E-003  4.05017249E-007
   2.44380935E+18  1.27817717E+003  3.15996650E+005  9.01660928E-001  1.44609161E-003  4.11959446E-007
   3.15494429E+18  1.28055992E+003  3.15996635E+005  9.07463828E-001  1.45741560E-003  4.18045517E-007
   4.07301553E+18  1.28362092E+003  3.15996616E+005  9.14947268E-001  1.47195383E-003  4.25934879E-007
   5.70222168E+18  1.28899304E+003  3.15996582E+005  9.28179543E-001  1.49752019E-003  4.40014191E-007
   8.14603082E+18  1.29689360E+003  3.15996531E+005  9.47889390E-001  1.53530194E-003  4.61309815E-007
   1.15202270E+19  1.30751680E+003  3.15996462E+005  9.74836971E-001  1.58641615E-003  4.91056244E-007
   1.62920607E+19  1.32204461E+003  3.15996368E+005  1.01247172E+000  1.65682328E-003  5.33820011E-007
   2.44380898E+19  1.34569085E+003  3.15996212E+005  1.07556314E+000  1.77248583E-003  6.08826226E-007
   3.15494369E+19  1.36547647E+003  3.15996080E+005  1.13035935E+000  1.87067151E-003  6.76965492E-007
   4.07301459E+19  1.39001216E+003  3.15995914E+005  1.20056532E+000  1.99385389E-003  7.68977408E-007
   5.70221998E+19  1.43224653E+003  3.15995620E+005  1.32786359E+000  2.21024564E-003  9.47491298E-007
   6.92412389E+19  1.46330773E+003  3.15995397E+005  1.42701129E+000  2.37310043E-003  1.09703923E-006
   8.14602772E+19  1.49461777E+003  3.15995165E+005  1.53147895E+000  2.53911170E-003  1.26326184E-006
   9.83312471E+19  1.53898348E+003  3.15994825E+005  1.68744261E+000  2.77576766E-003  1.52578883E-006
   1.15202215E+20  1.58519741E+003  3.15994452E+005  1.86061306E+000  3.02241521E-003  1.83448709E-006
   1.27131791E+20  1.61954683E+003  3.15994162E+005  1.99645622E+000  3.20375975E-003  2.08652871E-006
   1.39061365E+20  1.65549841E+003  3.15993846E+005  2.14577790E+000  3.39112826E-003  2.37170845E-006
   1.50990939E+20  1.69333893E+003  3.15993496E+005  2.31140355E+000  3.58488515E-003  2.69582835E-006
   1.62920513E+20  1.73328923E+003  3.15993107E+005  2.49670991E+000  3.78534368E-003  3.06605135E-006
   1.83285566E+20  1.80687527E+003  3.15992325E+005  2.87104276E+000  4.14421112E-003  3.83172860E-006
   1.98559355E+20  1.86663174E+003  3.15991611E+005  3.21417464E+000  4.42883848E-003  4.54986081E-006
   2.10014696E+20  1.91376758E+003  3.15990984E+005  3.51626968E+000  4.65223566E-003  5.19440819E-006
   2.21470036E+20  1.96269298E+003  3.15990258E+005  3.86599096E+000  4.88587295E-003  5.95398405E-006
   2.32925374E+20  2.01283742E+003  3.15989415E+005  4.27234103E+000  5.13157314E-003  6.85641925E-006
   2.44380712E+20  2.06352710E+003  3.15988432E+005  4.74590710E+000  5.39180698E-003  7.93692664E-006
   2.62159054E+20  2.14133564E+003  3.15986568E+005  5.64414284E+000  5.83223456E-003  1.00724568E-005
   2.75492807E+20  2.19794723E+003  3.15984841E+005  6.47531281E+000  6.19815771E-003  1.21568560E-005
   2.88826558E+20  2.25183946E+003  3.15982760E+005  7.47644666E+000  6.60373525E-003  1.47928056E-005
   3.02160305E+20  2.30242481E+003  3.15980248E+005  8.68358605E+000  7.05750782E-003  1.81467048E-005
   3.15494047E+20  2.34894709E+003  3.15977216E+005  1.01404779E+001  7.57026123E-003  2.24295845E-005
   3.26969901E+20  2.38547353E+003  3.15974117E+005  1.16287668E+001  8.06734778E-003  2.70641841E-005
   3.38445750E+20  2.41917530E+003  3.15970455E+005  1.33882847E+001  8.62795973E-003  3.28255626E-005
   3.47052633E+20  2.44244075E+003  3.15967299E+005  1.49046455E+001  9.09574921E-003  3.80365996E-005
   3.55659513E+20  2.46368336E+003  3.15963751E+005  1.66107452E+001  9.60972182E-003  4.41541440E-005
   3.68569824E+20  2.49300538E+003  3.15957537E+005  1.96008326E+001  1.04835957E-002  5.54370324E-005
   3.81480126E+20  2.51773471E+003  3.15950135E+005  2.31661276E+001  1.14997219E-002  6.97980393E-005
   3.94390416E+20  2.53881288E+003  3.15941244E+005  2.74556565E+001  1.26919698E-002  8.81446712E-005
   4.07300692E+20  2.55589015E+003  3.15930594E+005  3.26027842E+001  1.40960080E-002  1.11537453E-004
   4.17483140E+20  2.56591844E+003  3.15920720E+005  3.73830830E+001  1.53819708E-002  1.34423049E-004
   4.27665577E+20  2.57322426E+003  3.15909263E+005  4.29391288E+001  1.68575308E-002  1.62175982E-004
   4.39545073E+20  2.57833595E+003  3.15893555E+005  5.05711755E+001  1.88623231E-002  2.02099251E-004
   4.51424551E+20  2.57952653E+003  3.15874757E+005  5.97241650E+001  2.12375580E-002  2.52197664E-004
   4.58849215E+20  2.57799876E+003  3.15861174E+005  6.63492392E+001  2.29431274E-002  2.89778548E-004
   4.66273871E+20  2.57501224E+003  3.15845958E+005  7.37807499E+001  2.48466421E-002  3.33105848E-004
   4.73698519E+20  2.57015700E+003  3.15828816E+005  8.21644581E+001  2.69787228E-002  3.83161787E-004
   4.81123157E+20  2.56353759E+003  3.15809442E+005  9.16527067E+001  2.93751654E-002  4.41122408E-004
   4.92260097E+20  2.55014630E+003  3.15775318E+005  1.08391453E+002  3.35647671E-002  5.46116843E-004
   4.97828558E+20  2.54183074E+003  3.15755564E+005  1.18095815E+002  3.59715102E-002  6.08235882E-004
   5.03397012E+20  2.53212533E+003  3.15733602E+005  1.28895343E+002  3.86293216E-002  6.78142772E-004
   5.11749682E+20  2.51498562E+003  3.15695809E+005  1.47501390E+002  4.31633432E-002  8.00124739E-004
   5.20102335E+20  2.49476940E+003  3.15650991E+005  1.69597613E+002  4.84797110E-002  9.46807761E-004
   5.26366814E+20  2.47726147E+003  3.15611553E+005  1.89064670E+002  5.30978962E-002  1.07683407E-003
   5.32631283E+20  2.45738381E+003  3.15565888E+005  2.11628124E+002  5.83815092E-002  1.22797300E-003
   5.38895741E+20  2.43513843E+003  3.15512795E+005  2.37888441E+002  6.44459989E-002  1.40402528E-003
   5.45160187E+20  2.41022947E+003  3.15450286E+005  2.68836276E+002  7.14757431E-002  1.61075767E-003
   5.51424620E+20  2.38232048E+003  3.15376110E+005  3.05595842E+002  7.96816866E-002  1.85480007E-003
   5.57689040E+20  2.35083520E+003  3.15286536E+005  3.50029049E+002  8.93822053E-002  2.14588724E-003
   5.63953445E+20  2.31510953E+003  3.15176594E+005  4.04617463E+002  1.01001677E-001  2.49673843E-003
   5.70217834E+20  2.27447233E+003  3.15039328E+005  4.72836834E+002  1.15106994E-001  2.92396379E-003
   5.75308881E+20  2.23708345E+003  3.14900336E+005  5.41971848E+002  1.28963981E-001  3.34337653E-003
   5.80399916E+20  2.19573174E+003  3.14727147E+005  6.28181327E+002  1.45681171E-001  3.84695196E-003
   5.84218184E+20  2.16039687E+003  3.14567598E+005  7.07650999E+002  1.60625648E-001  4.29356613E-003
   5.88036444E+20  2.12162999E+003  3.14373255E+005  8.04503006E+002  1.78280844E-001  4.81539146E-003
   5.91854696E+20  2.07863411E+003  3.14133336E+005  9.24132301E+002  1.99342913E-001  5.42839519E-003
   5.95672941E+20  2.02948572E+003  3.13830467E+005  1.07522849E+003  2.24908352E-001  6.15648990E-003
   5.99491177E+20  1.97553824E+003  3.13442722E+005  1.26876333E+003  2.56298759E-001  7.02498599E-003
   6.03309405E+20  1.91576360E+003  3.12935161E+005  1.52222181E+003  2.95472412E-001  8.06759873E-003
   6.07127626E+20  1.84797061E+003  3.12255523E+005  1.86175828E+003  3.45128729E-001  9.32277291E-003
   6.10945841E+20  1.77383499E+003  3.11339363E+005  2.31963451E+003  4.08109750E-001  1.08140807E-002
   6.14127684E+20  1.70818178E+003  3.10341419E+005  2.81853175E+003  4.72576508E-001  1.22357015E-002
   6.17309526E+20  1.64050912E+003  3.09083584E+005  3.44748972E+003  5.48722764E-001  1.37967161E-002
   6.20491371E+20  1.57381254E+003  3.07556293E+005  4.21130676E+003  6.34691799E-001  1.54327436E-002
   6.23673221E+20  1.51040438E+003  3.05774463E+005  5.10251379E+003  7.27341956E-001  1.70771870E-002
   6.26855077E+20  1.45269859E+003  3.03801461E+005  6.08939769E+003  8.21714010E-001  1.86585445E-002
   6.30036941E+20  1.40188938E+003  3.01728183E+005  7.12646287E+003  9.13521234E-001  2.01375925E-002
   6.33218815E+20  1.35801088E+003  2.99616612E+005  8.18269077E+003  9.99867956E-001  2.14919181E-002
   6.36400696E+20  1.32055103E+003  2.97533753E+005  9.22454900E+003  1.07966807E+000  2.27321692E-002
   6.41969010E+20  1.26690304E+003  2.93982764E+005  1.10007408E+004  1.20529446E+000  2.46848522E-002
   6.47537345E+20  1.22632862E+003  2.90769693E+005  1.26078459E+004  1.31602404E+000  2.64758676E-002
   6.53105699E+20  1.19414702E+003  2.87782589E+005  1.41018862E+004  1.41624098E+000  2.81504086E-002
   6.58674070E+20  1.16782521E+003  2.84988618E+005  1.54992886E+004  1.51060149E+000  2.97839502E-002
   6.65170519E+20  1.14194682E+003  2.81888924E+005  1.70495567E+004  1.61634683E+000  3.16702598E-002
   6.71666984E+20  1.12006979E+003  2.78926497E+005  1.85311332E+004  1.72055322E+000  3.35836028E-002
   6.78163463E+20  1.10094683E+003  2.76081690E+005  1.99538577E+004  1.82241599E+000  3.54983206E-002
   6.84659955E+20  1.08394997E+003  2.73311312E+005  2.13393327E+004  1.92434029E+000  3.74507093E-002
   6.90073707E+20  1.07110778E+003  2.71055958E+005  2.24672255E+004  2.00943447E+000  3.91062988E-002
   6.95487465E+20  1.05918123E+003  2.68825316E+005  2.35827453E+004  2.09537970E+000  4.07969529E-002
   7.00901231E+20  1.04805014E+003  2.66620752E+005  2.46852115E+004  2.18208490E+000  4.25203585E-002
   7.06315002E+20  1.03758266E+003  2.64429606E+005  2.57809561E+004  2.27008146E+000  4.42846448E-002
   7.13082224E+20  1.02530168E+003  2.61728129E+005  2.71318926E+004  2.38047892E+000  4.65215364E-002
   7.19849455E+20  1.01384067E+003  2.59052865E+005  2.84697064E+004  2.49277167E+000  4.88200761E-002
   7.26616693E+20  1.00306402E+003  2.56403267E+005  2.97946729E+004  2.60663489E+000  5.11736140E-002
   7.33383937E+20  9.92859374E+002  2.53769127E+005  3.11118978E+004  2.72244770E+000  5.35887143E-002
   7.38459375E+20  9.85658984E+002  2.51838594E+005  3.20772724E+004  2.80948603E+000  5.54240791E-002
   7.43534816E+20  9.78615001E+002  2.49891982E+005  3.30506816E+004  2.89804845E+000  5.72981691E-002
   7.48610261E+20  9.71818290E+002  2.47958339E+005  3.40176001E+004  2.98743232E+000  5.92027287E-002
   7.53685708E+20  9.65240757E+002  2.46033303E+005  3.49802106E+004  3.07778360E+000  6.11403237E-002
   7.61298885E+20  9.55647324E+002  2.43140404E+005  3.64267910E+004  3.21518552E+000  6.41055626E-002
   7.68912068E+20  9.46573347E+002  2.40296041E+005  3.78490927E+004  3.35405445E+000  6.71373056E-002
   7.74621958E+20  9.40077287E+002  2.38191164E+005  3.89016148E+004  3.45948278E+000  6.94627493E-002
   7.80331852E+20  9.33688889E+002  2.36077477E+005  3.99585385E+004  3.56611798E+000  7.18265802E-002
   7.88896697E+20  9.24324774E+002  2.32897624E+005  4.15485777E+004  3.72833758E+000  7.54481702E-002
   7.97461549E+20  9.15397207E+002  2.29761354E+005  4.31168160E+004  3.89244219E+000  7.91566227E-002
   8.06026406E+20  9.06756441E+002  2.26634950E+005  4.46801141E+004  4.05889213E+000  8.29566436E-002
   8.14591268E+20  8.98371370E+002  2.23517590E+005  4.62388833E+004  4.22748307E+000  8.68449536E-002
   8.25135532E+20  8.88314998E+002  2.19675446E+005  4.81600565E+004  4.43794526E+000  9.17518139E-002
   8.35679802E+20  8.78570503E+002  2.15837904E+005  5.00789195E+004  4.65179692E+000  9.68025189E-002
   8.46977242E+20  8.68374974E+002  2.11719983E+005  5.21379714E+004  4.88261628E+000  1.02319281E-001
   8.58274688E+20  8.58392887E+002  2.07581166E+005  5.42074636E+004  5.11639420E+000  1.07980602E-001
   8.68765178E+20  8.49274671E+002  2.03714665E+005  5.61407857E+004  5.33546044E+000  1.13351926E-001
   8.79255673E+20  8.40237437E+002  1.99807438E+005  5.80944657E+004  5.55542386E+000  1.18800692E-001
   8.84938026E+20  8.35486274E+002  1.97709035E+005  5.91437008E+004  5.67478437E+000  1.21793285E-001
   8.90620381E+20  8.30620307E+002  1.95557167E+005  6.02196679E+004  5.79424467E+000  1.24791078E-001
   9.01985093E+20  8.20789336E+002  1.91166239E+005  6.24151954E+004  6.03272122E+000  1.30805605E-001
   9.12402750E+20  8.11878830E+002  1.87111422E+005  6.44426576E+004  6.25087125E+000  1.36372855E-001
   9.22820410E+20  8.02898905E+002  1.82972670E+005  6.65120847E+004  6.46683328E+000  1.41917504E-001
   9.28550125E+20  7.98009148E+002  1.80683337E+005  6.76567787E+004  6.58397627E+000  1.44943265E-001
   9.34279840E+20  7.92988472E+002  1.78335608E+005  6.88306696E+004  6.70034244E+000  1.47946308E-001
   9.40009557E+20  7.87932172E+002  1.75958095E+005  7.00194521E+004  6.81540650E+000  1.50920070E-001
   9.45739274E+20  7.82829285E+002  1.73547267E+005  7.12248912E+004  6.92891151E+000  1.53854459E-001
   9.50896021E+20  7.78212185E+002  1.71353249E+005  7.23219226E+004  7.02966137E+000  1.56460838E-001
   9.58631142E+20  7.71082629E+002  1.67966994E+005  7.40150835E+004  7.17671191E+000  1.60234502E-001
   9.66366265E+20  7.63916705E+002  1.64536174E+005  7.57305258E+004  7.32027671E+000  1.63917781E-001
   9.72167608E+20  7.58502302E+002  1.61928292E+005  7.70344905E+004  7.42503814E+000  1.66596808E-001
   9.77968952E+20  7.52944777E+002  1.59253228E+005  7.83720461E+004  7.52602560E+000  1.69145443E-001
   9.83407712E+20  7.47663138E+002  1.56703940E+005  7.96467121E+004  7.61744203E+000  1.71428786E-001
   9.88846474E+20  7.42281884E+002  1.54104988E+005  8.09462100E+004  7.70534087E+000  1.73591979E-001
   9.93945313E+20  7.37163010E+002  1.51628285E+005  8.21845822E+004  7.78424656E+000  1.75501941E-001
   9.99044154E+20  7.31947178E+002  1.49106031E+005  8.34457294E+004  7.85943593E+000  1.77282692E-001
   1.00541770E+21  7.25261525E+002  1.45877824E+005  8.50598585E+004  7.94728679E+000  1.79290366E-001
   1.01152569E+21  7.18753431E+002  1.42728807E+005  8.66343915E+004  8.02526298E+000  1.81001704E-001
   1.01737918E+21  7.12382852E+002  1.39649130E+005  8.81742537E+004  8.09354726E+000  1.82416163E-001
   1.02298878E+21  7.06150836E+002  1.36640206E+005  8.96787380E+004  8.15249211E+000  1.83544480E-001
   1.02836464E+21  7.00060584E+002  1.33704736E+005  9.11464948E+004  8.20257025E+000  1.84402600E-001
   1.03866838E+21  6.88244004E+002  1.28014754E+005  9.39915264E+004  8.28521513E+000  1.85621009E-001
   1.04575220E+21  6.79686819E+002  1.23963442E+005  9.60172107E+004  8.32327170E+000  1.85796987E-001
   1.05239328E+21  6.71574554E+002  1.20095147E+005  9.79513848E+004  8.34700569E+000  1.85568040E-001
   1.05861930E+21  6.63844439E+002  1.16423047E+005  9.97874601E+004  8.35841141E+000  1.85005244E-001
   1.06445619E+21  6.56502848E+002  1.12948253E+005  1.01524880E+005  8.35935134E+000  1.84173932E-001
   1.06992828E+21  6.49556377E+002  1.09672875E+005  1.03162590E+005  8.35167727E+000  1.83138392E-001
   1.08018844E+21  6.36385723E+002  1.03465138E+005  1.06266499E+005  8.31284853E+000  1.80487379E-001
   1.08916609E+21  6.24905505E+002  9.81223239E+004  1.08937939E+005  8.25973125E+000  1.77698926E-001
   1.09702153E+21  6.14976025E+002  9.35370267E+004  1.11230615E+005  8.20003276E+000  1.74979148E-001
   1.10389504E+21  6.06415383E+002  8.96092051E+004  1.13194549E+005  8.13845066E+000  1.72425491E-001
   1.11592369E+21  5.91812542E+002  8.29879342E+004  1.16505222E+005  8.01551784E+000  1.67787052E-001
   1.12494518E+21  5.81251341E+002  7.82111883E+004  1.18893621E+005  7.90696674E+000  1.64066296E-001
   1.13171130E+21  5.73684992E+002  7.48294158E+004  1.20584525E+005  7.82588185E+000  1.61444390E-001
   1.14186047E+21  5.62689344E+002  6.99581451E+004  1.23020186E+005  7.69604462E+000  1.57503092E-001
   1.15200965E+21  5.52343267E+002  6.54240343E+004  1.25287264E+005  7.56568349E+000  1.53822151E-001
   1.17369982E+21  5.31997362E+002  5.66535726E+004  1.29672536E+005  7.27826518E+000  1.46545804E-001
   1.19538999E+21  5.14277277E+002  4.92390714E+004  1.33379820E+005  7.00950878E+000  1.40732939E-001
   1.21708017E+21  4.98625420E+002  4.28995375E+004  1.36549614E+005  6.75425337E+000  1.36029784E-001
   1.23877035E+21  4.84699991E+002  3.74679542E+004  1.39265429E+005  6.51387461E+000  1.32303551E-001
   1.26046053E+21  4.72193248E+002  3.27985989E+004  1.41600125E+005  6.28811070E+000  1.29411252E-001
   1.28215072E+21  4.60869725E+002  2.88021688E+004  1.43598356E+005  6.08282267E+000  1.27356499E-001
   1.30384090E+21  4.50449660E+002  2.53075239E+004  1.45345692E+005  5.88321979E+000  1.25751299E-001
   1.31468600E+21  4.45546812E+002  2.37501600E+004  1.46124380E+005  5.79041696E+000  1.25180791E-001
   1.32553109E+21  4.40803700E+002  2.22850008E+004  1.46856966E+005  5.69844135E+000  1.24694459E-001
   1.34722128E+21  4.31761013E+002  1.96313666E+004  1.48183793E+005  5.52169034E+000  1.24016630E-001
   1.35806638E+21  4.27437922E+002  1.84481368E+004  1.48775413E+005  5.44066767E+000  1.23863932E-001
   1.36891147E+21  4.23223175E+002  1.73333617E+004  1.49332805E+005  5.36085398E+000  1.23774253E-001
   1.39060167E+21  4.15084078E+002  1.53035889E+004  1.50347700E+005  5.20720726E+000  1.23786500E-001
   1.41229186E+21  4.07264371E+002  1.35370595E+004  1.51230972E+005  5.06932673E+000  1.24134165E-001
   1.43398206E+21  3.99701675E+002  1.19876517E+004  1.52005683E+005  4.94455137E+000  1.24734846E-001
   1.45567225E+21  3.92344751E+002  1.06272951E+004  1.52685868E+005  4.83355229E+000  1.25561618E-001
   1.49905265E+21  3.78104740E+002  8.37344654E+003  1.53812804E+005  4.65350958E+000  1.27771678E-001
   1.54243304E+21  3.64298404E+002  6.63114551E+003  1.54683966E+005  4.53841310E+000  1.30680844E-001
   1.58581345E+21  3.50813921E+002  5.27046888E+003  1.55364314E+005  4.48879871E+000  1.34111824E-001
   1.60750365E+21  3.44159667E+002  4.70781469E+003  1.55645646E+005  4.49104919E+000  1.36018857E-001
   1.62919385E+21  3.37588109E+002  4.20383323E+003  1.55897641E+005  4.50839930E+000  1.37961179E-001
   1.66992409E+21  3.25456505E+002  3.39779557E+003  1.56300669E+005  4.58507065E+000  1.41632168E-001
   1.71065433E+21  3.13587571E+002  2.75622431E+003  1.56621464E+005  4.73112928E+000  1.45644062E-001
   1.75138458E+21  3.02048700E+002  2.24199218E+003  1.56878589E+005  4.94606187E+000  1.49907689E-001
   1.79211483E+21  2.90896765E+002  1.82955757E+003  1.57084815E+005  5.23140550E+000  1.54460743E-001
   1.83284508E+21  2.80185720E+002  1.49795392E+003  1.57250626E+005  5.58707402E+000  1.59319793E-001
   1.87357533E+21  2.69961112E+002  1.23035963E+003  1.57384433E+005  6.01169421E+000  1.64489631E-001
   1.91430559E+21  2.60256955E+002  1.01354454E+003  1.57492850E+005  6.50284509E+000  1.69974612E-001
   1.95503585E+21  2.51094694E+002  8.37220625E+002  1.57581021E+005  7.05714016E+000  1.75791408E-001
   1.99576611E+21  2.42483757E+002  6.93386449E+002  1.57652948E+005  7.67018987E+000  1.81993994E-001
   2.03649637E+21  2.34422863E+002  5.76113129E+002  1.57711594E+005  8.33705681E+000  1.88796445E-001
   2.07722664E+21  2.26903958E+002  4.79617895E+002  1.57759851E+005  9.05016933E+000  1.96076168E-001
   2.11795690E+21  2.19907292E+002  4.00566193E+002  1.57799386E+005  9.80318372E+000  2.04228897E-001
   2.15868717E+21  2.13412826E+002  3.35611820E+002  1.57831873E+005  1.05880383E+001  2.13433737E-001
   2.19941745E+21  2.07395636E+002  2.82222999E+002  1.57858576E+005  1.13966287E+001  2.24022507E-001
   2.24014772E+21  2.01828323E+002  2.38364729E+002  1.57880513E+005  1.22207767E+001  2.36436429E-001
   2.29106057E+21  1.95470597E+002  1.94034926E+002  1.57902688E+005  1.32599626E+001  2.54901839E-001
   2.34197342E+21  1.89704200E+002  1.59258874E+002  1.57920086E+005  1.42958644E+001  2.77877584E-001
   2.39288627E+21  1.84485919E+002  1.31805899E+002  1.57933821E+005  1.53144337E+001  3.06526299E-001
   2.41834270E+21  1.82037740E+002  1.20445748E+002  1.57939506E+005  1.58137170E+001  3.23652146E-001
   2.43107091E+21  1.80860795E+002  1.15231605E+002  1.57942115E+005  1.60601973E+001  3.32861257E-001
   2.44379913E+21  1.79723643E+002  1.10231861E+002  1.57944617E+005  1.63040398E+001  3.42555525E-001
   2.48563073E+21  1.76206915E+002  9.55432971E+001  1.57951968E+005  1.70866666E+001  3.78038409E-001
   2.52746233E+21  1.72933610E+002  8.34040786E+001  1.57958043E+005  1.78374641E+001  4.20756940E-001
   2.56929394E+21  1.69908252E+002  7.32466735E+001  1.57963128E+005  1.85512392E+001  4.72217463E-001
   2.61112555E+21  1.67104977E+002  6.46689742E+001  1.57967422E+005  1.92242818E+001  5.33436226E-001
   2.65295715E+21  1.64501060E+002  5.74001990E+001  1.57971062E+005  1.98527247E+001  6.06624576E-001
   2.69478876E+21  1.62074384E+002  5.12026777E+001  1.57974166E+005  2.04330180E+001  6.94140985E-001
   2.73662037E+21  1.59804853E+002  4.58954153E+001  1.57976824E+005  2.09625645E+001  7.97676420E-001
   2.77845199E+21  1.57672016E+002  4.13037514E+001  1.57979124E+005  2.14377187E+001  9.20727386E-001
   2.82028360E+21  1.55657018E+002  3.73191132E+001  1.57981121E+005  2.18551142E+001  1.06669722E+000
   2.86211521E+21  1.53742163E+002  3.38428320E+001  1.57982863E+005  2.22115355E+001  1.23907643E+000
   2.90394683E+21  1.51910681E+002  3.07957522E+001  1.57984391E+005  2.25035951E+001  1.44175660E+000
   2.94577844E+21  1.50146781E+002  2.81144465E+001  1.57985735E+005  2.27280375E+001  1.67863416E+000
   2.98761006E+21  1.48435815E+002  2.57475926E+001  1.57986922E+005  2.28813431E+001  1.95402598E+000
   3.02944168E+21  1.46762261E+002  2.36531628E+001  1.57987973E+005  2.29579390E+001  2.27461185E+000
   3.07127330E+21  1.45113501E+002  2.17973848E+001  1.57988905E+005  2.29537551E+001  2.64542030E+000
   3.11310492E+21  1.43476612E+002  2.01523200E+001  1.57989731E+005  2.28631522E+001  3.07324670E+000
   3.15493654E+21  1.41840592E+002  1.86952185E+001  1.57990463E+005  2.26814022E+001  3.56391433E+000
   3.19666721E+21  1.40197226E+002  1.74095099E+001  1.57991110E+005  2.24014324E+001  4.12520614E+000
   3.23839788E+21  1.38537164E+002  1.62763057E+001  1.57991681E+005  2.20217627E+001  4.76028337E+000
   3.28012855E+21  1.36856132E+002  1.52826339E+001  1.57992181E+005  2.15417178E+001  5.47085620E+000
   3.32185921E+21  1.35150093E+002  1.44169404E+001  1.57992618E+005  2.09593577E+001  6.26010722E+000
   3.36358989E+21  1.33419541E+002  1.36695342E+001  1.57992996E+005  2.02774907E+001  7.12635836E+000
   3.40532056E+21  1.31660342E+002  1.30308218E+001  1.57993320E+005  1.94909156E+001  8.07642217E+000
   3.44705123E+21  1.29876604E+002  1.24930789E+001  1.57993593E+005  1.86044290E+001  9.10675395E+000
   3.48878191E+21  1.28075903E+002  1.20493031E+001  1.57993819E+005  1.76268243E+001  1.02098257E+001
   3.53051258E+21  1.26276493E+002  1.16937541E+001  1.57994001E+005  1.65829711E+001  1.13617416E+001
   3.57224326E+21  1.24489595E+002  1.14197500E+001  1.57994142E+005  1.54874363E+001  1.25494453E+001
   3.61397393E+21  1.22731020E+002  1.12209699E+001  1.57994246E+005  1.43625295E+001  1.37520419E+001
   3.65570461E+21  1.21015274E+002  1.10907712E+001  1.57994315E+005  1.32293825E+001  1.49499235E+001
   3.69743529E+21  1.19355697E+002  1.10222213E+001  1.57994353E+005  1.21080995E+001  1.61245342E+001
   3.73916597E+21  1.17763212E+002  1.10080513E+001  1.57994364E+005  1.10153568E+001  1.72607426E+001
   3.78089666E+21  1.16245290E+002  1.10406951E+001  1.57994352E+005  9.96185380E+000  1.83493557E+001
   3.82262734E+21  1.14812195E+002  1.11127652E+001  1.57994319E+005  8.96438411E+000  1.93748552E+001
   3.86435802E+21  1.13469606E+002  1.12167396E+001  1.57994270E+005  8.03179553E+000  2.03296141E+001
   3.90608871E+21  1.12221439E+002  1.13452994E+001  1.57994209E+005  7.17013610E+000  2.12086575E+001
   3.94781939E+21  1.11070145E+002  1.14915084E+001  1.57994139E+005  6.38340702E+000  2.20089048E+001
   3.98955008E+21  1.10016010E+002  1.16489413E+001  1.57994062E+005  5.67202284E+000  2.27307284E+001
   4.03128076E+21  1.09057610E+002  1.18118333E+001  1.57993983E+005  5.03375241E+000  2.33770149E+001
   4.05214611E+21  1.08599987E+002  1.18972246E+001  1.57993941E+005  4.74105779E+000  2.36729814E+001
   4.07301145E+21  1.08179034E+002  1.19788876E+001  1.57993902E+005  4.46533271E+000  2.39515603E+001
   4.11374178E+21  1.07433351E+002  1.21314413E+001  1.57993827E+005  3.97312191E+000  2.44483317E+001
   4.15447211E+21  1.06755220E+002  1.22810362E+001  1.57993754E+005  3.53720718E+000  2.48877312E+001
   4.19520243E+21  1.06151980E+002  1.24220412E+001  1.57993684E+005  3.15196054E+000  2.52756330E+001
   4.23593276E+21  1.05617518E+002  1.25530863E+001  1.57993620E+005  2.81161699E+000  2.56179950E+001
   4.27666309E+21  1.05145315E+002  1.26735537E+001  1.57993561E+005  2.51083547E+000  2.59203066E+001
   4.31739342E+21  1.04728525E+002  1.27834881E+001  1.57993507E+005  2.24470856E+000  2.61875887E+001
   4.35812374E+21  1.04360125E+002  1.28834981E+001  1.57993457E+005  2.00883350E+000  2.64243302E+001
   4.39885407E+21  1.04033045E+002  1.29746494E+001  1.57993412E+005  1.79934334E+000  2.66344636E+001
   4.43958440E+21  1.03740288E+002  1.30583569E+001  1.57993371E+005  1.61286913E+000  2.68214072E+001
   4.48031473E+21  1.03475030E+002  1.31362870E+001  1.57993332E+005  1.44652416E+000  2.69880851E+001
   4.52104506E+21  1.03230698E+002  1.32102712E+001  1.57993296E+005  1.29782707E+000  2.71370066E+001
   4.56177539E+21  1.03001024E+002  1.32822376E+001  1.57993260E+005  1.16465521E+000  2.72703155E+001
   4.60250572E+21  1.02780075E+002  1.33541596E+001  1.57993224E+005  1.04519319E+000  2.73898426E+001
   4.64323605E+21  1.02562273E+002  1.34280207E+001  1.57993188E+005  9.37879776E-001  2.74971608E+001
   4.68396638E+21  1.02342390E+002  1.35057950E+001  1.57993149E+005  8.41374910E-001  2.75936183E+001
   4.72469670E+21  1.02115543E+002  1.35894390E+001  1.57993107E+005  7.54520037E-001  2.76803792E+001
   4.76542703E+21  1.01877172E+002  1.36808931E+001  1.57993062E+005  6.76306463E-001  2.77584559E+001
   4.80615736E+21  1.01622991E+002  1.37821055E+001  1.57993011E+005  6.05852232E-001  2.78287320E+001
   4.84688769E+21  1.01349047E+002  1.38950130E+001  1.57992955E+005  5.42382530E-001  2.78919828E+001
   4.88761802E+21  1.01051660E+002  1.40215766E+001  1.57992892E+005  4.85212235E-001  2.79488925E+001
   4.92834835E+21  1.00727396E+002  1.41638089E+001  1.57992821E+005  4.33730731E-001  2.80000694E+001
   4.96907868E+21  1.00373077E+002  1.43237906E+001  1.57992741E+005  3.87393013E-001  2.80460551E+001
   5.00980901E+21  9.99857789E+001  1.45036930E+001  1.57992652E+005  3.45709509E-001  2.80873346E+001
   5.05053934E+21  9.95628206E+001  1.47058115E+001  1.57992551E+005  3.08238819E-001  2.81243433E+001
   5.09126967E+21  9.91013156E+001  1.49328101E+001  1.57992438E+005  2.74581677E-001  2.81574731E+001
   5.13200000E+21  9.85996735E+001  1.51870491E+001  1.57992311E+005  2.44376452E-001  2.81870767E+001
   5.17273033E+21  9.80561066E+001  1.54713065E+001  1.57992170E+005  2.17294422E-001  2.82134722E+001
   5.21346066E+21  9.74691664E+001  1.57885754E+001  1.57992011E+005  1.93036548E-001  2.82369461E+001
   5.25419099E+21  9.68377681E+001  1.61420882E+001  1.57991835E+005  1.71330486E-001  2.82577562E+001
   5.29492132E+21  9.61612185E+001  1.65353418E+001  1.57991639E+005  1.51928113E-001  2.82761336E+001
   5.33565165E+21  9.54392429E+001  1.69721234E+001  1.57991421E+005  1.34603331E-001  2.82922852E+001
   5.37638198E+21  9.46720090E+001  1.74565341E+001  1.57991179E+005  1.19150169E-001  2.83063952E+001
   5.41711231E+21  9.38601470E+001  1.79930123E+001  1.57990912E+005  1.05381105E-001  2.83186272E+001
   5.45784264E+21  9.30047632E+001  1.85863555E+001  1.57990615E+005  9.31255502E-002  2.83291252E+001
   5.49857297E+21  9.21074467E+001  1.92417376E+001  1.57990288E+005  8.22285001E-002  2.83380164E+001
   5.53930330E+21  9.11702679E+001  1.99647232E+001  1.57989927E+005  7.25492918E-002  2.83454121E+001
   5.58003363E+21  9.01955883E+001  2.07614212E+001  1.57989529E+005  6.39604678E-002  2.83514108E+001
   5.62076397E+21  8.91864872E+001  2.16381395E+001  1.57989091E+005  5.63467255E-002  2.83561002E+001
   5.66149430E+21  8.81462778E+001  2.26017253E+001  1.57988609E+005  4.96039479E-002  2.83595605E+001
   5.70222463E+21  8.70789261E+001  2.36591322E+001  1.57988080E+005  4.36382786E-002  2.83618682E+001
   5.74364530E+21  8.59706396E+001  2.48376001E+001  1.57987491E+005  3.82814100E-002  2.83631126E+001
   5.78506598E+21  8.48426709E+001  2.61291677E+001  1.57986844E+005  3.35612428E-002  2.83633291E+001
   5.82648665E+21  8.37006017E+001  2.75412581E+001  1.57986137E+005  2.94064531E-002  2.83626146E+001
   5.86790733E+21  8.25495807E+001  2.90817425E+001  1.57985366E+005  2.57533183E-002  2.83610813E+001
   5.90932800E+21  8.13948965E+001  3.07581202E+001  1.57984527E+005  2.25449635E-002  2.83588626E+001
   5.95074868E+21  8.02418490E+001  3.25773259E+001  1.57983615E+005  1.97306668E-002  2.83561170E+001
   5.99216935E+21  7.90956584E+001  3.45454668E+001  1.57982629E+005  1.72652143E-002  2.83530294E+001
   6.03359003E+21  7.79618582E+001  3.66665900E+001  1.57981566E+005  1.51083012E-002  2.83498104E+001
   6.07501070E+21  7.68458102E+001  3.89428264E+001  1.57980425E+005  1.32240063E-002  2.83466893E+001
   6.11643137E+21  7.57526305E+001  4.13739364E+001  1.57979207E+005  1.15803136E-002  2.83439035E+001
   6.15785204E+21  7.46871655E+001  4.39567523E+001  1.57977912E+005  1.01486854E-002  2.83416830E+001
   6.19927271E+21  7.36539536E+001  4.66846456E+001  1.57976543E+005  8.90368166E-003  2.83402313E+001
   6.24069338E+21  7.26571581E+001  4.95471177E+001  1.57975108E+005  7.82261964E-003  2.83397057E+001
   6.28211405E+21  7.17005090E+001  5.25294839E+001  1.57973611E+005  6.88526922E-003  2.83401998E+001
   6.32353472E+21  7.07872229E+001  5.56128066E+001  1.57972064E+005  6.07358356E-003  2.83417326E+001
   6.36495538E+21  6.99198401E+001  5.87744297E+001  1.57970477E+005  5.37146880E-003  2.83442458E+001
   6.40637604E+21  6.91005558E+001  6.19869310E+001  1.57968864E+005  4.76459504E-003  2.83476137E+001
   6.44779670E+21  6.83308448E+001  6.52199401E+001  1.57967241E+005  4.24024725E-003  2.83516606E+001
   6.48921736E+21  6.76117909E+001  6.84395260E+001  1.57965624E+005  3.78720447E-003  2.83561851E+001
   6.53063802E+21  6.69438429E+001  7.16102546E+001  1.57964031E+005  3.39563208E-003  2.83609837E+001
   6.57205868E+21  6.63269926E+001  7.46956807E+001  1.57962480E+005  3.05697438E-003  2.83658708E+001
   6.61347933E+21  6.57608411E+001  7.76593918E+001  1.57960990E+005  2.76383934E-003  2.83706915E+001
   6.65489998E+21  6.52445731E+001  8.04666507E+001  1.57959577E+005  2.50987465E-003  2.83753264E+001
   6.69632063E+21  6.47770463E+001  8.30854130E+001  1.57958259E+005  2.28964119E-003  2.83796921E+001
   6.73774128E+21  6.43568033E+001  8.54876754E+001  1.57957049E+005  2.09848964E-003  2.83837364E+001
   6.77916192E+21  6.39820817E+001  8.76507092E+001  1.57955958E+005  1.93244603E-003  2.83874328E+001
   6.82058256E+21  6.36508317E+001  8.95580114E+001  1.57954996E+005  1.78810982E-003  2.83907745E+001
   6.86200320E+21  6.33607399E+001  9.11999363E+001  1.57954166E+005  1.66256555E-003  2.83937687E+001
   6.90342384E+21  6.31092596E+001  9.25739300E+001  1.57953470E+005  1.55330769E-003  2.83964318E+001
   6.94484447E+21  6.28936496E+001  9.36843527E+001  1.57952906E+005  1.45817772E-003  2.83987863E+001
   6.98626510E+21  6.27110214E+001  9.45419056E+001  1.57952469E+005  1.37531156E-003  2.84008576E+001
   7.02768573E+21  6.25583877E+001  9.51627623E+001  1.57952150E+005  1.30309598E-003  2.84026722E+001
   7.06910636E+21  6.24327505E+001  9.55671841E+001  1.57951940E+005  1.24013245E-003  2.84042565E+001
   7.11052699E+21  6.23310961E+001  9.57787346E+001  1.57951826E+005  1.18520672E-003  2.84056359E+001
   7.15194761E+21  6.22505037E+001  9.58225819E+001  1.57951797E+005  1.13726377E-003  2.84068340E+001
   7.19336823E+21  6.21881784E+001  9.57244164E+001  1.57951839E+005  1.09538648E-003  2.84078729E+001
   7.23478885E+21  6.21213820E+001  9.56678490E+001  1.57951861E+005  1.05869612E-003  2.84087818E+001
   7.27620947E+21  6.20877151E+001  9.53623731E+001  1.57952007E+005  1.02666297E-003  2.84095600E+001
   7.31763009E+21  6.20650955E+001  9.49837653E+001  1.57952190E+005  9.98604416E-004  2.84102326E+001
   7.35905070E+21  6.20504815E+001  9.44645987E+001  1.57952444E+005  9.74037810E-004  2.84108081E+001
   7.40047132E+21  6.20441989E+001  9.39965876E+001  1.57952673E+005  9.52430618E-004  2.84113099E+001
   7.44189193E+21  6.20437286E+001  9.35081374E+001  1.57952911E+005  9.33430134E-004  2.84117435E+001
   7.48331254E+21  6.20477757E+001  9.30112455E+001  1.57953155E+005  9.16696859E-004  2.84121183E+001
   7.52473315E+21  6.20552459E+001  9.25155389E+001  1.57953398E+005  9.01937161E-004  2.84124427E+001
   7.56615376E+21  6.20652275E+001  9.20285751E+001  1.57953636E+005  8.88897177E-004  2.84127236E+001
   7.60757437E+21  6.20769713E+001  9.15561005E+001  1.57953868E+005  8.77357484E-004  2.84129672E+001
   7.64899497E+21  6.20898703E+001  9.11023141E+001  1.57954091E+005  8.67128429E-004  2.84131787E+001
   7.69041558E+21  6.21034400E+001  9.06701206E+001  1.57954302E+005  8.58046051E-004  2.84133627E+001
   7.73183618E+21  6.21169280E+001  9.02641500E+001  1.57954501E+005  8.49967233E-004  2.84135231E+001
   7.77325679E+21  6.21314868E+001  8.98746029E+001  1.57954692E+005  8.42774222E-004  2.84136626E+001
   7.81467739E+21  6.21458379E+001  8.95096340E+001  1.57954870E+005  8.36356997E-004  2.84137844E+001
   7.85609799E+21  6.21598232E+001  8.91691067E+001  1.57955037E+005  8.30623256E-004  2.84138911E+001
   7.89751859E+21  6.21733262E+001  8.88524496E+001  1.57955191E+005  8.25492830E-004  2.84139846E+001
   7.93893919E+21  6.21862680E+001  8.85588164E+001  1.57955335E+005  8.20895959E-004  2.84140668E+001
   7.98035978E+21  6.21985986E+001  8.82871731E+001  1.57955467E+005  8.16771839E-004  2.84141391E+001
   8.02178038E+21  6.22102907E+001  8.80363672E+001  1.57955589E+005  8.13067370E-004  2.84142028E+001
   8.06320098E+21  6.22213334E+001  8.78051829E+001  1.57955701E+005  8.09736088E-004  2.84142591E+001
   8.10462157E+21  6.22317282E+001  8.75923825E+001  1.57955805E+005  8.06737256E-004  2.84143089E+001
   8.14604217E+21  6.22414854E+001  8.73967386E+001  1.57955900E+005  8.04035079E-004  2.84143530E+001
   8.18746276E+21  6.22506207E+001  8.72170573E+001  1.57955986E+005  8.01598042E-004  2.84143921E+001
   8.22888335E+21  6.22602230E+001  8.70445122E+001  1.57956070E+005  7.99401859E-004  2.84144262E+001
   8.27030394E+21  6.22692563E+001  8.68855502E+001  1.57956147E+005  7.97418486E-004  2.84144565E+001
   8.31172454E+21  6.22776832E+001  8.67396712E+001  1.57956217E+005  7.95625902E-004  2.84144834E+001
   8.35314513E+21  6.22864143E+001  8.65995825E+001  1.57956285E+005  7.94007674E-004  2.84145068E+001
   8.39456572E+21  6.22950958E+001  8.64670266E+001  1.57956349E+005  7.92545396E-004  2.84145274E+001
   8.43598631E+21  6.23031820E+001  8.63452690E+001  1.57956407E+005  7.91221869E-004  2.84145457E+001
   8.47740690E+21  6.23106945E+001  8.62335885E+001  1.57956461E+005  7.90023395E-004  2.84145619E+001
   8.51882748E+21  6.23176523E+001  8.61312891E+001  1.57956510E+005  7.88937740E-004  2.84145764E+001
   8.56024807E+21  6.23240718E+001  8.60377403E+001  1.57956555E+005  7.87953944E-004  2.84145894E+001
   8.60166866E+21  6.23299677E+001  8.59523726E+001  1.57956596E+005  7.87062173E-004  2.84146009E+001
   8.64308925E+21  6.23359873E+001  8.58701873E+001  1.57956635E+005  7.86255648E-004  2.84146109E+001
   8.68450983E+21  6.23414069E+001  8.57958661E+001  1.57956671E+005  7.85524059E-004  2.84146199E+001
   8.72593042E+21  6.23463121E+001  8.57285183E+001  1.57956703E+005  7.84860460E-004  2.84146280E+001
   8.76735101E+21  6.23507113E+001  8.56677607E+001  1.57956732E+005  7.84258399E-004  2.84146352E+001
   8.80877159E+21  6.23546115E+001  8.56132567E+001  1.57956758E+005  7.83712041E-004  2.84146418E+001
   8.85019218E+21  6.23580182E+001  8.55647067E+001  1.57956781E+005  7.83216118E-004  2.84146477E+001
   8.89161276E+21  6.23609354E+001  8.55218465E+001  1.57956801E+005  7.82765857E-004  2.84146532E+001
   8.93303334E+21  6.23633698E+001  8.54844179E+001  1.57956818E+005  7.82356951E-004  2.84146582E+001
   8.97445393E+21  6.23653208E+001  8.54522308E+001  1.57956833E+005  7.81985477E-004  2.84146628E+001
   9.01587451E+21  6.23667901E+001  8.54251009E+001  1.57956846E+005  7.81647885E-004  2.84146671E+001
   9.05729510E+21  6.23677787E+001  8.54028652E+001  1.57956856E+005  7.81340954E-004  2.84146711E+001
   9.09871568E+21  6.23682867E+001  8.53853808E+001  1.57956864E+005  7.81061757E-004  2.84146750E+001
   9.14013626E+21  6.23691741E+001  8.53664829E+001  1.57956873E+005  7.80810414E-004  2.84146782E+001
   9.18155685E+21  6.23699287E+001  8.53495777E+001  1.57956880E+005  7.80582890E-004  2.84146811E+001
   9.22297743E+21  6.23701617E+001  8.53373380E+001  1.57956886E+005  7.80375715E-004  2.84146839E+001
   9.26439801E+21  6.23698737E+001  8.53297007E+001  1.57956889E+005  7.80186881E-004  2.84146867E+001
   9.30581859E+21  6.23690642E+001  8.53265847E+001  1.57956890E+005  7.80014571E-004  2.84146896E+001
   9.34723918E+21  6.23677325E+001  8.53279194E+001  1.57956889E+005  7.79857131E-004  2.84146924E+001
   9.38865976E+21  6.23658778E+001  8.53336445E+001  1.57956885E+005  7.79713053E-004  2.84146953E+001
   9.43008034E+21  6.23634988E+001  8.53437078E+001  1.57956880E+005  7.79580965E-004  2.84146983E+001
   9.47150092E+21  6.23605942E+001  8.53580657E+001  1.57956872E+005  7.79459613E-004  2.84147014E+001
   9.51292150E+21  6.23571627E+001  8.53766815E+001  1.57956862E+005  7.79347856E-004  2.84147047E+001
   9.55434208E+21  6.23532026E+001  8.53995252E+001  1.57956850E+005  7.79244651E-004  2.84147080E+001
   9.59576267E+21  6.23487133E+001  8.54265654E+001  1.57956837E+005  7.79149051E-004  2.84147116E+001
   9.63718325E+21  6.23436936E+001  8.54577788E+001  1.57956821E+005  7.79060190E-004  2.84147153E+001
   9.67860383E+21  6.23381399E+001  8.54931650E+001  1.57956803E+005  7.78977270E-004  2.84147192E+001
   9.72002441E+21  6.23320500E+001  8.55327162E+001  1.57956783E+005  7.78899566E-004  2.84147233E+001
   9.76144499E+21  6.23254218E+001  8.55764289E+001  1.57956760E+005  7.78826418E-004  2.84147276E+001
   9.80286557E+21  6.23182530E+001  8.56243041E+001  1.57956736E+005  7.78757223E-004  2.84147321E+001
   9.84428615E+21  6.23105412E+001  8.56763470E+001  1.57956710E+005  7.78691429E-004  2.84147369E+001
   9.88570673E+21  6.23022837E+001  8.57325670E+001  1.57956682E+005  7.78628536E-004  2.84147419E+001
   9.92712731E+21  6.22934780E+001  8.57929771E+001  1.57956651E+005  7.78568085E-004  2.84147471E+001
   9.96854790E+21  6.22843330E+001  8.58560948E+001  1.57956620E+005  7.78510345E-004  2.84147525E+001
   1.00099685E+22  6.22745620E+001  8.59239275E+001  1.57956585E+005  7.78454030E-004  2.84147582E+001
   1.00513891E+22  6.22642290E+001  8.59960501E+001  1.57956549E+005  7.78399004E-004  2.84147642E+001
   1.00928096E+22  6.22533306E+001  8.60724845E+001  1.57956511E+005  7.78344961E-004  2.84147704E+001
   1.01342302E+22  6.22418635E+001  8.61532616E+001  1.57956470E+005  7.78291623E-004  2.84147769E+001
   1.01756508E+22  6.22298240E+001  8.62384163E+001  1.57956428E+005  7.78238742E-004  2.84147837E+001
   1.02170714E+22  6.22172082E+001  8.63279875E+001  1.57956383E+005  7.78186098E-004  2.84147908E+001
   1.02584920E+22  6.22040120E+001  8.64220182E+001  1.57956336E+005  7.78133495E-004  2.84147982E+001
   1.02999125E+22  6.21902308E+001  8.65205562E+001  1.57956286E+005  7.78080765E-004  2.84148059E+001
   1.03413331E+22  6.21758600E+001  8.66236525E+001  1.57956235E+005  7.78027762E-004  2.84148139E+001
   1.03827537E+22  6.21605354E+001  8.67339426E+001  1.57956180E+005  7.77973202E-004  2.84148224E+001
   1.04241743E+22  6.21462107E+001  8.68374396E+001  1.57956128E+005  7.77923310E-004  2.84148303E+001
   1.04655949E+22  6.21313150E+001  8.69452486E+001  1.57956074E+005  7.77873024E-004  2.84148386E+001
   1.05070154E+22  6.21158457E+001  8.70575551E+001  1.57956018E+005  7.77822234E-004  2.84148471E+001
   1.05484360E+22  6.20998006E+001  8.71743997E+001  1.57955959E+005  7.77770922E-004  2.84148559E+001
   1.05898566E+22  6.20831722E+001  8.72958649E+001  1.57955898E+005  7.77719074E-004  2.84148650E+001
   1.06305868E+22  6.20656911E+001  8.74239426E+001  1.57955834E+005  7.77665767E-004  2.84148746E+001
   1.06713171E+22  6.20481946E+001  8.75525973E+001  1.57955770E+005  7.77613796E-004  2.84148841E+001
   1.07120473E+22  6.20301139E+001  8.76859094E+001  1.57955703E+005  7.77561427E-004  2.84148939E+001
   1.07527776E+22  6.20114419E+001  8.78240192E+001  1.57955634E+005  7.77508718E-004  2.84149041E+001
   1.07935078E+22  6.19921703E+001  8.79670269E+001  1.57955563E+005  7.77455769E-004  2.84149145E+001
   1.08342380E+22  6.19722907E+001  8.81150365E+001  1.57955489E+005  7.77402710E-004  2.84149252E+001
   1.08749683E+22  6.19517942E+001  8.82681603E+001  1.57955412E+005  7.77349697E-004  2.84149363E+001
   1.09156985E+22  6.19306711E+001  8.84265191E+001  1.57955333E+005  7.77296914E-004  2.84149476E+001
   1.09564287E+22  6.19105470E+001  8.86997973E+001  1.57955197E+005  7.77198655E-004  2.84149674E+001
   1.09971590E+22  6.18882855E+001  8.88680036E+001  1.57955112E+005  7.77147582E-004  2.84149792E+001
   1.10378892E+22  6.18653710E+001  8.90419700E+001  1.57955025E+005  7.77097456E-004  2.84149913E+001
   1.10786195E+22  6.18426625E+001  8.92152009E+001  1.57954939E+005  7.77051501E-004  2.84150033E+001
   1.11193497E+22  6.18190675E+001  8.93957987E+001  1.57954849E+005  7.77006631E-004  2.84150156E+001
   1.11600799E+22  6.17947588E+001  8.95826678E+001  1.57954755E+005  7.76963836E-004  2.84150282E+001
   1.12008102E+22  6.17697183E+001  8.97760109E+001  1.57954658E+005  7.76923601E-004  2.84150412E+001
   1.12415404E+22  6.17439288E+001  8.99760499E+001  1.57954558E+005  7.76886470E-004  2.84150544E+001
   1.12822706E+22  6.17173735E+001  9.01830128E+001  1.57954455E+005  7.76853065E-004  2.84150680E+001
   1.13230009E+22  6.16900324E+001  9.03971615E+001  1.57954348E+005  7.76824076E-004  2.84150818E+001
   1.13637311E+22  6.16618832E+001  9.06187841E+001  1.57954237E+005  7.76800279E-004  2.84150959E+001
   1.14044614E+22  6.16329021E+001  9.08481937E+001  1.57954122E+005  7.76782547E-004  2.84151102E+001
   1.14451916E+22  6.16030631E+001  9.10857323E+001  1.57954003E+005  7.76771857E-004  2.84151249E+001
   1.14859218E+22  6.15723377E+001  9.13317736E+001  1.57953880E+005  7.76769306E-004  2.84151398E+001
   1.15266521E+22  6.15406952E+001  9.15867264E+001  1.57953753E+005  7.76776124E-004  2.84151549E+001
   1.15673823E+22  6.15081020E+001  9.18510382E+001  1.57953621E+005  7.76793691E-004  2.84151703E+001
   1.16081125E+22  6.14745214E+001  9.21251999E+001  1.57953483E+005  7.76823553E-004  2.84151858E+001
   1.16488428E+22  6.14399135E+001  9.24097495E+001  1.57953341E+005  7.76867441E-004  2.84152016E+001
   1.16895730E+22  6.14043049E+001  9.27047255E+001  1.57953193E+005  7.76927527E-004  2.84152175E+001
   1.17303033E+22  6.13689246E+001  9.30006761E+001  1.57953045E+005  7.77010151E-004  2.84152329E+001
   1.17710335E+22  6.13324277E+001  9.33082921E+001  1.57952891E+005  7.77113600E-004  2.84152483E+001
   1.18117637E+22  6.12947612E+001  9.36284559E+001  1.57952731E+005  7.77240568E-004  2.84152639E+001
   1.18524940E+22  6.12558660E+001  9.39619966E+001  1.57952564E+005  7.77394136E-004  2.84152794E+001
   1.18932242E+22  6.12156773E+001  9.43098282E+001  1.57952390E+005  7.77577761E-004  2.84152950E+001
   1.19339544E+22  6.11741215E+001  9.46729806E+001  1.57952208E+005  7.77795316E-004  2.84153105E+001
   1.19746847E+22  6.11311224E+001  9.50525597E+001  1.57952018E+005  7.78051162E-004  2.84153259E+001
   1.20154149E+22  6.10866084E+001  9.54496851E+001  1.57951819E+005  7.78350244E-004  2.84153411E+001
   1.20561452E+22  6.10405624E+001  9.58650914E+001  1.57951610E+005  7.78698319E-004  2.84153560E+001
   1.20968754E+22  6.09932875E+001  9.62969099E+001  1.57951394E+005  7.79102919E-004  2.84153703E+001
   1.21376056E+22  6.09442090E+001  9.67505432E+001  1.57951166E+005  7.79569532E-004  2.84153842E+001
   1.21783359E+22  6.08929806E+001  9.72297652E+001  1.57950926E+005  7.80105281E-004  2.84153977E+001
   1.22190661E+22  6.08410502E+001  9.77233176E+001  1.57950679E+005  7.80724244E-004  2.84154098E+001
   1.22607967E+22  6.07868844E+001  9.82463050E+001  1.57950416E+005  7.81455112E-004  2.84154206E+001
   1.23025273E+22  6.07290677E+001  9.88110072E+001  1.57950133E+005  7.82287675E-004  2.84154309E+001
   1.23442579E+22  6.06686700E+001  9.94099156E+001  1.57949832E+005  7.83239952E-004  2.84154400E+001
   1.23859885E+22  6.06055017E+001  1.00046032E+002  1.57949513E+005  7.84327927E-004  2.84154475E+001
   1.24277191E+22  6.05393570E+001  1.00722844E+002  1.57949173E+005  7.85569778E-004  2.84154532E+001
   1.24694497E+22  6.04700157E+001  1.01444182E+002  1.57948810E+005  7.86986297E-004  2.84154566E+001
   1.25111803E+22  6.03972419E+001  1.02214265E+002  1.57948423E+005  7.88601304E-004  2.84154574E+001
   1.25529108E+22  6.03207838E+001  1.03037730E+002  1.57948009E+005  7.90442151E-004  2.84154551E+001
   1.25946414E+22  6.02599453E+001  1.03743255E+002  1.57947654E+005  7.92604782E-004  2.84154390E+001
   1.26363720E+22  6.01748925E+001  1.04688353E+002  1.57947179E+005  7.94996265E-004  2.84154288E+001
   1.26781026E+22  6.00856462E+001  1.05702907E+002  1.57946669E+005  7.97723577E-004  2.84154135E+001
   1.27198332E+22  5.99915585E+001  1.06794025E+002  1.57946120E+005  8.00835109E-004  2.84153921E+001
   1.27615638E+22  5.98923163E+001  1.07968861E+002  1.57945529E+005  8.04387340E-004  2.84153635E+001
   1.28032944E+22  5.97875544E+001  1.09235535E+002  1.57944891E+005  8.08445891E-004  2.84153265E+001
   1.28450250E+22  5.96770112E+001  1.10601733E+002  1.57944204E+005  8.13087725E-004  2.84152795E+001
   1.28867555E+22  5.95603871E+001  1.12076055E+002  1.57943462E+005  8.18402709E-004  2.84152207E+001
   1.29284861E+22  5.94373996E+001  1.13667541E+002  1.57942660E+005  8.24496228E-004  2.84151480E+001
   1.29702167E+22  5.93077945E+001  1.15385566E+002  1.57941795E+005  8.31492142E-004  2.84150587E+001
   1.30119473E+22  5.91713665E+001  1.17239611E+002  1.57940862E+005  8.39536372E-004  2.84149499E+001
   1.30536779E+22  5.90279724E+001  1.19239082E+002  1.57939855E+005  8.48801153E-004  2.84148180E+001
   1.30954084E+22  5.88775226E+001  1.21393332E+002  1.57938770E+005  8.59490076E-004  2.84146589E+001
   1.31371390E+22  5.87200672E+001  1.23710578E+002  1.57937603E+005  8.71844482E-004  2.84144676E+001
   1.31789705E+22  5.85555546E+001  1.26201900E+002  1.57936348E+005  8.86188671E-004  2.84142377E+001
   1.32208021E+22  5.83843354E+001  1.28871287E+002  1.57935004E+005  9.02836483E-004  2.84139631E+001
   1.32626336E+22  5.82070806E+001  1.31719597E+002  1.57933569E+005  9.22196840E-004  2.84136358E+001
   1.33044651E+22  5.80244873E+001  1.34746395E+002  1.57932045E+005  9.44756589E-004  2.84132467E+001
   1.33462966E+22  5.78374783E+001  1.37947067E+002  1.57930433E+005  9.71097073E-004  2.84127854E+001
   1.33881281E+22  5.76472169E+001  1.41311890E+002  1.57928739E+005  1.00191345E-003  2.84122399E+001
   1.34299597E+22  5.74551178E+001  1.44825077E+002  1.57926970E+005  1.03803816E-003  2.84115970E+001
   1.34717912E+22  5.72628494E+001  1.48463888E+002  1.57925138E+005  1.08046940E-003  2.84108415E+001
   1.35136227E+22  5.70723279E+001  1.52197848E+002  1.57923259E+005  1.13040558E-003  2.84099573E+001
   1.35554542E+22  5.68857034E+001  1.55988180E+002  1.57921352E+005  1.18928653E-003  2.84089268E+001
   1.35972857E+22  5.67053372E+001  1.59787498E+002  1.57919441E+005  1.25884192E-003  2.84077322E+001
   1.36391172E+22  5.65337744E+001  1.63539851E+002  1.57917554E+005  1.34114613E-003  2.84063563E+001
   1.36809486E+22  5.63737127E+001  1.67181163E+002  1.57915724E+005  1.43867651E-003  2.84047841E+001
   1.37227801E+22  5.62279680E+001  1.70640147E+002  1.57913986E+005  1.55436839E-003  2.84030062E+001
   1.37646116E+22  5.60994354E+001  1.73839802E+002  1.57912380E+005  1.69165404E-003  2.84010220E+001
   1.38064431E+22  5.59910551E+001  1.76699360E+002  1.57910945E+005  1.85446618E-003  2.83988454E+001
   1.38482746E+22  5.59056883E+001  1.79138418E+002  1.57909724E+005  2.04718083E-003  2.83965110E+001
   1.38911485E+22  5.58473729E+001  1.81076100E+002  1.57908755E+005  2.28064536E-003  2.83940168E+001
   1.39340223E+22  5.57959553E+001  1.82842163E+002  1.57907874E+005  2.55539339E-003  2.83915274E+001
   1.39768962E+22  5.57954284E+001  1.83441681E+002  1.57907580E+005  2.87674802E-003  2.83891435E+001
   1.40197701E+22  5.58488907E+001  1.83138403E+002  1.57907739E+005  3.24915405E-003  2.83870123E+001
   1.40626439E+22  5.59160529E+001  1.82519826E+002  1.57908059E+005  3.67634175E-003  2.83852839E+001
   1.41055178E+22  5.60170978E+001  1.81230426E+002  1.57908716E+005  4.16220428E-003  2.83840588E+001
   1.41483917E+22  5.61521691E+001  1.79290283E+002  1.57909700E+005  4.71052717E-003  2.83834050E+001
   1.41912656E+22  5.63209013E+001  1.76739739E+002  1.57910991E+005  5.32563140E-003  2.83833419E+001
   1.42341395E+22  5.65229360E+001  1.73625598E+002  1.57912565E+005  6.01288077E-003  2.83838422E+001
   1.42770133E+22  5.67580942E+001  1.69996713E+002  1.57914398E+005  6.77917938E-003  2.83848402E+001
   1.43198872E+22  5.70264257E+001  1.65902312E+002  1.57916464E+005  7.63348960E-003  2.83862415E+001
   1.43627611E+22  5.73282157E+001  1.61391378E+002  1.57918739E+005  8.58739648E-003  2.83879333E+001
   1.44056350E+22  5.76639542E+001  1.56512795E+002  1.57921198E+005  9.65580523E-003  2.83897935E+001
   1.44485090E+22  5.80343062E+001  1.51315471E+002  1.57923817E+005  1.08578019E-002  2.83916971E+001
   1.44913829E+22  5.84399893E+001  1.45849679E+002  1.57926571E+005  1.22177835E-002  2.83935207E+001
   1.45342568E+22  5.88817776E+001  1.40166254E+002  1.57929433E+005  1.37669852E-002  2.83951455E+001
   1.45771307E+22  5.93604126E+001  1.34316942E+002  1.57932378E+005  1.55454726E-002  2.83964576E+001
   1.46200047E+22  5.98764711E+001  1.28354886E+002  1.57935380E+005  1.76049107E-002  2.83973465E+001
   1.46628786E+22  6.04305610E+001  1.22331007E+002  1.57938412E+005  2.00124256E-002  2.83977012E+001
   1.47062590E+22  6.10324264E+001  1.16203433E+002  1.57941496E+005  2.28926833E-002  2.83973956E+001
   1.47496394E+22  6.16714619E+001  1.10139490E+002  1.57944548E+005  2.63397257E-002  2.83962851E+001
   1.47930199E+22  6.23497265E+001  1.04163340E+002  1.57947556E+005  3.05153069E-002  2.83942013E+001
   1.48364003E+22  6.30667348E+001  9.83190157E+001  1.57950498E+005  3.56386926E-002  2.83909278E+001
   1.48797807E+22  6.38216679E+001  9.26457856E+001  1.57953353E+005  4.20109837E-002  2.83861728E+001
   1.49231612E+22  6.46133656E+001  8.71774059E+001  1.57956106E+005  5.00507847E-002  2.83795318E+001
   1.49665416E+22  6.54403356E+001  8.19416295E+001  1.57958742E+005  6.03491849E-002  2.83704303E+001
   1.50099221E+22  6.63007852E+001  7.69599444E+001  1.57961250E+005  7.37499435E-002  2.83580423E+001
   1.50533025E+22  6.71926840E+001  7.22475760E+001  1.57963623E+005  9.14853206E-002  2.83411524E+001
   1.50966830E+22  6.81138798E+001  6.78136844E+001  1.57965856E+005  1.15384463E-001  2.83179470E+001
   1.51400634E+22  6.90623141E+001  6.36616815E+001  1.57967947E+005  1.48240586E-001  2.82856452E+001
   1.51611522E+22  6.93627904E+001  6.24549913E+001  1.57968558E+005  1.68499666E-001  2.82656149E+001
   1.51724498E+22  6.95387497E+001  6.17623846E+001  1.57968908E+005  1.80862405E-001  2.82533613E+001
   1.51833439E+22  6.97785275E+001  6.08218337E+001  1.57969382E+005  1.94013376E-001  2.82403043E+001
   1.51938489E+22  7.00117556E+001  5.99285152E+001  1.57969832E+005  2.07895357E-001  2.82265051E+001
   1.52056671E+22  7.02897075E+001  5.88883321E+001  1.57970356E+005  2.25117515E-001  2.82093661E+001
   1.52169928E+22  7.05439183E+001  5.79645844E+001  1.57970822E+005  2.43376085E-001  2.81911784E+001
   1.52278466E+22  7.07889296E+001  5.70964708E+001  1.57971260E+005  2.62716399E-001  2.81718971E+001
   1.52382482E+22  7.10251574E+001  5.62796767E+001  1.57971671E+005  2.83161137E-001  2.81515005E+001
   1.52502100E+22  7.13161243E+001  5.52965908E+001  1.57972167E+005  3.09346339E-001  2.81253592E+001
   1.52615737E+22  7.15773136E+001  5.44419906E+001  1.57972598E+005  3.37163301E-001  2.80975735E+001
   1.52723692E+22  7.18271255E+001  5.36459186E+001  1.57972999E+005  3.66674809E-001  2.80680808E+001
   1.52826250E+22  7.20662215E+001  5.29031556E+001  1.57973374E+005  3.97895908E-001  2.80368672E+001
   1.52948037E+22  7.23753006E+001  5.19646893E+001  1.57973847E+005  4.39709986E-001  2.79950468E+001
   1.53062212E+22  7.26456101E+001  5.11736397E+001  1.57974246E+005  4.84165853E-001  2.79505701E+001
   1.53169252E+22  7.29015808E+001  5.04455695E+001  1.57974614E+005  5.31319574E-001  2.79033815E+001
   1.53303051E+22  7.32586164E+001  4.94542257E+001  1.57975114E+005  5.99262421E-001  2.78353697E+001
   1.53425700E+22  7.35587610E+001  4.86586904E+001  1.57975516E+005  6.71635524E-001  2.77629079E+001
   1.53650558E+22  7.42412224E+001  4.69091086E+001  1.57976398E+005  8.37968562E-001  2.75963229E+001
   1.53931629E+22  7.50725956E+001  4.49674248E+001  1.57977379E+005  1.12924452E+000  2.73045234E+001
   1.54142433E+22  7.56316693E+001  4.38057481E+001  1.57977968E+005  1.43576188E+000  2.69973907E+001
   1.54458638E+22  7.67949537E+001  4.15263672E+001  1.57979120E+005  2.12175172E+000  2.63098544E+001
   1.54774844E+22  7.80690343E+001  3.93934854E+001  1.57980200E+005  3.20266728E+000  2.52261570E+001
   1.55019226E+22  7.91824435E+001  3.77758115E+001  1.57981019E+005  4.38697484E+000  2.40383380E+001
   1.55239170E+22  8.03852054E+001  3.61709404E+001  1.57981829E+005  5.71725589E+000  2.27035059E+001
   1.55459113E+22  8.17414242E+001  3.45211003E+001  1.57982659E+005  7.24101020E+000  2.11736868E+001
   1.55679057E+22  8.31939033E+001  3.29292112E+001  1.57983459E+005  8.88525214E+000  1.95217736E+001
   1.55899001E+22  8.47020957E+001  3.14457410E+001  1.57984202E+005  1.05708142E+001  1.78269498E+001
   1.56118945E+22  8.62321411E+001  3.01015423E+001  1.57984875E+005  1.22365275E+001  1.61504213E+001
   1.56338889E+22  8.77546788E+001  2.89136936E+001  1.57985469E+005  1.38321392E+001  1.45425021E+001
   1.56778776E+22  9.08546357E+001  2.68618814E+001  1.57986492E+005  1.67012275E+001  1.16443020E+001
   1.57218664E+22  9.36053599E+001  2.55816955E+001  1.57987129E+005  1.90495791E+001  9.26063497E+000
   1.57490199E+22  9.50790739E+001  2.51600777E+001  1.57987337E+005  2.02429698E+001  8.04192830E+000
   1.57942759E+22  9.76912931E+001  2.46052912E+001  1.57987610E+005  2.18831444E+001  6.35171454E+000
   1.58395318E+22  9.99889196E+001  2.46647697E+001  1.57987576E+005  2.31316246E+001  5.04176143E+000
   1.58847877E+22  1.02110207E+002  2.52580387E+001  1.57987275E+005  2.40551210E+001  4.04258091E+000
   1.59306915E+22  1.04099213E+002  2.64818723E+001  1.57986659E+005  2.47318885E+001  3.27094874E+000
   1.59765952E+22  1.05961687E+002  2.84648282E+001  1.57985663E+005  2.52097102E+001  2.67542509E+000
   1.60121521E+22  1.07216846E+002  3.07709516E+001  1.57984507E+005  2.54766978E+001  2.29802784E+000
   1.60477090E+22  1.08489321E+002  3.38233486E+001  1.57982978E+005  2.56657512E+001  1.97790400E+000
   1.60680742E+22  1.09043593E+002  3.61756195E+001  1.57981801E+005  2.57415476E+001  1.81665186E+000
   1.60986219E+22  1.10137429E+002  4.03216013E+001  1.57979725E+005  2.58121815E+001  1.59993511E+000
   1.61291697E+22  1.11085403E+002  4.60069236E+001  1.57976880E+005  2.58310577E+001  1.41130429E+000
   1.61530289E+22  1.11725946E+002  5.20074327E+001  1.57973878E+005  2.58089976E+001  1.28126274E+000
   1.61768882E+22  1.12404738E+002  5.99065722E+001  1.57969927E+005  2.57520331E+001  1.16520097E+000
   1.61937593E+22  1.12800820E+002  6.73571485E+001  1.57966201E+005  2.56901074E+001  1.09021577E+000
   1.62106303E+22  1.13258866E+002  7.69635194E+001  1.57961396E+005  2.56073695E+001  1.02087209E+000
   1.62228494E+22  1.13541264E+002  8.61017270E+001  1.57956826E+005  2.55333603E+001  9.73704656E-001
   1.62350685E+22  1.13873078E+002  9.79082567E+001  1.57950922E+005  2.54449527E+001  9.28898136E-001
   1.62432146E+22  1.14055968E+002  1.08162878E+002  1.57945794E+005  2.53770034E+001  9.00144969E-001
   1.62513606E+22  1.14286114E+002  1.21169469E+002  1.57939290E+005  2.53000238E+001  8.72084472E-001
   1.62605414E+22  1.14566289E+002  1.41245716E+002  1.57929252E+005  2.52004927E+001  8.41039208E-001
   1.62676528E+22  1.14763004E+002  1.63777219E+002  1.57917985E+005  2.51124412E+001  8.17161110E-001
   1.62717258E+22  1.14860425E+002  1.81475839E+002  1.57909136E+005  2.50570798E+001  8.03485434E-001
   1.62757988E+22  1.14992387E+002  2.04899907E+002  1.57897423E+005  2.49973101E+001  7.90104074E-001
   1.62781848E+22  1.15052777E+002  2.22914472E+002  1.57888416E+005  2.49606628E+001  7.82271630E-001
   1.62805707E+22  1.15130552E+002  2.45785076E+002  1.57876980E+005  2.49226191E+001  7.74714100E-001
   1.62822578E+22  1.15177265E+002  2.66422950E+002  1.57866661E+005  2.48953355E+001  7.69490355E-001
   1.62839449E+22  1.15229370E+002  2.92665866E+002  1.57853539E+005  2.48679212E+001  7.64573321E-001
   1.62851668E+22  1.15259934E+002  3.16995734E+002  1.57841374E+005  2.48484839E+001  7.61226624E-001
   1.62863887E+22  1.15291993E+002  3.48194777E+002  1.57825775E+005  2.48298499E+001  7.58211443E-001
   1.62872033E+22  1.15299190E+002  3.74866671E+002  1.57812439E+005  2.48185163E+001  7.56371498E-001
   1.62880179E+22  1.15320173E+002  4.08592422E+002  1.57795576E+005  2.48082738E+001  7.54976116E-001
   1.62889360E+22  1.15322453E+002  4.60635693E+002  1.57769554E+005  2.47998509E+001  7.53793416E-001
   1.62896471E+22  1.15315668E+002  5.19014930E+002  1.57740365E+005  2.47972940E+001  7.53530272E-001
   1.62900544E+22  1.15302201E+002  5.65138488E+002  1.57717303E+005  2.47987698E+001  7.53756994E-001
   1.62904618E+22  1.15282362E+002  6.27304267E+002  1.57686220E+005  2.48039276E+001  7.54467990E-001
   1.62909389E+22  1.15236804E+002  7.38962352E+002  1.57630391E+005  2.48189589E+001  7.56250431E-001
   1.62912764E+22  1.15170039E+002  8.73562497E+002  1.57563091E+005  2.48422354E+001  7.58669581E-001
   1.62915207E+22  1.15080473E+002  1.04309483E+003  1.57478325E+005  2.48746923E+001  7.61953667E-001
   1.62916837E+22  1.14974148E+002  1.23948183E+003  1.57380132E+005  2.49133373E+001  7.65897277E-001
   1.62917755E+22  1.14884005E+002  1.41746585E+003  1.57291140E+005  2.49478237E+001  7.69814603E-001
   1.62918466E+22  1.14772126E+002  1.62674192E+003  1.57186502E+005  2.49872346E+001  7.74536425E-001
   1.62919280E+22  1.14552244E+002  2.05049614E+003  1.56974626E+005  2.50621012E+001  7.84494064E-001
   1.62919758E+22  1.14307295E+002  2.54659278E+003  1.56726578E+005  2.51411392E+001  7.96432997E-001
   1.62920095E+22  1.13988180E+002  3.23713998E+003  1.56381305E+005  2.52371072E+001  8.13987324E-001
   1.62920339E+22  1.13558530E+002  4.24654167E+003  1.55876605E+005  2.53538668E+001  8.43142637E-001
   1.62920502E+22  1.13045462E+002  5.59314724E+003  1.55203303E+005  2.54778133E+001  8.85677065E-001
   1.62920594E+22  1.12588081E+002  6.96370216E+003  1.54518027E+005  2.55769453E+001  9.29741209E-001
   1.62920665E+22  1.12088525E+002  8.71374632E+003  1.53643006E+005  2.56752841E+001  9.85158882E-001
   1.62920747E+22  1.11280587E+002  1.25282590E+004  1.51735751E+005  2.58181534E+001  1.09651032E+000
   1.62920794E+22  1.10734672E+002  1.70953194E+004  1.49452221E+005  2.59148889E+001  1.21297608E+000
   1.62920828E+22  1.10560081E+002  2.33635617E+004  1.46318100E+005  2.59808295E+001  1.34777848E+000
   1.62920853E+22  1.11214670E+002  3.22258642E+004  1.41886946E+005  2.60109798E+001  1.50602158E+000
   1.62920869E+22  1.13317264E+002  4.31805191E+004  1.36409612E+005  2.59994106E+001  1.67307024E+000
   1.62920878E+22  1.16583797E+002  5.29152551E+004  1.31542235E+005  2.59613576E+001  1.81347459E+000
   1.62920885E+22  1.22220485E+002  6.30028250E+004  1.26498434E+005  2.58928072E+001  1.97036407E+000
   1.62920893E+22  1.39219964E+002  7.55483835E+004  1.20225611E+005  2.56985832E+001  2.26272277E+000
   1.62920898E+22  1.67694874E+002  7.89030209E+004  1.18548227E+005  2.53558095E+001  2.58992593E+000
   1.62920902E+22  2.14186661E+002  7.62284536E+004  1.19885414E+005  2.43531656E+001  3.12720399E+000
   1.62920903E+22  2.36408755E+002  7.47940505E+004  1.20602561E+005  2.33988130E+001  3.50435171E+000
   1.62920904E+22  2.62526193E+002  7.34988540E+004  1.21250064E+005  2.14284902E+001  4.19204052E+000
   1.62920904E+22  2.76256004E+002  7.30923902E+004  1.21453214E+005  1.97526423E+001  4.73747102E+000
   1.62920905E+22  2.89833486E+002  7.28975332E+004  1.21550521E+005  1.74591528E+001  5.44291638E+000
   1.62920905E+22  3.03577735E+002  7.28771930E+004  1.21560507E+005  1.45675448E+001  6.26533358E+000
   1.62920905E+22  3.10853989E+002  7.28953396E+004  1.21551310E+005  1.29951628E+001  6.68204292E+000
   1.62920906E+22  3.18582513E+002  7.29274529E+004  1.21535105E+005  1.14618273E+001  7.07350516E+000
   1.62920906E+22  3.26924543E+002  7.29657750E+004  1.21515764E+005  1.00390456E+001  7.43725144E+000
   1.62920906E+22  3.40839383E+002  7.30363523E+004  1.21480115E+005  8.18859480E+000  7.97212087E+000
   1.62920906E+22  3.48237165E+002  7.31082836E+004  1.21443908E+005  7.42184123E+000  8.25610245E+000
   1.62920907E+22  3.55735563E+002  7.32243810E+004  1.21385559E+005  6.76100905E+000  8.56381382E+000
   1.62920907E+22  3.63183629E+002  7.33930790E+004  1.21300834E+005  6.19646863E+000  8.89982221E+000
   1.62920907E+22  3.73989496E+002  7.37516541E+004  1.21120804E+005  5.50132860E+000  9.45355461E+000
   1.62920907E+22  3.84216252E+002  7.42284778E+004  1.20881380E+005  4.94617946E+000  1.00490038E+001
   1.62920908E+22  3.94087484E+002  7.47876794E+004  1.20600390E+005  4.47834359E+000  1.06752884E+001
   1.62920908E+22  4.04529640E+002  7.53627515E+004  1.20310767E+005  4.03660052E+000  1.13548864E+001
   1.62920908E+22  4.14848705E+002  7.56899321E+004  1.20144264E+005  3.63896750E+000  1.19803920E+001
   1.62920908E+22  4.29724150E+002  7.58482633E+004  1.20058904E+005  3.12158364E+000  1.26124483E+001
   1.62920909E+22  4.41777235E+002  7.60043824E+004  1.19973763E+005  2.74864839E+000  1.26909511E+001
   1.62920909E+22  4.47131163E+002  7.61354176E+004  1.19904494E+005  2.59648348E+000  1.25603186E+001
   1.62920909E+22  4.47873161E+002  7.64579398E+004  1.19742745E+005  2.57899284E+000  1.25393550E+001
   1.62920909E+22  4.20750271E+002  7.80312792E+004  1.18971650E+005  3.45510119E+000  1.22825948E+001
   1.62920909E+22  3.92234433E+002  8.01910035E+004  1.17899209E+005  4.66342565E+000  1.05408115E+001
   1.62920909E+22  3.74001898E+002  8.22636548E+004  1.16864952E+005  5.70653198E+000  9.44837940E+000
   1.62920909E+22  3.58622489E+002  8.48876481E+004  1.15553920E+005  6.90185976E+000  8.69001758E+000
   1.62920909E+22  3.50334638E+002  8.69160491E+004  1.14540076E+005  7.74388597E+000  8.33336496E+000
   1.62920910E+22  3.46974013E+002  8.83583045E+004  1.13819075E+005  8.16073116E+000  8.19305965E+000
