# J_up I(erg_cm-2_s-1_ster-1)
01    2.90621E-07
02    3.69330E-06
03    1.45273E-05
04    3.62638E-05
05    7.03127E-05
06    1.15353E-04
07    1.66665E-04
08    2.14870E-04
09    2.44351E-04
10    2.34435E-04
11    1.72148E-04
12    9.22074E-05
13    4.11899E-05
14    1.82418E-05
15    8.53786E-06
16    4.81311E-06
17    3.16255E-06
18    2.30287E-06
19    1.75148E-06
20    1.33475E-06
21    1.00384E-06
22    7.41586E-07
23    5.37872E-07
24    3.83297E-07
25    2.68784E-07
26    1.85841E-07
27    1.26987E-07
28    8.59050E-08
29    5.76738E-08
30    3.84712E-08
