# NH                 T_gas  H            H2           C            CO
  1.5900e+14      70.4983   9.9986e-01   6.2095e-05   9.8193e-08   1.9891e-11
  1.6498e+14      70.4983   9.9986e-01   6.2095e-05   9.8193e-08   1.9893e-11
  1.7118e+14      70.4983   9.9986e-01   6.2095e-05   9.8193e-08   1.9895e-11
  1.7762e+14      70.4983   9.9986e-01   6.2095e-05   9.8193e-08   1.9897e-11
  1.8430e+14      70.4983   9.9986e-01   6.2095e-05   9.8193e-08   1.9899e-11
  1.9123e+14      70.4983   9.9986e-01   6.2095e-05   9.8193e-08   1.9901e-11
  1.9842e+14      70.4983   9.9986e-01   6.2095e-05   9.8193e-08   1.9903e-11
  2.0588e+14      70.4983   9.9986e-01   6.2096e-05   9.8193e-08   1.9905e-11
  2.1363e+14      70.4983   9.9986e-01   6.2096e-05   9.8193e-08   1.9907e-11
  2.2166e+14      70.4983   9.9986e-01   6.2096e-05   9.8193e-08   1.9909e-11
  2.2999e+14      70.4983   9.9986e-01   6.2096e-05   9.8193e-08   1.9911e-11
  2.3864e+14      70.4983   9.9986e-01   6.2096e-05   9.8193e-08   1.9913e-11
  2.4762e+14      70.4983   9.9986e-01   6.2096e-05   9.8193e-08   1.9915e-11
  2.5693e+14      70.4983   9.9986e-01   6.2096e-05   9.8193e-08   1.9917e-11
  2.6659e+14      70.4983   9.9986e-01   6.2096e-05   9.8193e-08   1.9919e-11
  2.7662e+14      70.4983   9.9986e-01   6.2097e-05   9.8193e-08   1.9921e-11
  2.8702e+14      70.4983   9.9986e-01   6.2097e-05   9.8193e-08   1.9923e-11
  2.9781e+14      70.4983   9.9986e-01   6.2097e-05   9.8193e-08   1.9925e-11
  3.0901e+14      70.4983   9.9986e-01   6.2097e-05   9.8193e-08   1.9927e-11
  3.2063e+14      70.4983   9.9986e-01   6.2097e-05   9.8193e-08   1.9929e-11
  3.3269e+14      70.4983   9.9986e-01   6.2097e-05   9.8193e-08   1.9931e-11
  3.4520e+14      70.4983   9.9986e-01   6.2098e-05   9.8193e-08   1.9933e-11
  3.5818e+14      70.4983   9.9986e-01   6.2098e-05   9.8193e-08   1.9935e-11
  3.7165e+14      70.4983   9.9986e-01   6.2098e-05   9.8193e-08   1.9937e-11
  3.8563e+14      70.5060   9.9986e-01   6.2100e-05   9.8188e-08   1.9939e-11
  4.0013e+14      70.4983   9.9986e-01   6.2098e-05   9.8193e-08   1.9942e-11
  4.1517e+14      70.4983   9.9986e-01   6.2099e-05   9.8193e-08   1.9944e-11
  4.3079e+14      70.4983   9.9986e-01   6.2099e-05   9.8193e-08   1.9946e-11
  4.4699e+14      70.5060   9.9986e-01   6.2101e-05   9.8188e-08   1.9947e-11
  4.6380e+14      70.4983   9.9986e-01   6.2099e-05   9.8193e-08   1.9950e-11
  4.8124e+14      70.4983   9.9986e-01   6.2100e-05   9.8193e-08   1.9952e-11
  4.9933e+14      70.4983   9.9986e-01   6.2100e-05   9.8193e-08   1.9954e-11
  5.1811e+14      70.4983   9.9986e-01   6.2100e-05   9.8193e-08   1.9956e-11
  5.3760e+14      70.4983   9.9986e-01   6.2101e-05   9.8193e-08   1.9958e-11
  5.5781e+14      70.4983   9.9986e-01   6.2101e-05   9.8194e-08   1.9960e-11
  5.7879e+14      70.4983   9.9986e-01   6.2101e-05   9.8194e-08   1.9962e-11
  6.0055e+14      70.4983   9.9986e-01   6.2102e-05   9.8194e-08   1.9964e-11
  6.2314e+14      70.4983   9.9986e-01   6.2102e-05   9.8194e-08   1.9966e-11
  6.4657e+14      70.4983   9.9986e-01   6.2102e-05   9.8194e-08   1.9968e-11
  6.7088e+14      70.4983   9.9986e-01   6.2103e-05   9.8194e-08   1.9970e-11
  6.9611e+14      70.4983   9.9986e-01   6.2103e-05   9.8194e-08   1.9972e-11
  7.2229e+14      70.4983   9.9986e-01   6.2103e-05   9.8194e-08   1.9974e-11
  7.4945e+14      70.4983   9.9986e-01   6.2104e-05   9.8194e-08   1.9976e-11
  7.7764e+14      70.4983   9.9986e-01   6.2104e-05   9.8194e-08   1.9978e-11
  8.0688e+14      70.4983   9.9986e-01   6.2105e-05   9.8194e-08   1.9980e-11
  8.3722e+14      70.4983   9.9986e-01   6.2105e-05   9.8194e-08   1.9982e-11
  8.6870e+14      70.4983   9.9986e-01   6.2106e-05   9.8194e-08   1.9984e-11
  9.0137e+14      70.4983   9.9986e-01   6.2106e-05   9.8194e-08   1.9986e-11
  9.3527e+14      70.4983   9.9986e-01   6.2107e-05   9.8194e-08   1.9988e-11
  9.7044e+14      70.4983   9.9986e-01   6.2107e-05   9.8194e-08   1.9990e-11
  1.0069e+15      70.4983   9.9986e-01   6.2108e-05   9.8194e-08   1.9992e-11
  1.0448e+15      70.4983   9.9986e-01   6.2108e-05   9.8194e-08   1.9994e-11
  1.0841e+15      70.4983   9.9986e-01   6.2109e-05   9.8194e-08   1.9996e-11
  1.1249e+15      70.4990   9.9986e-01   6.2110e-05   9.8194e-08   1.9998e-11
  1.1672e+15      70.4983   9.9986e-01   6.2110e-05   9.8194e-08   2.0000e-11
  1.2110e+15      70.4983   9.9986e-01   6.2111e-05   9.8194e-08   2.0002e-11
  1.2566e+15      70.4983   9.9986e-01   6.2111e-05   9.8195e-08   2.0004e-11
  1.3038e+15      70.4983   9.9986e-01   6.2112e-05   9.8195e-08   2.0006e-11
  1.3529e+15      70.4983   9.9986e-01   6.2113e-05   9.8195e-08   2.0008e-11
  1.4037e+15      70.4983   9.9986e-01   6.2114e-05   9.8195e-08   2.0010e-11
  1.4565e+15      70.4983   9.9986e-01   6.2114e-05   9.8195e-08   2.0012e-11
  1.5113e+15      70.4983   9.9986e-01   6.2115e-05   9.8195e-08   2.0014e-11
  1.5681e+15      70.4983   9.9986e-01   6.2116e-05   9.8195e-08   2.0016e-11
  1.6271e+15      70.4983   9.9986e-01   6.2117e-05   9.8195e-08   2.0018e-11
  1.6883e+15      70.4983   9.9986e-01   6.2118e-05   9.8195e-08   2.0021e-11
  1.7518e+15      70.4983   9.9986e-01   6.2119e-05   9.8195e-08   2.0023e-11
  1.8177e+15      70.4983   9.9986e-01   6.2120e-05   9.8195e-08   2.0025e-11
  1.8860e+15      70.4983   9.9986e-01   6.2121e-05   9.8195e-08   2.0027e-11
  1.9569e+15      70.4983   9.9986e-01   6.2122e-05   9.8195e-08   2.0029e-11
  2.0305e+15      70.4983   9.9986e-01   6.2123e-05   9.8195e-08   2.0031e-11
  2.1069e+15      70.4983   9.9986e-01   6.2124e-05   9.8195e-08   2.0033e-11
  2.1861e+15      70.4983   9.9986e-01   6.2126e-05   9.8196e-08   2.0035e-11
  2.2683e+15      70.4983   9.9986e-01   6.2127e-05   9.8196e-08   2.0037e-11
  2.3536e+15      70.4983   9.9986e-01   6.2128e-05   9.8196e-08   2.0039e-11
  2.4421e+15      70.4983   9.9986e-01   6.2129e-05   9.8196e-08   2.0041e-11
  2.5340e+15      70.4983   9.9986e-01   6.2131e-05   9.8196e-08   2.0043e-11
  2.6293e+15      70.4983   9.9986e-01   6.2132e-05   9.8196e-08   2.0045e-11
  2.7281e+15      70.4983   9.9986e-01   6.2135e-05   9.8194e-08   2.0047e-11
  2.8307e+15      70.4982   9.9986e-01   6.2135e-05   9.8196e-08   2.0049e-11
  2.9372e+15      70.4982   9.9986e-01   6.2137e-05   9.8196e-08   2.0051e-11
  3.0476e+15      70.4982   9.9986e-01   6.2139e-05   9.8196e-08   2.0053e-11
  3.1622e+15      70.4982   9.9986e-01   6.2140e-05   9.8196e-08   2.0055e-11
  3.2812e+15      70.4982   9.9986e-01   6.2142e-05   9.8196e-08   2.0057e-11
  3.4045e+15      70.4982   9.9986e-01   6.2144e-05   9.8197e-08   2.0059e-11
  3.5326e+15      70.4982   9.9986e-01   6.2146e-05   9.8197e-08   2.0061e-11
  3.6654e+15      70.4982   9.9986e-01   6.2148e-05   9.8197e-08   2.0063e-11
  3.8032e+15      70.4982   9.9986e-01   6.2150e-05   9.8197e-08   2.0065e-11
  3.9463e+15      70.5011   9.9986e-01   6.2153e-05   9.8195e-08   2.0067e-11
  4.0947e+15      70.4982   9.9986e-01   6.2154e-05   9.8197e-08   2.0069e-11
  4.2486e+15      70.4982   9.9986e-01   6.2157e-05   9.8197e-08   2.0071e-11
  4.4084e+15      70.4982   9.9986e-01   6.2159e-05   9.8197e-08   2.0074e-11
  4.5742e+15      70.4982   9.9986e-01   6.2162e-05   9.8197e-08   2.0076e-11
  4.7462e+15      70.4982   9.9986e-01   6.2164e-05   9.8198e-08   2.0078e-11
  4.9247e+15      70.4982   9.9986e-01   6.2167e-05   9.8198e-08   2.0080e-11
  5.1099e+15      70.4982   9.9986e-01   6.2170e-05   9.8198e-08   2.0082e-11
  5.3020e+15      70.4982   9.9986e-01   6.2173e-05   9.8198e-08   2.0084e-11
  5.5014e+15      70.4982   9.9986e-01   6.2176e-05   9.8198e-08   2.0086e-11
  5.7083e+15      70.4982   9.9986e-01   6.2179e-05   9.8197e-08   2.0088e-11
  5.9230e+15      70.4995   9.9986e-01   6.2182e-05   9.8197e-08   2.0090e-11
  6.1457e+15      70.4981   9.9986e-01   6.2186e-05   9.8198e-08   2.0092e-11
  6.3768e+15      70.4981   9.9986e-01   6.2189e-05   9.8199e-08   2.0094e-11
  6.6166e+15      70.4981   9.9986e-01   6.2193e-05   9.8199e-08   2.0096e-11
  6.8654e+15      70.4981   9.9986e-01   6.2196e-05   9.8199e-08   2.0098e-11
  7.1236e+15      70.4981   9.9986e-01   6.2200e-05   9.8199e-08   2.0100e-11
  7.3915e+15      70.4981   9.9986e-01   6.2204e-05   9.8199e-08   2.0102e-11
  7.6694e+15      70.4981   9.9986e-01   6.2209e-05   9.8199e-08   2.0104e-11
  7.9579e+15      70.4981   9.9986e-01   6.2213e-05   9.8200e-08   2.0106e-11
  8.2571e+15      70.4981   9.9986e-01   6.2218e-05   9.8200e-08   2.0108e-11
  8.5676e+15      70.4981   9.9986e-01   6.2222e-05   9.8200e-08   2.0110e-11
  8.8898e+15      70.4981   9.9986e-01   6.2227e-05   9.8200e-08   2.0113e-11
  9.2241e+15      70.4981   9.9986e-01   6.2232e-05   9.8200e-08   2.0115e-11
  9.5710e+15      70.4980   9.9986e-01   6.2237e-05   9.8201e-08   2.0117e-11
  9.9309e+15      70.4980   9.9986e-01   6.2243e-05   9.8201e-08   2.0119e-11
  1.0304e+16      70.4980   9.9986e-01   6.2249e-05   9.8201e-08   2.0121e-11
  1.0692e+16      70.4980   9.9986e-01   6.2254e-05   9.8201e-08   2.0123e-11
  1.1094e+16      70.4980   9.9986e-01   6.2261e-05   9.8201e-08   2.0125e-11
  1.1511e+16      70.4980   9.9986e-01   6.2267e-05   9.8201e-08   2.0127e-11
  1.1944e+16      70.4980   9.9986e-01   6.2274e-05   9.8202e-08   2.0129e-11
  1.2393e+16      70.4980   9.9986e-01   6.2280e-05   9.8202e-08   2.0131e-11
  1.2859e+16      70.4979   9.9986e-01   6.2287e-05   9.8202e-08   2.0133e-11
  1.3343e+16      70.4979   9.9986e-01   6.2295e-05   9.8202e-08   2.0135e-11
  1.3844e+16      70.4979   9.9986e-01   6.2302e-05   9.8203e-08   2.0137e-11
  1.4365e+16      70.4979   9.9986e-01   6.2310e-05   9.8203e-08   2.0140e-11
  1.4905e+16      70.4979   9.9986e-01   6.2319e-05   9.8203e-08   2.0142e-11
  1.5466e+16      70.4978   9.9986e-01   6.2327e-05   9.8203e-08   2.0144e-11
  1.6047e+16      70.4978   9.9986e-01   6.2336e-05   9.8204e-08   2.0146e-11
  1.6651e+16      70.4978   9.9986e-01   6.2345e-05   9.8204e-08   2.0148e-11
  1.7277e+16      70.4981   9.9986e-01   6.2361e-05   9.8187e-08   2.0148e-11
  1.7927e+16      70.4978   9.9986e-01   6.2365e-05   9.8204e-08   2.0152e-11
  1.8601e+16      70.4977   9.9986e-01   6.2375e-05   9.8205e-08   2.0154e-11
  1.9300e+16      70.4984   9.9986e-01   6.2386e-05   9.8204e-08   2.0156e-11
  2.0026e+16      70.4977   9.9986e-01   6.2396e-05   9.8205e-08   2.0158e-11
  2.0779e+16      70.4977   9.9986e-01   6.2408e-05   9.8206e-08   2.0160e-11
  2.1561e+16      70.4976   9.9986e-01   6.2420e-05   9.8206e-08   2.0163e-11
  2.2371e+16      70.4976   9.9985e-01   6.2432e-05   9.8206e-08   2.0165e-11
  2.3213e+16      70.4976   9.9985e-01   6.2445e-05   9.8207e-08   2.0167e-11
  2.4086e+16      70.4976   9.9985e-01   6.2458e-05   9.8207e-08   2.0169e-11
  2.4991e+16      70.4976   9.9985e-01   6.2472e-05   9.8208e-08   2.0171e-11
  2.5931e+16      70.4975   9.9985e-01   6.2487e-05   9.8208e-08   2.0173e-11
  2.6906e+16      70.4975   9.9985e-01   6.2501e-05   9.8208e-08   2.0175e-11
  2.7918e+16      70.4975   9.9985e-01   6.2517e-05   9.8209e-08   2.0177e-11
  2.8968e+16      70.4974   9.9985e-01   6.2533e-05   9.8209e-08   2.0180e-11
  3.0057e+16      70.4974   9.9985e-01   6.2550e-05   9.8210e-08   2.0182e-11
  3.1188e+16      70.4974   9.9985e-01   6.2567e-05   9.8209e-08   2.0184e-11
  3.2360e+16      70.4973   9.9985e-01   6.2585e-05   9.8211e-08   2.0186e-11
  3.3577e+16      70.4973   9.9985e-01   6.2603e-05   9.8211e-08   2.0188e-11
  3.4840e+16      70.4972   9.9985e-01   6.2623e-05   9.8211e-08   2.0190e-11
  3.6150e+16      70.4976   9.9985e-01   6.2650e-05   9.8190e-08   2.0190e-11
  3.7510e+16      70.4972   9.9985e-01   6.2664e-05   9.8212e-08   2.0195e-11
  3.8920e+16      70.4971   9.9985e-01   6.2685e-05   9.8213e-08   2.0197e-11
  4.0384e+16      70.4971   9.9985e-01   6.2708e-05   9.8213e-08   2.0199e-11
  4.1902e+16      70.4970   9.9985e-01   6.2731e-05   9.8214e-08   2.0201e-11
  4.3478e+16      70.4970   9.9985e-01   6.2755e-05   9.8214e-08   2.0203e-11
  4.5113e+16      70.4970   9.9985e-01   6.2781e-05   9.8213e-08   2.0205e-11
  4.6810e+16      70.4968   9.9985e-01   6.2807e-05   9.8216e-08   2.0208e-11
  4.8570e+16      70.4968   9.9985e-01   6.2834e-05   9.8216e-08   2.0210e-11
  5.0396e+16      70.4967   9.9985e-01   6.2862e-05   9.8217e-08   2.0212e-11
  5.2292e+16      70.4967   9.9985e-01   6.2891e-05   9.8218e-08   2.0214e-11
  5.4258e+16      70.4966   9.9985e-01   6.2921e-05   9.8218e-08   2.0216e-11
  5.6298e+16      70.4965   9.9985e-01   6.2953e-05   9.8219e-08   2.0219e-11
  5.8415e+16      70.4965   9.9985e-01   6.2985e-05   9.8220e-08   2.0221e-11
  6.0612e+16      70.4964   9.9985e-01   6.3019e-05   9.8220e-08   2.0223e-11
  6.2891e+16      70.4963   9.9985e-01   6.3055e-05   9.8221e-08   2.0225e-11
  6.5256e+16      70.4963   9.9985e-01   6.3091e-05   9.8222e-08   2.0228e-11
  6.7710e+16      70.4962   9.9985e-01   6.3129e-05   9.8223e-08   2.0230e-11
  7.0257e+16      70.4961   9.9985e-01   6.3169e-05   9.8224e-08   2.0232e-11
  7.2899e+16      70.4960   9.9985e-01   6.3210e-05   9.8224e-08   2.0234e-11
  7.5640e+16      70.4959   9.9985e-01   6.3252e-05   9.8225e-08   2.0237e-11
  7.8484e+16      70.4959   9.9985e-01   6.3297e-05   9.8226e-08   2.0239e-11
  8.1436e+16      70.4958   9.9985e-01   6.3343e-05   9.8227e-08   2.0241e-11
  8.4498e+16      70.4957   9.9985e-01   6.3390e-05   9.8228e-08   2.0244e-11
  8.7676e+16      70.4956   9.9985e-01   6.3440e-05   9.8229e-08   2.0246e-11
  9.0973e+16      70.4955   9.9985e-01   6.3491e-05   9.8230e-08   2.0248e-11
  9.4394e+16      70.4953   9.9985e-01   6.3545e-05   9.8231e-08   2.0251e-11
  9.7944e+16      70.4952   9.9985e-01   6.3601e-05   9.8232e-08   2.0253e-11
  1.0163e+17      70.4951   9.9985e-01   6.3658e-05   9.8233e-08   2.0255e-11
  1.0545e+17      70.5015   9.9985e-01   6.3723e-05   9.8222e-08   2.0257e-11
  1.0941e+17      70.4949   9.9985e-01   6.3781e-05   9.8236e-08   2.0260e-11
  1.1353e+17      70.5001   9.9985e-01   6.3917e-05   9.8031e-08   2.0242e-11
  1.1780e+17      70.4946   9.9985e-01   6.3913e-05   9.8238e-08   2.0265e-11
  1.2223e+17      70.4945   9.9985e-01   6.3983e-05   9.8239e-08   2.0267e-11
  1.2682e+17      70.4943   9.9985e-01   6.4056e-05   9.8241e-08   2.0270e-11
  1.3159e+17      70.4942   9.9985e-01   6.4131e-05   9.8242e-08   2.0272e-11
  1.3654e+17      70.4940   9.9985e-01   6.4210e-05   9.8244e-08   2.0275e-11
  1.4168e+17      70.4938   9.9985e-01   6.4292e-05   9.8245e-08   2.0277e-11
  1.4700e+17      70.4937   9.9985e-01   6.4377e-05   9.8247e-08   2.0280e-11
  1.5253e+17      70.4935   9.9985e-01   6.4465e-05   9.8248e-08   2.0282e-11
  1.5827e+17      70.4933   9.9985e-01   6.4557e-05   9.8250e-08   2.0285e-11
  1.6422e+17      70.4931   9.9985e-01   6.4652e-05   9.8251e-08   2.0287e-11
  1.7040e+17      70.4929   9.9985e-01   6.4752e-05   9.8253e-08   2.0290e-11
  1.7680e+17      70.4927   9.9985e-01   6.4855e-05   9.8255e-08   2.0293e-11
  1.8345e+17      70.4931   9.9985e-01   6.4965e-05   9.8249e-08   2.0294e-11
  1.9035e+17      70.4923   9.9985e-01   6.5074e-05   9.8259e-08   2.0298e-11
  1.9751e+17      70.4921   9.9985e-01   6.5190e-05   9.8261e-08   2.0301e-11
  2.0494e+17      70.4918   9.9985e-01   6.5311e-05   9.8263e-08   2.0303e-11
  2.1264e+17      70.4916   9.9985e-01   6.5437e-05   9.8265e-08   2.0306e-11
  2.2064e+17      70.4913   9.9985e-01   6.5568e-05   9.8267e-08   2.0309e-11
  2.2894e+17      70.4911   9.9985e-01   6.5704e-05   9.8269e-08   2.0312e-11
  2.3754e+17      70.4908   9.9985e-01   6.5846e-05   9.8272e-08   2.0314e-11
  2.4648e+17      70.4905   9.9985e-01   6.5994e-05   9.8274e-08   2.0317e-11
  2.5575e+17      70.4902   9.9985e-01   6.6147e-05   9.8277e-08   2.0320e-11
  2.6536e+17      70.4899   9.9985e-01   6.6308e-05   9.8279e-08   2.0323e-11
  2.7534e+17      70.4896   9.9985e-01   6.6474e-05   9.8282e-08   2.0326e-11
  2.8570e+17      70.4892   9.9985e-01   6.6648e-05   9.8285e-08   2.0329e-11
  2.9644e+17      70.4889   9.9985e-01   6.6829e-05   9.8287e-08   2.0332e-11
  3.0759e+17      70.4886   9.9985e-01   6.7017e-05   9.8290e-08   2.0335e-11
  3.1916e+17      70.4882   9.9985e-01   6.7214e-05   9.8293e-08   2.0338e-11
  3.3116e+17      70.4878   9.9984e-01   6.7418e-05   9.8297e-08   2.0341e-11
  3.4361e+17      70.4874   9.9984e-01   6.7632e-05   9.8300e-08   2.0344e-11
  3.5653e+17      70.4870   9.9984e-01   6.7854e-05   9.8303e-08   2.0347e-11
  3.6994e+17      70.4866   9.9984e-01   6.8086e-05   9.8307e-08   2.0350e-11
  3.8385e+17      70.4861   9.9984e-01   6.8328e-05   9.8310e-08   2.0354e-11
  3.9829e+17      70.4857   9.9984e-01   6.8580e-05   9.8314e-08   2.0357e-11
  4.1326e+17      70.4857   9.9984e-01   6.8844e-05   9.8317e-08   2.0360e-11
  4.2880e+17      70.4847   9.9984e-01   6.9118e-05   9.8322e-08   2.0364e-11
  4.4493e+17      70.4847   9.9984e-01   6.9405e-05   9.8325e-08   2.0367e-11
  4.6166e+17      70.4836   9.9984e-01   6.9705e-05   9.8330e-08   2.0371e-11
  4.7902e+17      70.4831   9.9984e-01   7.0017e-05   9.8334e-08   2.0374e-11
  4.9704e+17      70.4825   9.9984e-01   7.0344e-05   9.8339e-08   2.0378e-11
  5.1573e+17      70.4819   9.9984e-01   7.0686e-05   9.8343e-08   2.0382e-11
  5.3512e+17      70.4813   9.9984e-01   7.1042e-05   9.8349e-08   2.0385e-11
  5.5524e+17      70.4806   9.9984e-01   7.1416e-05   9.8354e-08   2.0389e-11
  5.7612e+17      70.4800   9.9984e-01   7.1806e-05   9.8359e-08   2.0393e-11
  5.9779e+17      70.4793   9.9984e-01   7.2214e-05   9.8364e-08   2.0397e-11
  6.2027e+17      70.4786   9.9983e-01   7.2641e-05   9.8370e-08   2.0401e-11
  6.4359e+17      70.4778   9.9983e-01   7.3089e-05   9.8376e-08   2.0405e-11
  6.6780e+17      70.4777   9.9983e-01   7.3557e-05   9.8381e-08   2.0409e-11
  6.9291e+17      70.4762   9.9983e-01   7.4048e-05   9.8388e-08   2.0414e-11
  7.1896e+17      70.4757   9.9983e-01   7.4563e-05   9.8393e-08   2.0418e-11
  7.4600e+17      70.4746   9.9983e-01   7.5102e-05   9.8401e-08   2.0422e-11
  7.7406e+17      70.4736   9.9983e-01   7.5668e-05   9.8408e-08   2.0427e-11
  8.0316e+17      70.4727   9.9983e-01   7.6262e-05   9.8415e-08   2.0432e-11
  8.3337e+17      70.4717   9.9983e-01   7.6885e-05   9.8422e-08   2.0436e-11
  8.6471e+17      70.4716   9.9982e-01   7.7540e-05   9.8429e-08   2.0441e-11
  8.9722e+17      70.4697   9.9982e-01   7.8229e-05   9.8438e-08   2.0446e-11
  9.3096e+17      70.4686   9.9982e-01   7.8952e-05   9.8446e-08   2.0451e-11
  9.6597e+17      70.4675   9.9982e-01   7.9714e-05   9.8454e-08   2.0456e-11
  1.0023e+18      70.4663   9.9982e-01   8.0515e-05   9.8463e-08   2.0461e-11
  1.0400e+18      70.4651   9.9982e-01   8.1360e-05   9.8472e-08   2.0467e-11
  1.0791e+18      70.4638   9.9982e-01   8.2250e-05   9.8482e-08   2.0472e-11
  1.1197e+18      70.4625   9.9981e-01   8.3189e-05   9.8491e-08   2.0478e-11
  1.1618e+18      70.4612   9.9981e-01   8.4180e-05   9.8501e-08   2.0484e-11
  1.2055e+18      70.4598   9.9981e-01   8.5228e-05   9.8512e-08   2.0490e-11
  1.2508e+18      70.4583   9.9981e-01   8.6334e-05   9.8523e-08   2.0496e-11
  1.2978e+18      70.4568   9.9980e-01   8.7506e-05   9.8534e-08   2.0502e-11
  1.3466e+18      70.4552   9.9980e-01   8.8746e-05   9.8546e-08   2.0508e-11
  1.3973e+18      70.4536   9.9980e-01   9.0061e-05   9.8558e-08   2.0515e-11
  1.4498e+18      70.4519   9.9980e-01   9.1455e-05   9.8570e-08   2.0522e-11
  1.5044e+18      70.4501   9.9979e-01   9.2936e-05   9.8583e-08   2.0528e-11
  1.5609e+18      70.4483   9.9979e-01   9.4511e-05   9.8596e-08   2.0536e-11
  1.6196e+18      70.4464   9.9979e-01   9.6187e-05   9.8610e-08   2.0543e-11
  1.6805e+18      70.4444   9.9978e-01   9.7972e-05   9.8625e-08   2.0550e-11
  1.7437e+18      70.4424   9.9978e-01   9.9877e-05   9.8639e-08   2.0558e-11
  1.8093e+18      70.4403   9.9978e-01   1.0191e-04   9.8655e-08   2.0566e-11
  1.8773e+18      70.4381   9.9977e-01   1.0409e-04   9.8671e-08   2.0574e-11
  1.9479e+18      70.4358   9.9977e-01   1.0642e-04   9.8687e-08   2.0583e-11
  2.0212e+18      70.4334   9.9976e-01   1.0892e-04   9.8705e-08   2.0591e-11
  2.0972e+18      70.4309   9.9976e-01   1.1161e-04   9.8722e-08   2.0600e-11
  2.1761e+18      70.4283   9.9975e-01   1.1450e-04   9.8741e-08   2.0610e-11
  2.2579e+18      70.4257   9.9974e-01   1.1763e-04   9.8760e-08   2.0619e-11
  2.3428e+18      70.4229   9.9974e-01   1.2100e-04   9.8780e-08   2.0629e-11
  2.4309e+18      70.4210   9.9973e-01   1.2465e-04   9.8799e-08   2.0639e-11
  2.5223e+18      70.4171   9.9972e-01   1.2861e-04   9.8821e-08   2.0650e-11
  2.6172e+18      70.4140   9.9971e-01   1.3292e-04   9.8843e-08   2.0661e-11
  2.7156e+18      70.4108   9.9970e-01   1.3762e-04   9.8866e-08   2.0672e-11
  2.8177e+18      70.4074   9.9969e-01   1.4276e-04   9.8890e-08   2.0684e-11
  2.9237e+18      70.4040   9.9968e-01   1.4840e-04   9.8914e-08   2.0696e-11
  3.0336e+18      70.4004   9.9967e-01   1.5460e-04   9.8940e-08   2.0709e-11
  3.1477e+18      70.3967   9.9966e-01   1.6144e-04   9.8966e-08   2.0722e-11
  3.2660e+18      70.3928   9.9964e-01   1.6901e-04   9.8993e-08   2.0736e-11
  3.3889e+18      70.3887   9.9962e-01   1.7743e-04   9.9021e-08   2.0750e-11
  3.5163e+18      70.3846   9.9961e-01   1.8682e-04   9.9050e-08   2.0765e-11
  3.6485e+18      70.3803   9.9959e-01   1.9735e-04   9.9080e-08   2.0781e-11
  3.7857e+18      70.3757   9.9956e-01   2.0922e-04   9.9111e-08   2.0798e-11
  3.9281e+18      70.3711   9.9953e-01   2.2265e-04   9.9144e-08   2.0815e-11
  4.0758e+18      70.3662   9.9950e-01   2.3795e-04   9.9177e-08   2.0834e-11
  4.2291e+18      70.3612   9.9947e-01   2.5547e-04   9.9211e-08   2.0854e-11
  4.3881e+18      70.3560   9.9943e-01   2.7568e-04   9.9246e-08   2.0875e-11
  4.5531e+18      70.3506   9.9938e-01   2.9915e-04   9.9283e-08   2.0898e-11
  4.7244e+18      70.3450   9.9933e-01   3.2664e-04   9.9320e-08   2.0924e-11
  4.9020e+18      70.3392   9.9926e-01   3.5910e-04   9.9358e-08   2.0952e-11
  5.0864e+18      70.3380   9.9918e-01   3.9833e-04   9.9199e-08   2.0964e-11
  5.2776e+18      70.3273   9.9909e-01   4.4450e-04   9.9437e-08   2.1019e-11
  5.4761e+18      70.3208   9.9898e-01   5.0131e-04   9.9477e-08   2.1062e-11
  5.6820e+18      70.3142   9.9884e-01   5.7137e-04   9.9516e-08   2.1116e-11
  5.8957e+18      70.3075   9.9866e-01   6.5887e-04   9.9556e-08   2.1182e-11
  6.1174e+18      70.3007   9.9844e-01   7.6962e-04   9.9593e-08   2.1267e-11
  6.3475e+18      70.2939   9.9816e-01   9.1171e-04   9.9628e-08   2.1380e-11
  6.5862e+18      70.2869   9.9779e-01   1.0963e-03   9.9658e-08   2.1536e-11
  6.8338e+18      70.2801   9.9730e-01   1.3385e-03   9.9682e-08   2.1759e-11
  7.0908e+18      70.2735   9.9666e-01   1.6582e-03   9.9696e-08   2.2089e-11
  7.3575e+18      70.2675   9.9582e-01   2.0791e-03   9.9696e-08   2.2583e-11
  7.6341e+18      70.2620   9.9473e-01   2.6254e-03   9.9680e-08   2.3324e-11
  7.9212e+18      70.2574   9.9335e-01   3.3161e-03   9.9647e-08   2.4410e-11
  8.2191e+18      70.2540   9.9167e-01   4.1562e-03   9.9597e-08   2.5930e-11
  8.5282e+18      70.2516   9.8972e-01   5.1323e-03   9.9535e-08   2.7939e-11
  8.8489e+18      70.2502   9.8755e-01   6.2183e-03   9.9468e-08   3.0433e-11
  9.1816e+18      70.2496   9.8521e-01   7.3849e-03   9.9401e-08   3.3454e-11
  9.5269e+18      70.2497   9.8277e-01   8.6076e-03   9.9341e-08   3.6886e-11
  9.8852e+18      70.2503   9.8024e-01   9.8707e-03   9.9288e-08   4.0600e-11
  1.0257e+19      70.2514   9.7765e-01   1.1166e-02   9.9245e-08   4.4594e-11
  1.0643e+19      70.2528   9.7500e-01   1.2491e-02   9.9212e-08   4.8858e-11
  1.1043e+19      70.2547   9.7229e-01   1.3846e-02   9.9188e-08   5.3380e-11
  1.1458e+19      70.2569   9.6952e-01   1.5232e-02   9.9175e-08   5.8150e-11
  1.1889e+19      70.2597   9.6668e-01   1.6652e-02   9.9170e-08   6.3170e-11
  1.2336e+19      70.2629   9.6377e-01   1.8108e-02   9.9176e-08   6.8433e-11
  1.2800e+19      70.2668   9.6078e-01   1.9603e-02   9.9190e-08   7.3941e-11
  1.3281e+19      70.2707   9.5771e-01   2.1139e-02   9.9214e-08   7.9703e-11
  1.3781e+19      70.2755   9.5455e-01   2.2718e-02   9.9248e-08   8.5711e-11
  1.4299e+19      70.2808   9.5130e-01   2.4343e-02   9.9292e-08   9.1963e-11
  1.4837e+19      70.2868   9.4795e-01   2.6016e-02   9.9346e-08   9.8473e-11
  1.5395e+19      70.2933   9.4451e-01   2.7738e-02   9.9410e-08   1.0523e-10
  1.5974e+19      70.3006   9.4096e-01   2.9511e-02   9.9484e-08   1.1223e-10
  1.6574e+19      70.3085   9.3731e-01   3.1338e-02   9.9570e-08   1.1948e-10
  1.7198e+19      70.3171   9.3355e-01   3.3220e-02   9.9667e-08   1.2699e-10
  1.7844e+19      70.3264   9.2967e-01   3.5158e-02   9.9776e-08   1.3474e-10
  1.8515e+19      70.3365   9.2568e-01   3.7154e-02   9.9896e-08   1.4273e-10
  1.9212e+19      70.3475   9.2156e-01   3.9213e-02   1.0003e-07   1.5097e-10
  1.9934e+19      70.3591   9.1733e-01   4.1329e-02   1.0018e-07   1.5945e-10
  2.0684e+19      70.3716   9.1297e-01   4.3511e-02   1.0033e-07   1.6817e-10
  2.1461e+19      70.3849   9.0847e-01   4.5757e-02   1.0051e-07   1.7711e-10
  2.2268e+19      70.3991   9.0385e-01   4.8070e-02   1.0070e-07   1.8627e-10
  2.3106e+19      70.4142   8.9909e-01   5.0451e-02   1.0090e-07   1.9569e-10
  2.3975e+19      70.4301   8.9419e-01   5.2902e-02   1.0111e-07   2.0533e-10
  2.4876e+19      70.4470   8.8914e-01   5.5423e-02   1.0135e-07   2.1517e-10
  2.5812e+19      70.4648   8.8395e-01   5.8017e-02   1.0160e-07   2.2521e-10
  2.6782e+19      70.4835   8.7862e-01   6.0685e-02   1.0186e-07   2.3546e-10
  2.7790e+19      70.5032   8.7313e-01   6.3429e-02   1.0214e-07   2.4596e-10
  2.8835e+19      70.5240   8.6749e-01   6.6252e-02   1.0245e-07   2.5664e-10
  2.9919e+19      70.5455   8.6169e-01   6.9149e-02   1.0276e-07   2.6748e-10
  3.1044e+19      70.5682   8.5574e-01   7.2127e-02   1.0310e-07   2.7848e-10
  3.2211e+19      70.5919   8.4961e-01   7.5188e-02   1.0346e-07   2.8966e-10
  3.3423e+19      70.6164   8.4333e-01   7.8329e-02   1.0384e-07   3.0105e-10
  3.4680e+19      70.6423   8.3688e-01   8.1556e-02   1.0424e-07   3.1258e-10
  3.5984e+19      70.6686   8.3026e-01   8.4867e-02   1.0464e-07   3.2438e-10
  3.7337e+19      70.6964   8.2347e-01   8.8260e-02   1.0510e-07   3.3598e-10
  3.8741e+19      70.7251   8.1651e-01   9.1741e-02   1.0557e-07   3.4784e-10
  4.0198e+19      70.7548   8.0937e-01   9.5310e-02   1.0606e-07   3.5990e-10
  4.1709e+19      70.7855   8.0206e-01   9.8968e-02   1.0658e-07   3.7205e-10
  4.3278e+19      70.8173   7.9456e-01   1.0272e-01   1.0712e-07   3.8427e-10
  4.4905e+19      70.8498   7.8689e-01   1.0655e-01   1.0769e-07   3.9654e-10
  4.6594e+19      70.8833   7.7904e-01   1.1048e-01   1.0829e-07   4.0885e-10
  4.8346e+19      70.9179   7.7101e-01   1.1449e-01   1.0892e-07   4.2125e-10
  5.0164e+19      70.9533   7.6280e-01   1.1860e-01   1.0957e-07   4.3376e-10
  5.2051e+19      70.9896   7.5440e-01   1.2280e-01   1.1026e-07   4.4628e-10
  5.4008e+19      71.0272   7.4581e-01   1.2709e-01   1.1096e-07   4.5892e-10
  5.6039e+19      71.0645   7.3707e-01   1.3146e-01   1.1173e-07   4.7127e-10
  5.8146e+19      71.1032   7.2813e-01   1.3593e-01   1.1252e-07   4.8371e-10
  6.0333e+19      71.1424   7.1901e-01   1.4049e-01   1.1334e-07   4.9620e-10
  6.2602e+19      71.1825   7.0972e-01   1.4514e-01   1.1421e-07   5.0872e-10
  6.4956e+19      71.2228   7.0024e-01   1.4988e-01   1.1510e-07   5.2128e-10
  6.7399e+19      71.2636   6.9060e-01   1.5470e-01   1.1605e-07   5.3357e-10
  6.9933e+19      71.3048   6.8079e-01   1.5960e-01   1.1704e-07   5.4586e-10
  7.2563e+19      71.3462   6.7080e-01   1.6460e-01   1.1807e-07   5.5805e-10
  7.5292e+19      71.3878   6.6065e-01   1.6967e-01   1.1915e-07   5.7021e-10
  7.8123e+19      71.4293   6.5034e-01   1.7483e-01   1.2027e-07   5.8237e-10
  8.1061e+19      71.4707   6.3987e-01   1.8006e-01   1.2145e-07   5.9438e-10
  8.4109e+19      71.5117   6.2925e-01   1.8537e-01   1.2268e-07   6.0625e-10
  8.7272e+19      71.5522   6.1848e-01   1.9076e-01   1.2397e-07   6.1797e-10
  9.0554e+19      71.5922   6.0757e-01   1.9621e-01   1.2532e-07   6.2953e-10
  9.3959e+19      71.6316   5.9652e-01   2.0174e-01   1.2672e-07   6.4095e-10
  9.7493e+19      71.6689   5.8534e-01   2.0733e-01   1.2820e-07   6.5245e-10
  1.0116e+20      71.7050   5.7404e-01   2.1298e-01   1.2974e-07   6.6377e-10
  1.0496e+20      71.7396   5.6263e-01   2.1868e-01   1.3135e-07   6.7493e-10
  1.0891e+20      71.7729   5.5110e-01   2.2445e-01   1.3304e-07   6.8591e-10
  1.1301e+20      71.8023   5.3948e-01   2.3026e-01   1.3481e-07   6.9668e-10
  1.1726e+20      71.8298   5.2777e-01   2.3611e-01   1.3666e-07   7.0727e-10
  1.2166e+20      71.8542   5.1597e-01   2.4201e-01   1.3860e-07   7.1784e-10
  1.2624e+20      71.8751   5.0410e-01   2.4795e-01   1.4063e-07   7.2846e-10
  1.3099e+20      71.8917   4.9218e-01   2.5391e-01   1.4277e-07   7.3892e-10
  1.3591e+20      71.9040   4.8020e-01   2.5990e-01   1.4500e-07   7.4921e-10
  1.4102e+20      71.9111   4.6818e-01   2.6591e-01   1.4735e-07   7.5934e-10
  1.4633e+20      71.9126   4.5613e-01   2.7194e-01   1.4982e-07   7.6932e-10
  1.5183e+20      71.9096   4.4397e-01   2.7801e-01   1.5231e-07   7.8000e-10
  1.5754e+20      71.8961   4.3198e-01   2.8401e-01   1.5513e-07   7.8910e-10
  1.6346e+20      71.8769   4.1990e-01   2.9005e-01   1.5799e-07   7.9926e-10
  1.6961e+20      71.8491   4.0785e-01   2.9607e-01   1.6101e-07   8.0934e-10
  1.7599e+20      71.8120   3.9582e-01   3.0209e-01   1.6418e-07   8.1936e-10
  1.8261e+20      71.7650   3.8384e-01   3.0808e-01   1.6753e-07   8.2934e-10
  1.8947e+20      71.7070   3.7191e-01   3.1404e-01   1.7105e-07   8.3933e-10
  1.9660e+20      71.6371   3.6004e-01   3.1998e-01   1.7478e-07   8.4935e-10
  2.0399e+20      71.5550   3.4825e-01   3.2587e-01   1.7871e-07   8.5956e-10
  2.1166e+20      71.4577   3.3655e-01   3.3172e-01   1.8286e-07   8.7057e-10
  2.1962e+20      71.3460   3.2496e-01   3.3752e-01   1.8726e-07   8.8173e-10
  2.2788e+20      71.2182   3.1348e-01   3.4326e-01   1.9191e-07   8.9308e-10
  2.3645e+20      71.0731   3.0212e-01   3.4894e-01   1.9684e-07   9.0467e-10
  2.4534e+20      70.9096   2.9091e-01   3.5455e-01   2.0206e-07   9.1656e-10
  2.5457e+20      70.7264   2.7984e-01   3.6008e-01   2.0761e-07   9.2885e-10
  2.6414e+20      70.5222   2.6893e-01   3.6553e-01   2.1351e-07   9.4156e-10
  2.7408e+20      70.2959   2.5820e-01   3.7090e-01   2.1977e-07   9.5541e-10
  2.8438e+20      70.0463   2.4764e-01   3.7618e-01   2.2645e-07   9.7055e-10
  2.9508e+20      69.7707   2.3728e-01   3.8136e-01   2.3356e-07   9.8639e-10
  3.0617e+20      69.4692   2.2711e-01   3.8644e-01   2.4114e-07   1.0030e-09
  3.1769e+20      69.1404   2.1716e-01   3.9142e-01   2.4924e-07   1.0205e-09
  3.2963e+20      68.7831   2.0742e-01   3.9629e-01   2.5791e-07   1.0391e-09
  3.4203e+20      68.3962   1.9791e-01   4.0104e-01   2.6718e-07   1.0588e-09
  3.5489e+20      67.9787   1.8863e-01   4.0568e-01   2.7711e-07   1.0800e-09
  3.6824e+20      67.5294   1.7959e-01   4.1020e-01   2.8777e-07   1.1034e-09
  3.8208e+20      67.0474   1.7079e-01   4.1460e-01   2.9922e-07   1.1300e-09
  3.9645e+20      66.5319   1.6224e-01   4.1888e-01   3.1153e-07   1.1585e-09
  4.1136e+20      65.9821   1.5395e-01   4.2302e-01   3.2480e-07   1.1891e-09
  4.2683e+20      65.3982   1.4591e-01   4.2705e-01   3.3909e-07   1.2223e-09
  4.4288e+20      64.7775   1.3813e-01   4.3093e-01   3.5456e-07   1.2579e-09
  4.5954e+20      64.1219   1.3062e-01   4.3469e-01   3.7127e-07   1.2966e-09
  4.7682e+20      63.4306   1.2337e-01   4.3831e-01   3.8936e-07   1.3389e-09
  4.9475e+20      62.7038   1.1638e-01   4.4181e-01   4.0898e-07   1.3850e-09
  5.1335e+20      61.9414   1.0966e-01   4.4517e-01   4.3031e-07   1.4383e-09
  5.3266e+20      61.1440   1.0321e-01   4.4839e-01   4.5351e-07   1.4977e-09
  5.5269e+20      60.3124   9.7020e-02   4.5149e-01   4.7879e-07   1.5626e-09
  5.7347e+20      59.4475   9.1093e-02   4.5445e-01   5.0639e-07   1.6336e-09
  5.9504e+20      58.5502   8.5426e-02   4.5729e-01   5.3656e-07   1.7116e-09
  6.1741e+20      57.6219   8.0018e-02   4.5999e-01   5.6960e-07   1.7974e-09
  6.4063e+20      56.6642   7.4865e-02   4.6257e-01   6.0585e-07   1.8923e-09
  6.6472e+20      55.6788   6.9961e-02   4.6502e-01   6.4569e-07   1.9973e-09
  6.8972e+20      54.6729   6.5250e-02   4.6737e-01   6.8871e-07   2.1193e-09
  7.1566e+20      53.6399   6.0891e-02   4.6955e-01   7.3796e-07   2.2472e-09
  7.4257e+20      52.5757   5.6718e-02   4.7164e-01   7.9151e-07   2.4004e-09
  7.7049e+20      51.5000   5.2770e-02   4.7361e-01   8.5070e-07   2.5723e-09
  7.9947e+20      50.4073   4.9056e-02   4.7547e-01   9.1655e-07   2.7646e-09
  8.2953e+20      49.2876   4.5559e-02   4.7722e-01   9.8973e-07   2.9819e-09
  8.6072e+20      48.1494   4.2282e-02   4.7886e-01   1.0715e-06   3.2257e-09
  8.9309e+20      47.0032   3.9211e-02   4.8039e-01   1.1628e-06   3.5026e-09
  9.2668e+20      45.8520   3.6339e-02   4.8183e-01   1.2649e-06   3.8188e-09
  9.6152e+20      44.6987   3.3660e-02   4.8317e-01   1.3795e-06   4.1830e-09
  9.9768e+20      43.5460   3.1168e-02   4.8442e-01   1.5084e-06   4.6067e-09
  1.0352e+21      42.3968   2.8854e-02   4.8557e-01   1.6535e-06   5.1222e-09
  1.0741e+21      41.2535   2.6713e-02   4.8664e-01   1.8176e-06   5.7358e-09
  1.1145e+21      40.1188   2.4736e-02   4.8763e-01   2.0033e-06   6.4606e-09
  1.1564e+21      38.9944   2.2918e-02   4.8854e-01   2.2143e-06   7.3326e-09
  1.1999e+21      37.8830   2.1248e-02   4.8938e-01   2.4543e-06   8.3768e-09
  1.2450e+21      36.7865   1.9723e-02   4.9014e-01   2.7282e-06   9.6303e-09
  1.2919e+21      35.7068   1.8332e-02   4.9083e-01   3.0414e-06   1.1151e-08
  1.3404e+21      34.6451   1.7064e-02   4.9147e-01   3.3999e-06   1.3029e-08
  1.3909e+21      33.6029   1.5920e-02   4.9204e-01   3.8123e-06   1.5320e-08
  1.4432e+21      32.5811   1.4889e-02   4.9255e-01   4.2879e-06   1.8135e-08
  1.4974e+21      31.5801   1.3959e-02   4.9302e-01   4.8357e-06   2.1746e-08
  1.5537e+21      30.6005   1.3131e-02   4.9343e-01   5.4705e-06   2.6388e-08
  1.6122e+21      29.6420   1.2390e-02   4.9380e-01   6.2054e-06   3.2324e-08
  1.6728e+21      28.7039   1.1728e-02   4.9414e-01   7.0562e-06   3.9961e-08
  1.7357e+21      27.7856   1.1149e-02   4.9442e-01   8.0480e-06   4.9733e-08
  1.8010e+21      26.8845   1.0638e-02   4.9468e-01   9.1652e-06   6.2626e-08
  1.8687e+21      25.9989   1.0188e-02   4.9491e-01   1.0439e-05   7.9298e-08
  1.9390e+21      25.1265   9.7943e-03   4.9510e-01   1.1918e-05   1.0139e-07
  2.0119e+21      24.2631   9.4496e-03   4.9527e-01   1.3631e-05   1.3010e-07
  2.0875e+21      23.4036   9.1464e-03   4.9543e-01   1.5610e-05   1.6759e-07
  2.1660e+21      22.5417   8.8828e-03   4.9556e-01   1.7899e-05   2.1587e-07
  2.2475e+21      21.6696   8.6498e-03   4.9567e-01   2.0529e-05   2.7784e-07
  2.3320e+21      20.7780   8.4447e-03   4.9578e-01   2.3545e-05   3.5807e-07
  2.4197e+21      19.8569   8.2626e-03   4.9587e-01   2.6976e-05   4.5679e-07
  2.5107e+21      18.8983   8.0986e-03   4.9595e-01   3.0845e-05   5.7592e-07
  2.6051e+21      17.9012   7.9511e-03   4.9602e-01   3.5168e-05   7.1274e-07
  2.7031e+21      16.8687   7.8126e-03   4.9609e-01   3.9915e-05   8.6211e-07
  2.8047e+21      15.8144   7.6874e-03   4.9616e-01   4.5072e-05   1.0152e-06
  2.9102e+21      14.7712   7.5617e-03   4.9622e-01   5.0516e-05   1.1580e-06
  3.0196e+21      13.7805   7.4340e-03   4.9628e-01   5.6143e-05   1.2803e-06
  3.1332e+21      12.8835   7.2997e-03   4.9635e-01   6.1799e-05   1.3689e-06
  3.2510e+21      12.1093   7.1507e-03   4.9642e-01   6.7306e-05   1.4231e-06
  3.3733e+21      11.4678   6.9933e-03   4.9650e-01   7.2533e-05   1.4458e-06
  3.5001e+21      10.9538   6.8290e-03   4.9659e-01   7.7350e-05   1.4460e-06
  3.6317e+21      10.5579   6.6722e-03   4.9666e-01   8.1672e-05   1.4324e-06
  3.7683e+21      10.2656   6.5213e-03   4.9674e-01   8.5396e-05   1.4236e-06
  3.9100e+21      10.0618   6.3866e-03   4.9681e-01   8.8487e-05   1.4333e-06
  4.0571e+21       9.9315   6.2727e-03   4.9686e-01   9.0922e-05   1.4773e-06
  4.2096e+21       9.8602   6.1784e-03   4.9691e-01   9.2713e-05   1.5736e-06
  4.3679e+21       9.8334   6.1029e-03   4.9695e-01   9.3914e-05   1.7393e-06
  4.5322e+21       9.8374   6.0407e-03   4.9698e-01   9.4599e-05   1.9951e-06
  4.7026e+21       9.8604   5.9947e-03   4.9700e-01   9.4859e-05   2.3596e-06
  4.8795e+21       9.8899   5.9549e-03   4.9702e-01   9.4745e-05   2.8760e-06
  5.0629e+21       9.9181   5.9224e-03   4.9704e-01   9.4291e-05   3.5870e-06
  5.2533e+21       9.9360   5.8951e-03   4.9705e-01   9.3484e-05   4.5627e-06
  5.4509e+21       9.9403   5.8726e-03   4.9706e-01   9.2277e-05   5.8862e-06
  5.6559e+21       9.9290   5.8540e-03   4.9707e-01   9.0614e-05   7.6396e-06
  5.8686e+21       9.9110   5.8287e-03   4.9709e-01   8.8427e-05   9.9011e-06
  6.0892e+21       9.8955   5.8148e-03   4.9709e-01   8.5739e-05   1.2664e-05
  6.3182e+21       9.8926   5.7903e-03   4.9710e-01   8.2539e-05   1.5935e-05
  6.5558e+21       9.9113   5.7608e-03   4.9712e-01   7.8894e-05   1.9652e-05
  6.8024e+21       9.9602   5.7255e-03   4.9714e-01   7.4885e-05   2.3730e-05
  7.0582e+21      10.0391   5.6820e-03   4.9716e-01   7.0542e-05   2.8140e-05
  7.3236e+21      10.1506   5.6374e-03   4.9718e-01   6.6133e-05   3.2613e-05
  7.5990e+21      10.2793   5.5885e-03   4.9721e-01   6.1725e-05   3.7080e-05
  7.8848e+21      10.4211   5.5393e-03   4.9723e-01   5.7506e-05   4.1352e-05
  8.1813e+21      10.5665   5.4930e-03   4.9725e-01   5.3625e-05   4.5279e-05
  8.4889e+21      10.7187   5.4492e-03   4.9727e-01   5.0146e-05   4.8797e-05
  8.8081e+21      10.8762   5.4066e-03   4.9730e-01   4.7068e-05   5.1909e-05
  9.1394e+21      11.0375   5.3632e-03   4.9732e-01   4.4376e-05   5.4628e-05
  9.4831e+21      11.2021   5.3239e-03   4.9734e-01   4.2126e-05   5.6900e-05
  9.8397e+21      11.3694   5.2848e-03   4.9736e-01   4.0226e-05   5.8818e-05
  1.0210e+22      11.5362   5.2521e-03   4.9737e-01   3.8719e-05   6.0339e-05
  1.0594e+22      11.6980   5.2160e-03   4.9739e-01   3.7422e-05   6.1647e-05
  1.0992e+22      11.8551   5.1858e-03   4.9741e-01   3.6436e-05   6.2642e-05
  1.1405e+22      12.0051   5.1560e-03   4.9742e-01   3.5585e-05   6.3501e-05
  1.1834e+22      12.1487   5.1280e-03   4.9744e-01   3.4909e-05   6.4182e-05
  1.2279e+22      12.2858   5.1029e-03   4.9745e-01   3.4373e-05   6.4723e-05
  1.2741e+22      12.4166   5.0798e-03   4.9746e-01   3.3936e-05   6.5163e-05
  1.3220e+22      12.5416   5.0582e-03   4.9747e-01   3.3575e-05   6.5527e-05
  1.3717e+22      12.6615   5.0373e-03   4.9748e-01   3.3269e-05   6.5835e-05
  1.4233e+22      12.7768   5.0200e-03   4.9749e-01   3.3037e-05   6.6069e-05
  1.4768e+22      12.8889   4.9989e-03   4.9750e-01   3.2779e-05   6.6329e-05
  1.5324e+22      12.9977   4.9831e-03   4.9751e-01   3.2599e-05   6.6510e-05
  1.5900e+22      13.1044   4.9647e-03   4.9752e-01   3.2404e-05   6.6706e-05
