# NH                 T_gas  H            H2           C            CO
  1.5900e+14     402.3207   9.6493e-01   1.7467e-02   4.6051e-05   2.0978e-05
  1.6498e+14     402.3163   9.6492e-01   1.7474e-02   4.6050e-05   2.0981e-05
  1.7118e+14     402.3117   9.6490e-01   1.7481e-02   4.6050e-05   2.0983e-05
  1.7762e+14     402.3067   9.6489e-01   1.7489e-02   4.6049e-05   2.0986e-05
  1.8430e+14     402.3015   9.6487e-01   1.7496e-02   4.6049e-05   2.0989e-05
  1.9123e+14     402.2961   9.6486e-01   1.7504e-02   4.6048e-05   2.0992e-05
  1.9842e+14     402.2903   9.6484e-01   1.7513e-02   4.6047e-05   2.0994e-05
  2.0588e+14     402.2843   9.6482e-01   1.7521e-02   4.6047e-05   2.0997e-05
  2.1363e+14     402.2779   9.6480e-01   1.7530e-02   4.6046e-05   2.1000e-05
  2.2166e+14     402.2712   9.6479e-01   1.7540e-02   4.6046e-05   2.1003e-05
  2.2999e+14     402.2641   9.6477e-01   1.7549e-02   4.6045e-05   2.1006e-05
  2.3864e+14     402.2567   9.6475e-01   1.7559e-02   4.6045e-05   2.1009e-05
  2.4762e+14     402.2489   9.6473e-01   1.7570e-02   4.6044e-05   2.1012e-05
  2.5693e+14     402.2408   9.6470e-01   1.7581e-02   4.6044e-05   2.1015e-05
  2.6659e+14     402.2321   9.6468e-01   1.7592e-02   4.6044e-05   2.1019e-05
  2.7662e+14     402.2233   9.6466e-01   1.7604e-02   4.6043e-05   2.1022e-05
  2.8702e+14     402.2139   9.6463e-01   1.7616e-02   4.6043e-05   2.1025e-05
  2.9781e+14     402.2040   9.6461e-01   1.7628e-02   4.6042e-05   2.1029e-05
  3.0901e+14     402.1937   9.6458e-01   1.7642e-02   4.6042e-05   2.1032e-05
  3.2063e+14     402.1829   9.6455e-01   1.7655e-02   4.6042e-05   2.1036e-05
  3.3269e+14     402.1716   9.6453e-01   1.7669e-02   4.6041e-05   2.1039e-05
  3.4520e+14     402.1598   9.6450e-01   1.7684e-02   4.6041e-05   2.1043e-05
  3.5818e+14     402.1474   9.6447e-01   1.7699e-02   4.6041e-05   2.1046e-05
  3.7165e+14     402.1345   9.6443e-01   1.7715e-02   4.6041e-05   2.1050e-05
  3.8563e+14     402.1209   9.6440e-01   1.7732e-02   4.6040e-05   2.1054e-05
  4.0013e+14     402.1059   9.6437e-01   1.7749e-02   4.6040e-05   2.1058e-05
  4.1517e+14     402.0913   9.6433e-01   1.7767e-02   4.6040e-05   2.1062e-05
  4.3079e+14     402.0763   9.6429e-01   1.7785e-02   4.6040e-05   2.1066e-05
  4.4699e+14     402.0604   9.6426e-01   1.7804e-02   4.6040e-05   2.1070e-05
  4.6380e+14     402.0435   9.6422e-01   1.7824e-02   4.6040e-05   2.1075e-05
  4.8124e+14     402.0258   9.6417e-01   1.7845e-02   4.6040e-05   2.1079e-05
  4.9933e+14     402.0075   9.6413e-01   1.7867e-02   4.6040e-05   2.1084e-05
  5.1811e+14     401.9886   9.6409e-01   1.7889e-02   4.6039e-05   2.1088e-05
  5.3760e+14     401.9687   9.6404e-01   1.7912e-02   4.6039e-05   2.1093e-05
  5.5781e+14     401.9475   9.6399e-01   1.7937e-02   4.6039e-05   2.1098e-05
  5.7879e+14     401.9264   9.6394e-01   1.7962e-02   4.6039e-05   2.1103e-05
  6.0055e+14     401.9038   9.6389e-01   1.7988e-02   4.6039e-05   2.1109e-05
  6.2314e+14     401.8802   9.6383e-01   1.8015e-02   4.6040e-05   2.1114e-05
  6.4657e+14     401.8551   9.6378e-01   1.8044e-02   4.6040e-05   2.1119e-05
  6.7088e+14     401.8297   9.6372e-01   1.8073e-02   4.6040e-05   2.1125e-05
  6.9611e+14     401.8028   9.6366e-01   1.8104e-02   4.6040e-05   2.1131e-05
  7.2229e+14     401.7739   9.6359e-01   1.8136e-02   4.6040e-05   2.1137e-05
  7.4945e+14     401.7456   9.6353e-01   1.8169e-02   4.6041e-05   2.1143e-05
  7.7764e+14     401.7150   9.6346e-01   1.8204e-02   4.6041e-05   2.1149e-05
  8.0688e+14     401.6831   9.6338e-01   1.8240e-02   4.6042e-05   2.1155e-05
  8.3722e+14     401.6497   9.6331e-01   1.8277e-02   4.6042e-05   2.1162e-05
  8.6870e+14     401.6150   9.6323e-01   1.8316e-02   4.6043e-05   2.1169e-05
  9.0137e+14     401.5786   9.6315e-01   1.8357e-02   4.6043e-05   2.1176e-05
  9.3527e+14     401.5405   9.6307e-01   1.8399e-02   4.6044e-05   2.1183e-05
  9.7044e+14     401.5012   9.6298e-01   1.8443e-02   4.6045e-05   2.1190e-05
  1.0069e+15     401.4599   9.6289e-01   1.8489e-02   4.6045e-05   2.1198e-05
  1.0448e+15     401.4168   9.6279e-01   1.8536e-02   4.6046e-05   2.1206e-05
  1.0841e+15     401.3718   9.6269e-01   1.8586e-02   4.6047e-05   2.1214e-05
  1.1249e+15     401.3248   9.6259e-01   1.8638e-02   4.6048e-05   2.1222e-05
  1.1672e+15     401.2758   9.6248e-01   1.8691e-02   4.6049e-05   2.1230e-05
  1.2110e+15     401.2245   9.6237e-01   1.8748e-02   4.6050e-05   2.1239e-05
  1.2566e+15     401.1710   9.6225e-01   1.8806e-02   4.6052e-05   2.1248e-05
  1.3038e+15     401.1151   9.6213e-01   1.8867e-02   4.6053e-05   2.1258e-05
  1.3529e+15     401.0568   9.6200e-01   1.8931e-02   4.6054e-05   2.1267e-05
  1.4037e+15     400.9958   9.6187e-01   1.8997e-02   4.6056e-05   2.1277e-05
  1.4565e+15     400.9321   9.6173e-01   1.9066e-02   4.6058e-05   2.1288e-05
  1.5113e+15     400.8655   9.6159e-01   1.9138e-02   4.6059e-05   2.1298e-05
  1.5681e+15     400.7959   9.6144e-01   1.9214e-02   4.6061e-05   2.1309e-05
  1.6271e+15     400.7231   9.6128e-01   1.9292e-02   4.6063e-05   2.1321e-05
  1.6883e+15     400.6468   9.6112e-01   1.9374e-02   4.6065e-05   2.1333e-05
  1.7518e+15     400.5674   9.6094e-01   1.9460e-02   4.6067e-05   2.1345e-05
  1.8177e+15     400.4842   9.6076e-01   1.9549e-02   4.6070e-05   2.1357e-05
  1.8860e+15     400.3971   9.6058e-01   1.9643e-02   4.6072e-05   2.1371e-05
  1.9569e+15     400.3063   9.6038e-01   1.9741e-02   4.6075e-05   2.1384e-05
  2.0305e+15     400.2113   9.6018e-01   1.9843e-02   4.6077e-05   2.1399e-05
  2.1069e+15     400.1117   9.5996e-01   1.9949e-02   4.6080e-05   2.1414e-05
  2.1861e+15     400.0074   9.5974e-01   2.0061e-02   4.6083e-05   2.1429e-05
  2.2683e+15     399.8995   9.5951e-01   2.0178e-02   4.6086e-05   2.1445e-05
  2.3536e+15     399.7865   9.5926e-01   2.0300e-02   4.6089e-05   2.1461e-05
  2.4421e+15     399.6681   9.5901e-01   2.0428e-02   4.6092e-05   2.1478e-05
  2.5340e+15     399.5438   9.5874e-01   2.0562e-02   4.6096e-05   2.1496e-05
  2.6293e+15     399.4135   9.5846e-01   2.0702e-02   4.6100e-05   2.1515e-05
  2.7281e+15     399.2767   9.5816e-01   2.0849e-02   4.6104e-05   2.1534e-05
  2.8307e+15     399.1330   9.5786e-01   2.1003e-02   4.6108e-05   2.1554e-05
  2.9372e+15     398.9821   9.5753e-01   2.1165e-02   4.6113e-05   2.1574e-05
  3.0476e+15     398.8239   9.5719e-01   2.1335e-02   4.6117e-05   2.1596e-05
  3.1622e+15     398.6575   9.5684e-01   2.1513e-02   4.6122e-05   2.1619e-05
  3.2812e+15     398.4826   9.5646e-01   2.1700e-02   4.6127e-05   2.1642e-05
  3.4045e+15     398.2985   9.5607e-01   2.1897e-02   4.6133e-05   2.1666e-05
  3.5326e+15     398.1046   9.5565e-01   2.2104e-02   4.6139e-05   2.1692e-05
  3.6654e+15     397.9004   9.5522e-01   2.2322e-02   4.6145e-05   2.1718e-05
  3.8032e+15     397.6852   9.5476e-01   2.2551e-02   4.6151e-05   2.1746e-05
  3.9463e+15     397.4581   9.5428e-01   2.2792e-02   4.6158e-05   2.1774e-05
  4.0947e+15     397.2185   9.5377e-01   2.3047e-02   4.6165e-05   2.1804e-05
  4.2486e+15     396.9653   9.5323e-01   2.3315e-02   4.6173e-05   2.1835e-05
  4.4084e+15     396.6979   9.5267e-01   2.3598e-02   4.6181e-05   2.1867e-05
  4.5742e+15     396.4150   9.5207e-01   2.3897e-02   4.6189e-05   2.1901e-05
  4.7462e+15     396.1159   9.5143e-01   2.4213e-02   4.6198e-05   2.1936e-05
  4.9247e+15     395.7992   9.5077e-01   2.4547e-02   4.6208e-05   2.1973e-05
  5.1099e+15     395.4631   9.5006e-01   2.4901e-02   4.6218e-05   2.2012e-05
  5.3020e+15     395.1072   9.4931e-01   2.5276e-02   4.6229e-05   2.2052e-05
  5.5014e+15     394.7286   9.4851e-01   2.5674e-02   4.6240e-05   2.2093e-05
  5.7083e+15     394.3265   9.4767e-01   2.6096e-02   4.6252e-05   2.2137e-05
  5.9230e+15     393.8984   9.4677e-01   2.6545e-02   4.6265e-05   2.2183e-05
  6.1457e+15     393.4428   9.4581e-01   2.7022e-02   4.6278e-05   2.2230e-05
  6.3768e+15     392.9561   9.4480e-01   2.7530e-02   4.6293e-05   2.2280e-05
  6.6166e+15     392.4367   9.4371e-01   2.8072e-02   4.6309e-05   2.2332e-05
  6.8654e+15     391.8824   9.4256e-01   2.8650e-02   4.6325e-05   2.2386e-05
  7.1236e+15     391.2885   9.4132e-01   2.9268e-02   4.6343e-05   2.2442e-05
  7.3915e+15     390.6522   9.4000e-01   2.9930e-02   4.6362e-05   2.2501e-05
  7.6694e+15     389.9699   9.3858e-01   3.0639e-02   4.6382e-05   2.2563e-05
  7.9579e+15     389.2362   9.3706e-01   3.1400e-02   4.6404e-05   2.2628e-05
  8.2571e+15     388.4464   9.3542e-01   3.2218e-02   4.6427e-05   2.2696e-05
  8.5676e+15     387.5948   9.3366e-01   3.3099e-02   4.6452e-05   2.2766e-05
  8.8898e+15     386.6749   9.3175e-01   3.4050e-02   4.6480e-05   2.2839e-05
  9.2241e+15     385.6796   9.2970e-01   3.5077e-02   4.6509e-05   2.2915e-05
  9.5710e+15     384.6005   9.2747e-01   3.6189e-02   4.6542e-05   2.2994e-05
  9.9309e+15     383.4285   9.2506e-01   3.7395e-02   4.6577e-05   2.3076e-05
  1.0304e+16     382.1528   9.2244e-01   3.8707e-02   4.6615e-05   2.3160e-05
  1.0692e+16     380.7615   9.1958e-01   4.0136e-02   4.6658e-05   2.3248e-05
  1.1094e+16     379.2407   9.1645e-01   4.1697e-02   4.6705e-05   2.3338e-05
  1.1511e+16     377.5750   9.1303e-01   4.3406e-02   4.6756e-05   2.3431e-05
  1.1944e+16     375.7463   9.0928e-01   4.5282e-02   4.6813e-05   2.3526e-05
  1.2393e+16     373.7332   9.0515e-01   4.7347e-02   4.6877e-05   2.3623e-05
  1.2859e+16     371.5114   9.0059e-01   4.9627e-02   4.6949e-05   2.3721e-05
  1.3343e+16     369.0531   8.9554e-01   5.2149e-02   4.7030e-05   2.3819e-05
  1.3844e+16     366.3262   8.8994e-01   5.4950e-02   4.7122e-05   2.3917e-05
  1.4365e+16     363.2938   8.8370e-01   5.8069e-02   4.7226e-05   2.4012e-05
  1.4905e+16     359.9132   8.7673e-01   6.1552e-02   4.7347e-05   2.4103e-05
  1.5466e+16     356.1359   8.6892e-01   6.5455e-02   4.7485e-05   2.4188e-05
  1.6047e+16     351.9056   8.6014e-01   6.9840e-02   4.7645e-05   2.4265e-05
  1.6651e+16     347.1612   8.5026e-01   7.4779e-02   4.7832e-05   2.4331e-05
  1.7277e+16     341.8330   8.3910e-01   8.0357e-02   4.8050e-05   2.4380e-05
  1.7927e+16     335.8457   8.2648e-01   8.6667e-02   4.8305e-05   2.4410e-05
  1.8601e+16     329.1190   8.1218e-01   9.3812e-02   4.8603e-05   2.4414e-05
  1.9300e+16     321.5747   7.9599e-01   1.0190e-01   4.8953e-05   2.4384e-05
  2.0026e+16     313.1430   7.7768e-01   1.1105e-01   4.9362e-05   2.4312e-05
  2.0779e+16     303.7742   7.5705e-01   1.2136e-01   4.9835e-05   2.4188e-05
  2.1561e+16     293.4379   7.3394e-01   1.3291e-01   5.0328e-05   2.4052e-05
  2.2371e+16     282.1748   7.0829e-01   1.4574e-01   5.0936e-05   2.3805e-05
  2.3213e+16     270.1068   6.8015e-01   1.5980e-01   5.1601e-05   2.3475e-05
  2.4086e+16     257.4158   6.4976e-01   1.7499e-01   5.2305e-05   2.3059e-05
  2.4991e+16     244.4449   6.1756e-01   1.9109e-01   5.3018e-05   2.2564e-05
  2.5931e+16     231.5183   5.8416e-01   2.0779e-01   5.3706e-05   2.2003e-05
  2.6906e+16     218.8146   5.5024e-01   2.2475e-01   5.4346e-05   2.1389e-05
  2.7918e+16     206.6069   5.1656e-01   2.4160e-01   5.4913e-05   2.0743e-05
  2.8968e+16     195.1521   4.8382e-01   2.5797e-01   5.5392e-05   2.0088e-05
  3.0057e+16     184.6070   4.5261e-01   2.7358e-01   5.5778e-05   1.9441e-05
  3.1188e+16     174.9889   4.2333e-01   2.8823e-01   5.6077e-05   1.8814e-05
  3.2360e+16     166.3069   3.9623e-01   3.0179e-01   5.6297e-05   1.8215e-05
  3.3577e+16     158.5260   3.7141e-01   3.1420e-01   5.6446e-05   1.7651e-05
  3.4840e+16     151.4018   3.4884e-01   3.2549e-01   5.6587e-05   1.7019e-05
  3.6150e+16     145.2676   3.2846e-01   3.3569e-01   5.6636e-05   1.6514e-05
  3.7510e+16     139.8135   3.1010e-01   3.4487e-01   5.6646e-05   1.6045e-05
  3.8920e+16     134.9460   2.9359e-01   3.5313e-01   5.6625e-05   1.5609e-05
  4.0384e+16     130.5921   2.7874e-01   3.6056e-01   5.6579e-05   1.5204e-05
  4.1902e+16     126.6857   2.6538e-01   3.6725e-01   5.6514e-05   1.4828e-05
  4.3478e+16     123.1684   2.5333e-01   3.7328e-01   5.6434e-05   1.4479e-05
  4.5113e+16     119.9892   2.4244e-01   3.7872e-01   5.6342e-05   1.4153e-05
  4.6810e+16     117.1041   2.3257e-01   3.8366e-01   5.6242e-05   1.3848e-05
  4.8570e+16     114.4751   2.2360e-01   3.8815e-01   5.6135e-05   1.3563e-05
  5.0396e+16     112.0697   2.1541e-01   3.9224e-01   5.6021e-05   1.3298e-05
  5.2292e+16     109.8601   2.0792e-01   3.9599e-01   5.5899e-05   1.3058e-05
  5.4258e+16     107.8220   2.0103e-01   3.9944e-01   5.5773e-05   1.2832e-05
  5.6298e+16     105.9350   1.9469e-01   4.0261e-01   5.5647e-05   1.2618e-05
  5.8415e+16     104.1812   1.8882e-01   4.0555e-01   5.5520e-05   1.2415e-05
  6.0612e+16     102.5460   1.8337e-01   4.0827e-01   5.5394e-05   1.2217e-05
  6.2891e+16     101.0155   1.7830e-01   4.1081e-01   5.5266e-05   1.2033e-05
  6.5256e+16      99.5897   1.7356e-01   4.1318e-01   5.5139e-05   1.1855e-05
  6.7710e+16      98.2725   1.6912e-01   4.1540e-01   5.5014e-05   1.1681e-05
  7.0257e+16      97.0288   1.6494e-01   4.1749e-01   5.4890e-05   1.1514e-05
  7.2899e+16      95.8509   1.6101e-01   4.1946e-01   5.4766e-05   1.1353e-05
  7.5640e+16      94.7325   1.5730e-01   4.2132e-01   5.4642e-05   1.1198e-05
  7.8484e+16      93.6680   1.5378e-01   4.2308e-01   5.4518e-05   1.1048e-05
  8.1436e+16      92.6525   1.5045e-01   4.2474e-01   5.4395e-05   1.0903e-05
  8.4498e+16      91.6817   1.4728e-01   4.2633e-01   5.4271e-05   1.0762e-05
  8.7676e+16      90.7517   1.4426e-01   4.2784e-01   5.4148e-05   1.0625e-05
  9.0973e+16      89.8590   1.4137e-01   4.2928e-01   5.4025e-05   1.0492e-05
  9.4394e+16      89.0005   1.3861e-01   4.3066e-01   5.3902e-05   1.0363e-05
  9.7944e+16      88.1736   1.3597e-01   4.3199e-01   5.3780e-05   1.0237e-05
  1.0163e+17      87.3759   1.3344e-01   4.3325e-01   5.3657e-05   1.0113e-05
  1.0545e+17      86.6052   1.3100e-01   4.3447e-01   5.3533e-05   9.9943e-06
  1.0941e+17      85.8596   1.2865e-01   4.3565e-01   5.3410e-05   9.8784e-06
  1.1353e+17      85.1372   1.2639e-01   4.3678e-01   5.3286e-05   9.7650e-06
  1.1780e+17      84.4365   1.2421e-01   4.3787e-01   5.3162e-05   9.6537e-06
  1.2223e+17      83.7561   1.2211e-01   4.3892e-01   5.3038e-05   9.5446e-06
  1.2682e+17      83.0947   1.2007e-01   4.3994e-01   5.2914e-05   9.4377e-06
  1.3159e+17      82.4509   1.1810e-01   4.4093e-01   5.2789e-05   9.3325e-06
  1.3654e+17      81.8239   1.1618e-01   4.4188e-01   5.2664e-05   9.2291e-06
  1.4168e+17      81.2125   1.1433e-01   4.4281e-01   5.2540e-05   9.1274e-06
  1.4700e+17      80.6159   1.1253e-01   4.4371e-01   5.2414e-05   9.0272e-06
  1.5253e+17      80.0332   1.1078e-01   4.4459e-01   5.2289e-05   8.9284e-06
  1.5827e+17      79.4637   1.0908e-01   4.4544e-01   5.2163e-05   8.8311e-06
  1.6422e+17      78.9067   1.0742e-01   4.4627e-01   5.2037e-05   8.7351e-06
  1.7040e+17      78.3615   1.0580e-01   4.4708e-01   5.1911e-05   8.6404e-06
  1.7680e+17      77.8276   1.0423e-01   4.4786e-01   5.1784e-05   8.5471e-06
  1.8345e+17      77.3043   1.0270e-01   4.4863e-01   5.1656e-05   8.4551e-06
  1.9035e+17      76.7912   1.0120e-01   4.4938e-01   5.1528e-05   8.3643e-06
  1.9751e+17      76.2878   9.9734e-02   4.5011e-01   5.1400e-05   8.2745e-06
  2.0494e+17      75.7936   9.8306e-02   4.5083e-01   5.1271e-05   8.1857e-06
  2.1264e+17      75.3082   9.6909e-02   4.5153e-01   5.1141e-05   8.0998e-06
  2.2064e+17      74.8313   9.5542e-02   4.5221e-01   5.1010e-05   8.0156e-06
  2.2894e+17      74.3624   9.4205e-02   4.5288e-01   5.0879e-05   7.9322e-06
  2.3754e+17      73.9013   9.2895e-02   4.5354e-01   5.0747e-05   7.8497e-06
  2.4648e+17      73.4477   9.1612e-02   4.5418e-01   5.0615e-05   7.7679e-06
  2.5575e+17      73.0012   9.0356e-02   4.5481e-01   5.0483e-05   7.6871e-06
  2.6536e+17      72.5616   8.9124e-02   4.5542e-01   5.0349e-05   7.6073e-06
  2.7534e+17      72.1287   8.7915e-02   4.5603e-01   5.0216e-05   7.5284e-06
  2.8570e+17      71.7022   8.6730e-02   4.5662e-01   5.0081e-05   7.4501e-06
  2.9644e+17      71.2818   8.5567e-02   4.5720e-01   4.9947e-05   7.3726e-06
  3.0759e+17      70.8674   8.4425e-02   4.5777e-01   4.9812e-05   7.2957e-06
  3.1916e+17      70.4587   8.3304e-02   4.5833e-01   4.9676e-05   7.2195e-06
  3.3116e+17      70.0556   8.2203e-02   4.5888e-01   4.9540e-05   7.1441e-06
  3.4361e+17      69.6568   8.1121e-02   4.5943e-01   4.9403e-05   7.0692e-06
  3.5653e+17      69.2632   8.0058e-02   4.5996e-01   4.9267e-05   6.9950e-06
  3.6994e+17      68.8746   7.9013e-02   4.6048e-01   4.9129e-05   6.9215e-06
  3.8385e+17      68.4910   7.7985e-02   4.6099e-01   4.8992e-05   6.8486e-06
  3.9829e+17      68.1122   7.6974e-02   4.6150e-01   4.8853e-05   6.7767e-06
  4.1326e+17      67.7379   7.5979e-02   4.6200e-01   4.8714e-05   6.7067e-06
  4.2880e+17      67.3682   7.5000e-02   4.6249e-01   4.8573e-05   6.6393e-06
  4.4493e+17      67.0028   7.4037e-02   4.6297e-01   4.8433e-05   6.5725e-06
  4.6166e+17      66.6417   7.3088e-02   4.6344e-01   4.8291e-05   6.5063e-06
  4.7902e+17      66.2848   7.2153e-02   4.6391e-01   4.8150e-05   6.4406e-06
  4.9704e+17      65.9320   7.1233e-02   4.6437e-01   4.8008e-05   6.3755e-06
  5.1573e+17      65.5831   7.0327e-02   4.6483e-01   4.7866e-05   6.3108e-06
  5.3512e+17      65.2381   6.9434e-02   4.6527e-01   4.7724e-05   6.2467e-06
  5.5524e+17      64.8969   6.8554e-02   4.6571e-01   4.7581e-05   6.1832e-06
  5.7612e+17      64.5594   6.7686e-02   4.6615e-01   4.7438e-05   6.1201e-06
  5.9779e+17      64.2254   6.6831e-02   4.6657e-01   4.7295e-05   6.0580e-06
  6.2027e+17      63.8949   6.5988e-02   4.6700e-01   4.7152e-05   5.9965e-06
  6.4359e+17      63.5679   6.5157e-02   4.6741e-01   4.7008e-05   5.9356e-06
  6.6780e+17      63.2442   6.4337e-02   4.6782e-01   4.6864e-05   5.8752e-06
  6.9291e+17      62.9238   6.3528e-02   4.6823e-01   4.6720e-05   5.8152e-06
  7.1896e+17      62.6066   6.2730e-02   4.6862e-01   4.6576e-05   5.7558e-06
  7.4600e+17      62.2926   6.1943e-02   4.6902e-01   4.6432e-05   5.6969e-06
  7.7406e+17      61.9816   6.1166e-02   4.6941e-01   4.6288e-05   5.6386e-06
  8.0316e+17      61.6736   6.0400e-02   4.6979e-01   4.6143e-05   5.5821e-06
  8.3337e+17      61.3684   5.9643e-02   4.7017e-01   4.5997e-05   5.5286e-06
  8.6471e+17      61.0661   5.8896e-02   4.7054e-01   4.5852e-05   5.4756e-06
  8.9722e+17      60.7666   5.8158e-02   4.7091e-01   4.5706e-05   5.4230e-06
  9.3096e+17      60.4699   5.7430e-02   4.7128e-01   4.5560e-05   5.3715e-06
  9.6597e+17      60.1759   5.6710e-02   4.7164e-01   4.5415e-05   5.3204e-06
  1.0023e+18      59.8846   5.6000e-02   4.7199e-01   4.5269e-05   5.2698e-06
  1.0400e+18      59.5959   5.5299e-02   4.7234e-01   4.5124e-05   5.2196e-06
  1.0791e+18      59.3099   5.4606e-02   4.7269e-01   4.4978e-05   5.1698e-06
  1.1197e+18      59.0264   5.3921e-02   4.7303e-01   4.4834e-05   5.1206e-06
  1.1618e+18      58.7453   5.3245e-02   4.7337e-01   4.4689e-05   5.0717e-06
  1.2055e+18      58.4668   5.2577e-02   4.7370e-01   4.4544e-05   5.0233e-06
  1.2508e+18      58.1907   5.1917e-02   4.7403e-01   4.4400e-05   4.9754e-06
  1.2978e+18      57.9170   5.1265e-02   4.7436e-01   4.4256e-05   4.9279e-06
  1.3466e+18      57.6456   5.0620e-02   4.7468e-01   4.4113e-05   4.8809e-06
  1.3973e+18      57.3765   4.9983e-02   4.7500e-01   4.3970e-05   4.8345e-06
  1.4498e+18      57.1097   4.9353e-02   4.7532e-01   4.3827e-05   4.7891e-06
  1.5044e+18      56.8451   4.8731e-02   4.7563e-01   4.3684e-05   4.7442e-06
  1.5609e+18      56.5825   4.8115e-02   4.7594e-01   4.3541e-05   4.7029e-06
  1.6196e+18      56.3220   4.7507e-02   4.7624e-01   4.3398e-05   4.6631e-06
  1.6805e+18      56.0637   4.6905e-02   4.7654e-01   4.3255e-05   4.6236e-06
  1.7437e+18      55.8074   4.6310e-02   4.7684e-01   4.3114e-05   4.5846e-06
  1.8093e+18      55.5533   4.5722e-02   4.7713e-01   4.2972e-05   4.5460e-06
  1.8773e+18      55.3012   4.5140e-02   4.7742e-01   4.2831e-05   4.5077e-06
  1.9479e+18      55.0511   4.4565e-02   4.7771e-01   4.2691e-05   4.4699e-06
  2.0212e+18      54.8031   4.3996e-02   4.7800e-01   4.2552e-05   4.4326e-06
  2.0972e+18      54.5570   4.3434e-02   4.7828e-01   4.2413e-05   4.3956e-06
  2.1761e+18      54.3129   4.2877e-02   4.7856e-01   4.2275e-05   4.3591e-06
  2.2579e+18      54.0707   4.2327e-02   4.7883e-01   4.2138e-05   4.3237e-06
  2.3428e+18      53.8303   4.1783e-02   4.7910e-01   4.2001e-05   4.2887e-06
  2.4309e+18      53.5919   4.1244e-02   4.7937e-01   4.1866e-05   4.2540e-06
  2.5223e+18      53.3553   4.0712e-02   4.7964e-01   4.1731e-05   4.2198e-06
  2.6172e+18      53.1205   4.0185e-02   4.7990e-01   4.1597e-05   4.1861e-06
  2.7156e+18      52.8875   3.9663e-02   4.8016e-01   4.1463e-05   4.1527e-06
  2.8177e+18      52.6564   3.9148e-02   4.8042e-01   4.1331e-05   4.1198e-06
  2.9237e+18      52.4268   3.8638e-02   4.8068e-01   4.1199e-05   4.0896e-06
  3.0336e+18      52.1989   3.8133e-02   4.8093e-01   4.1068e-05   4.0615e-06
  3.1477e+18      51.9727   3.7633e-02   4.8118e-01   4.0937e-05   4.0338e-06
  3.2660e+18      51.7481   3.7139e-02   4.8143e-01   4.0807e-05   4.0064e-06
  3.3889e+18      51.5253   3.6650e-02   4.8167e-01   4.0679e-05   3.9796e-06
  3.5163e+18      51.3041   3.6165e-02   4.8191e-01   4.0551e-05   3.9538e-06
  3.6485e+18      51.0846   3.5687e-02   4.8215e-01   4.0425e-05   3.9284e-06
  3.7857e+18      50.8666   3.5213e-02   4.8239e-01   4.0299e-05   3.9034e-06
  3.9281e+18      50.6504   3.4744e-02   4.8262e-01   4.0175e-05   3.8788e-06
  4.0758e+18      50.4356   3.4280e-02   4.8286e-01   4.0052e-05   3.8546e-06
  4.2291e+18      50.2225   3.3820e-02   4.8309e-01   3.9931e-05   3.8308e-06
  4.3881e+18      50.0110   3.3366e-02   4.8331e-01   3.9811e-05   3.8075e-06
  4.5531e+18      49.8012   3.2916e-02   4.8354e-01   3.9692e-05   3.7846e-06
  4.7244e+18      49.5929   3.2471e-02   4.8376e-01   3.9574e-05   3.7621e-06
  4.9020e+18      49.3861   3.2031e-02   4.8398e-01   3.9457e-05   3.7401e-06
  5.0864e+18      49.1808   3.1595e-02   4.8420e-01   3.9342e-05   3.7184e-06
  5.2776e+18      48.9769   3.1163e-02   4.8441e-01   3.9229e-05   3.6974e-06
  5.4761e+18      48.7743   3.0736e-02   4.8463e-01   3.9115e-05   3.6805e-06
  5.6820e+18      48.5730   3.0313e-02   4.8484e-01   3.9003e-05   3.6640e-06
  5.8957e+18      48.3732   2.9895e-02   4.8505e-01   3.8893e-05   3.6480e-06
  6.1174e+18      48.1748   2.9481e-02   4.8526e-01   3.8784e-05   3.6324e-06
  6.3475e+18      47.9778   2.9071e-02   4.8546e-01   3.8676e-05   3.6172e-06
  6.5862e+18      47.7822   2.8666e-02   4.8566e-01   3.8570e-05   3.6026e-06
  6.8338e+18      47.5881   2.8264e-02   4.8586e-01   3.8466e-05   3.5885e-06
  7.0908e+18      47.3952   2.7867e-02   4.8606e-01   3.8363e-05   3.5748e-06
  7.3575e+18      47.2037   2.7474e-02   4.8626e-01   3.8262e-05   3.5616e-06
  7.6341e+18      47.0136   2.7085e-02   4.8645e-01   3.8163e-05   3.5489e-06
  7.9212e+18      46.8246   2.6700e-02   4.8665e-01   3.8065e-05   3.5367e-06
  8.2191e+18      46.6371   2.6319e-02   4.8684e-01   3.7969e-05   3.5251e-06
  8.5282e+18      46.4508   2.5942e-02   4.8703e-01   3.7875e-05   3.5144e-06
  8.8489e+18      46.2658   2.5568e-02   4.8721e-01   3.7782e-05   3.5045e-06
  9.1816e+18      46.0820   2.5199e-02   4.8740e-01   3.7691e-05   3.4952e-06
  9.5269e+18      45.8993   2.4833e-02   4.8758e-01   3.7602e-05   3.4870e-06
  9.8852e+18      45.7179   2.4472e-02   4.8776e-01   3.7514e-05   3.4802e-06
  1.0257e+19      45.5376   2.4114e-02   4.8794e-01   3.7429e-05   3.4741e-06
  1.0643e+19      45.3585   2.3759e-02   4.8812e-01   3.7345e-05   3.4685e-06
  1.1043e+19      45.1806   2.3409e-02   4.8829e-01   3.7263e-05   3.4636e-06
  1.1458e+19      45.0039   2.3062e-02   4.8847e-01   3.7183e-05   3.4593e-06
  1.1889e+19      44.8282   2.2718e-02   4.8864e-01   3.7105e-05   3.4556e-06
  1.2336e+19      44.6538   2.2379e-02   4.8881e-01   3.7029e-05   3.4526e-06
  1.2800e+19      44.4805   2.2043e-02   4.8898e-01   3.6955e-05   3.4503e-06
  1.3281e+19      44.3082   2.1710e-02   4.8914e-01   3.6883e-05   3.4489e-06
  1.3781e+19      44.1369   2.1381e-02   4.8931e-01   3.6813e-05   3.4487e-06
  1.4299e+19      43.9667   2.1055e-02   4.8947e-01   3.6746e-05   3.4493e-06
  1.4837e+19      43.7976   2.0733e-02   4.8963e-01   3.6680e-05   3.4505e-06
  1.5395e+19      43.6294   2.0414e-02   4.8979e-01   3.6617e-05   3.4525e-06
  1.5974e+19      43.4623   2.0099e-02   4.8995e-01   3.6556e-05   3.4552e-06
  1.6574e+19      43.2961   1.9787e-02   4.9010e-01   3.6497e-05   3.4593e-06
  1.7198e+19      43.1308   1.9478e-02   4.9026e-01   3.6440e-05   3.4644e-06
  1.7844e+19      42.9665   1.9173e-02   4.9041e-01   3.6386e-05   3.4703e-06
  1.8515e+19      42.8030   1.8871e-02   4.9056e-01   3.6334e-05   3.4771e-06
  1.9212e+19      42.6405   1.8572e-02   4.9071e-01   3.6284e-05   3.4847e-06
  1.9934e+19      42.4788   1.8276e-02   4.9086e-01   3.6237e-05   3.4932e-06
  2.0684e+19      42.3181   1.7984e-02   4.9101e-01   3.6193e-05   3.5029e-06
  2.1461e+19      42.1580   1.7695e-02   4.9115e-01   3.6150e-05   3.5144e-06
  2.2268e+19      41.9987   1.7409e-02   4.9129e-01   3.6111e-05   3.5268e-06
  2.3106e+19      41.8402   1.7126e-02   4.9144e-01   3.6074e-05   3.5404e-06
  2.3975e+19      41.6824   1.6846e-02   4.9158e-01   3.6039e-05   3.5549e-06
  2.4876e+19      41.5253   1.6569e-02   4.9171e-01   3.6008e-05   3.5706e-06
  2.5812e+19      41.3689   1.6296e-02   4.9185e-01   3.5979e-05   3.5875e-06
  2.6782e+19      41.2132   1.6025e-02   4.9199e-01   3.5953e-05   3.6058e-06
  2.7790e+19      41.0579   1.5758e-02   4.9212e-01   3.5929e-05   3.6267e-06
  2.8835e+19      40.9032   1.5493e-02   4.9225e-01   3.5908e-05   3.6489e-06
  2.9919e+19      40.7490   1.5232e-02   4.9238e-01   3.5890e-05   3.6725e-06
  3.1044e+19      40.5955   1.4973e-02   4.9251e-01   3.5875e-05   3.6975e-06
  3.2211e+19      40.4423   1.4718e-02   4.9264e-01   3.5864e-05   3.7239e-06
  3.3423e+19      40.2896   1.4465e-02   4.9277e-01   3.5855e-05   3.7528e-06
  3.4680e+19      40.1371   1.4215e-02   4.9289e-01   3.5848e-05   3.7835e-06
  3.5984e+19      39.9850   1.3968e-02   4.9301e-01   3.5846e-05   3.8159e-06
  3.7337e+19      39.8324   1.3724e-02   4.9314e-01   3.5846e-05   3.8500e-06
  3.8741e+19      39.6802   1.3483e-02   4.9326e-01   3.5850e-05   3.8860e-06
  4.0198e+19      39.5282   1.3245e-02   4.9338e-01   3.5858e-05   3.9238e-06
  4.1709e+19      39.3763   1.3010e-02   4.9349e-01   3.5868e-05   3.9635e-06
  4.3278e+19      39.2244   1.2777e-02   4.9361e-01   3.5882e-05   4.0078e-06
  4.4905e+19      39.0725   1.2547e-02   4.9373e-01   3.5898e-05   4.0549e-06
  4.6594e+19      38.9207   1.2320e-02   4.9384e-01   3.5919e-05   4.1043e-06
  4.8346e+19      38.7688   1.2096e-02   4.9395e-01   3.5942e-05   4.1562e-06
  5.0164e+19      38.6168   1.1874e-02   4.9406e-01   3.5970e-05   4.2106e-06
  5.2051e+19      38.4646   1.1655e-02   4.9417e-01   3.6001e-05   4.2684e-06
  5.4008e+19      38.3121   1.1439e-02   4.9428e-01   3.6036e-05   4.3301e-06
  5.6039e+19      38.1593   1.1226e-02   4.9439e-01   3.6074e-05   4.3948e-06
  5.8146e+19      38.0061   1.1015e-02   4.9449e-01   3.6116e-05   4.4626e-06
  6.0333e+19      37.8526   1.0806e-02   4.9460e-01   3.6163e-05   4.5336e-06
  6.2602e+19      37.6985   1.0601e-02   4.9470e-01   3.6213e-05   4.6081e-06
  6.4956e+19      37.5435   1.0397e-02   4.9480e-01   3.6266e-05   4.6898e-06
  6.7399e+19      37.3876   1.0197e-02   4.9490e-01   3.6323e-05   4.7776e-06
  6.9933e+19      37.2309   9.9989e-03   4.9500e-01   3.6383e-05   4.8696e-06
  7.2563e+19      37.0734   9.8035e-03   4.9510e-01   3.6448e-05   4.9662e-06
  7.5292e+19      36.9149   9.6106e-03   4.9519e-01   3.6517e-05   5.0676e-06
  7.8123e+19      36.7554   9.4202e-03   4.9529e-01   3.6590e-05   5.1740e-06
  8.1061e+19      36.5947   9.2323e-03   4.9538e-01   3.6668e-05   5.2857e-06
  8.4109e+19      36.4324   9.0469e-03   4.9548e-01   3.6748e-05   5.4060e-06
  8.7272e+19      36.2688   8.8638e-03   4.9557e-01   3.6833e-05   5.5322e-06
  9.0554e+19      36.1037   8.6834e-03   4.9566e-01   3.6922e-05   5.6651e-06
  9.3959e+19      35.9360   8.5053e-03   4.9575e-01   3.7012e-05   5.8133e-06
  9.7493e+19      35.7660   8.3295e-03   4.9583e-01   3.7104e-05   5.9735e-06
  1.0116e+20      35.5940   8.1560e-03   4.9592e-01   3.7200e-05   6.1425e-06
  1.0496e+20      35.4199   7.9850e-03   4.9601e-01   3.7299e-05   6.3206e-06
  1.0891e+20      35.2435   7.8161e-03   4.9609e-01   3.7402e-05   6.5083e-06
  1.1301e+20      35.0648   7.6498e-03   4.9617e-01   3.7509e-05   6.7069e-06
  1.1726e+20      34.8834   7.4857e-03   4.9626e-01   3.7619e-05   6.9162e-06
  1.2166e+20      34.6994   7.3238e-03   4.9634e-01   3.7732e-05   7.1372e-06
  1.2624e+20      34.5125   7.1641e-03   4.9642e-01   3.7848e-05   7.3695e-06
  1.3099e+20      34.3189   7.0066e-03   4.9650e-01   3.7953e-05   7.6478e-06
  1.3591e+20      34.1211   6.8510e-03   4.9657e-01   3.8056e-05   7.9476e-06
  1.4102e+20      33.9196   6.6976e-03   4.9665e-01   3.8160e-05   8.2664e-06
  1.4633e+20      33.7138   6.5462e-03   4.9673e-01   3.8263e-05   8.6057e-06
  1.5183e+20      33.5037   6.3970e-03   4.9680e-01   3.8365e-05   8.9670e-06
  1.5754e+20      33.2892   6.2497e-03   4.9687e-01   3.8465e-05   9.3516e-06
  1.6346e+20      33.0698   6.1045e-03   4.9695e-01   3.8563e-05   9.7613e-06
  1.6961e+20      32.8440   5.9610e-03   4.9702e-01   3.8651e-05   1.0211e-05
  1.7599e+20      32.6070   5.8188e-03   4.9709e-01   3.8709e-05   1.0742e-05
  1.8261e+20      32.3637   5.6785e-03   4.9716e-01   3.8756e-05   1.1312e-05
  1.8947e+20      32.1136   5.5396e-03   4.9723e-01   3.8790e-05   1.1926e-05
  1.9660e+20      31.8569   5.4025e-03   4.9730e-01   3.8811e-05   1.2587e-05
  2.0399e+20      31.5919   5.2667e-03   4.9737e-01   3.8812e-05   1.3302e-05
  2.1166e+20      31.3185   5.1322e-03   4.9743e-01   3.8788e-05   1.4082e-05
  2.1962e+20      31.0302   4.9983e-03   4.9750e-01   3.8708e-05   1.4988e-05
  2.2788e+20      30.7272   4.8647e-03   4.9757e-01   3.8567e-05   1.6023e-05
  2.3645e+20      30.4142   4.7318e-03   4.9763e-01   3.8383e-05   1.7150e-05
  2.4534e+20      30.0911   4.5993e-03   4.9770e-01   3.8152e-05   1.8376e-05
  2.5457e+20      29.7581   4.4671e-03   4.9777e-01   3.7869e-05   1.9707e-05
  2.6414e+20      29.4153   4.3348e-03   4.9783e-01   3.7528e-05   2.1150e-05
  2.7408e+20      29.0491   4.2006e-03   4.9790e-01   3.7046e-05   2.2856e-05
  2.8438e+20      28.6712   4.0648e-03   4.9797e-01   3.6470e-05   2.4728e-05
  2.9508e+20      28.2812   3.9279e-03   4.9804e-01   3.5789e-05   2.6788e-05
  3.0617e+20      27.8846   3.7890e-03   4.9811e-01   3.5016e-05   2.9003e-05
  3.1769e+20      27.4822   3.6476e-03   4.9818e-01   3.4143e-05   3.1378e-05
  3.2963e+20      27.0633   3.5025e-03   4.9825e-01   3.3088e-05   3.4066e-05
  3.4203e+20      26.6419   3.3536e-03   4.9832e-01   3.1911e-05   3.6944e-05
  3.5489e+20      26.2225   3.2016e-03   4.9840e-01   3.0630e-05   3.9979e-05
  3.6824e+20      25.8092   3.0467e-03   4.9848e-01   2.9259e-05   4.3140e-05
  3.8208e+20      25.4056   2.8894e-03   4.9856e-01   2.7821e-05   4.6386e-05
  3.9645e+20      25.0159   2.7311e-03   4.9863e-01   2.6341e-05   4.9672e-05
  4.1136e+20      24.6415   2.5720e-03   4.9871e-01   2.4834e-05   5.2969e-05
  4.2683e+20      24.2841   2.4133e-03   4.9879e-01   2.3323e-05   5.6238e-05
  4.4288e+20      23.9450   2.2563e-03   4.9887e-01   2.1830e-05   5.9438e-05
  4.5954e+20      23.6281   2.1039e-03   4.9895e-01   2.0419e-05   6.2459e-05
  4.7682e+20      23.3288   1.9558e-03   4.9902e-01   1.9069e-05   6.5338e-05
  4.9475e+20      23.0451   1.8128e-03   4.9909e-01   1.7784e-05   6.8069e-05
  5.1335e+20      22.7743   1.6752e-03   4.9916e-01   1.6562e-05   7.0655e-05
  5.3266e+20      22.5146   1.5437e-03   4.9923e-01   1.5406e-05   7.3091e-05
  5.5269e+20      22.2665   1.4200e-03   4.9929e-01   1.4355e-05   7.5311e-05
  5.7347e+20      22.0259   1.3023e-03   4.9935e-01   1.3389e-05   7.7345e-05
  5.9504e+20      21.7906   1.1944e-03   4.9940e-01   1.2493e-05   7.9237e-05
  6.1741e+20      21.5588   1.0925e-03   4.9945e-01   1.1676e-05   8.0954e-05
  6.4063e+20      21.3285   9.9772e-04   4.9950e-01   1.0932e-05   8.2517e-05
  6.6472e+20      21.0989   9.1027e-04   4.9954e-01   1.0266e-05   8.3917e-05
  6.8972e+20      20.8674   8.2598e-04   4.9959e-01   9.6668e-06   8.5161e-05
  7.1566e+20      20.6360   7.5499e-04   4.9962e-01   9.1206e-06   8.6320e-05
  7.4257e+20      20.3981   6.8617e-04   4.9966e-01   8.6256e-06   8.7353e-05
  7.7049e+20      20.1573   6.2289e-04   4.9969e-01   8.1779e-06   8.8284e-05
  7.9947e+20      19.9121   5.6469e-04   4.9972e-01   7.7725e-06   8.9122e-05
  8.2953e+20      19.6618   5.1107e-04   4.9974e-01   7.3950e-06   8.9892e-05
  8.6072e+20      19.4068   4.6215e-04   4.9977e-01   7.0620e-06   9.0571e-05
  8.9309e+20      19.1470   4.1739e-04   4.9979e-01   6.7606e-06   9.1181e-05
  9.2668e+20      18.8823   3.7648e-04   4.9981e-01   6.4874e-06   9.1728e-05
  9.6152e+20      18.6130   3.3914e-04   4.9983e-01   6.2392e-06   9.2220e-05
  9.9768e+20      18.3392   3.0510e-04   4.9985e-01   6.0132e-06   9.2661e-05
  1.0352e+21      18.0615   2.7414e-04   4.9986e-01   5.8064e-06   9.3057e-05
  1.0741e+21      17.7802   2.4601e-04   4.9988e-01   5.6174e-06   9.3413e-05
  1.1145e+21      17.4959   2.2065e-04   4.9989e-01   5.4526e-06   9.3722e-05
  1.1564e+21      17.2090   1.9766e-04   4.9990e-01   5.2979e-06   9.4002e-05
  1.1999e+21      16.9200   1.7687e-04   4.9991e-01   5.1506e-06   9.4260e-05
  1.2450e+21      16.6292   1.5812e-04   4.9992e-01   5.0079e-06   9.4498e-05
  1.2919e+21      16.3378   1.4118e-04   4.9993e-01   4.8579e-06   9.4732e-05
  1.3404e+21      16.0457   1.2595e-04   4.9994e-01   4.7003e-06   9.4961e-05
  1.3909e+21      15.7538   1.1235e-04   4.9994e-01   4.5405e-06   9.5183e-05
  1.4432e+21      15.4624   1.0024e-04   4.9995e-01   4.3762e-06   9.5399e-05
  1.4974e+21      15.1723   8.9499e-05   4.9996e-01   4.2111e-06   9.5607e-05
  1.5537e+21      14.8837   7.9995e-05   4.9996e-01   4.0409e-06   9.5813e-05
  1.6122e+21      14.5970   7.1620e-05   4.9996e-01   3.8629e-06   9.6020e-05
  1.6728e+21      14.3125   6.4246e-05   4.9997e-01   3.6777e-06   9.6230e-05
  1.7357e+21      14.0305   5.7787e-05   4.9997e-01   3.4865e-06   9.6440e-05
  1.8010e+21      13.7513   5.2145e-05   4.9997e-01   3.2913e-06   9.6651e-05
  1.8687e+21      13.4749   4.7234e-05   4.9998e-01   3.0946e-06   9.6861e-05
  1.9390e+21      13.2015   4.2707e-05   4.9998e-01   2.9007e-06   9.7064e-05
  2.0119e+21      12.9313   3.9295e-05   4.9998e-01   2.7072e-06   9.7265e-05
  2.0875e+21      12.6653   3.9007e-05   4.9998e-01   2.6930e-06   9.7280e-05
  2.1660e+21      12.4000   3.3401e-05   4.9998e-01   2.3369e-06   9.7646e-05
  2.2475e+21      12.1390   3.1055e-05   4.9998e-01   2.1720e-06   9.7814e-05
  2.3320e+21      11.8809   2.9033e-05   4.9999e-01   2.0216e-06   9.7967e-05
  2.4197e+21      11.6259   2.7419e-05   4.9999e-01   1.8849e-06   9.8106e-05
  2.5107e+21      11.3738   2.6007e-05   4.9999e-01   1.7628e-06   9.8230e-05
  2.6051e+21      11.1247   2.4817e-05   4.9999e-01   1.6534e-06   9.8340e-05
  2.7031e+21      10.8784   2.3753e-05   4.9999e-01   1.5554e-06   9.8439e-05
  2.8047e+21      10.6352   2.3009e-05   4.9999e-01   1.4657e-06   9.8529e-05
  2.9102e+21      10.3950   2.2340e-05   4.9999e-01   1.3835e-06   9.8611e-05
  3.0196e+21      10.1582   2.1797e-05   4.9999e-01   1.3061e-06   9.8689e-05
  3.1332e+21       9.9248   2.1369e-05   4.9999e-01   1.2315e-06   9.8763e-05
  3.2510e+21       9.6952   2.0769e-05   4.9999e-01   1.1576e-06   9.8837e-05
  3.3733e+21       9.4701   2.0810e-05   4.9999e-01   1.0818e-06   9.8913e-05
  3.5001e+21       9.2498   2.0662e-05   4.9999e-01   1.0050e-06   9.8990e-05
  3.6317e+21       9.0348   2.0590e-05   4.9999e-01   9.2583e-07   9.9069e-05
  3.7683e+21       8.8261   2.0590e-05   4.9999e-01   8.4398e-07   9.9150e-05
  3.9100e+21       8.6244   2.0654e-05   4.9999e-01   7.5925e-07   9.9235e-05
  4.0571e+21       8.4306   2.0779e-05   4.9999e-01   6.7167e-07   9.9322e-05
  4.2096e+21       8.2457   2.0955e-05   4.9999e-01   5.8149e-07   9.9411e-05
  4.3679e+21       8.0706   2.1182e-05   4.9999e-01   4.8951e-07   9.9502e-05
  4.5322e+21       7.9064   2.1443e-05   4.9999e-01   3.9709e-07   9.9593e-05
  4.7026e+21       7.7539   2.1716e-05   4.9999e-01   3.0708e-07   9.9682e-05
  4.8795e+21       7.6136   2.1968e-05   4.9999e-01   2.2506e-07   9.9762e-05
  5.0629e+21       7.4861   2.2186e-05   4.9999e-01   1.5831e-07   9.9827e-05
  5.2533e+21       7.3714   2.2309e-05   4.9999e-01   1.0979e-07   9.9874e-05
  5.4509e+21       7.2700   2.2345e-05   4.9999e-01   7.7468e-08   9.9903e-05
  5.6559e+21       7.1802   2.2361e-05   4.9999e-01   5.4235e-08   9.9922e-05
  5.8686e+21       7.1040   2.2364e-05   4.9999e-01   3.8184e-08   9.9933e-05
  6.0892e+21       7.0400   2.2378e-05   4.9999e-01   2.6620e-08   9.9937e-05
  6.3182e+21       6.9871   2.2401e-05   4.9999e-01   1.8337e-08   9.9935e-05
  6.5558e+21       6.9440   2.2415e-05   4.9999e-01   1.2395e-08   9.9928e-05
  6.8024e+21       6.9095   2.2460e-05   4.9999e-01   8.1676e-09   9.9915e-05
  7.0582e+21       6.8823   2.2475e-05   4.9999e-01   5.1684e-09   9.9896e-05
  7.3236e+21       6.8612   2.2497e-05   4.9999e-01   3.2088e-09   9.9869e-05
  7.5990e+21       6.8452   2.2474e-05   4.9999e-01   1.9172e-09   9.9833e-05
  7.8848e+21       6.8340   2.2467e-05   4.9999e-01   1.8015e-09   9.9829e-05
  8.1813e+21       6.8255   2.2459e-05   4.9999e-01   1.6475e-09   9.9823e-05
  8.4889e+21       6.8192   2.2459e-05   4.9999e-01   1.6475e-09   9.9823e-05
  8.8081e+21       6.8147   2.2459e-05   4.9999e-01   1.6475e-09   9.9823e-05
  9.1394e+21       6.8091   2.1261e-05   4.9999e-01   1.6233e-10   9.9551e-05
  9.4831e+21       6.8075   2.1254e-05   4.9999e-01   1.6128e-10   9.9550e-05
  9.8397e+21       6.8063   2.1253e-05   4.9999e-01   1.6109e-10   9.9550e-05
  1.0210e+22       6.8056   2.1251e-05   4.9999e-01   1.6081e-10   9.9549e-05
  1.0594e+22       6.8051   2.1251e-05   4.9999e-01   1.6081e-10   9.9549e-05
  1.0992e+22       6.8049   2.1248e-05   4.9999e-01   1.6043e-10   9.9549e-05
  1.1405e+22       6.8048   2.1247e-05   4.9999e-01   1.6017e-10   9.9549e-05
  1.1834e+22       6.8048   2.1246e-05   4.9999e-01   1.6014e-10   9.9549e-05
  1.2279e+22       6.8049   2.1246e-05   4.9999e-01   1.6013e-10   9.9549e-05
  1.2741e+22       6.8049   1.9178e-05   4.9999e-01   5.2528e-11   9.9195e-05
  1.3220e+22       6.8041   1.9150e-05   4.9999e-01   5.1893e-11   9.9187e-05
  1.3717e+22       6.8041   1.9133e-05   4.9999e-01   5.1616e-11   9.9182e-05
  1.4233e+22       6.8042   1.9112e-05   4.9999e-01   5.1459e-11   9.9181e-05
  1.4768e+22       6.8043   1.9106e-05   4.9999e-01   5.1444e-11   9.9181e-05
  1.5324e+22       6.8044   1.9113e-05   4.9999e-01   5.1311e-11   9.9176e-05
  1.5900e+22       6.8045   1.9111e-05   4.9999e-01   5.1282e-11   9.9176e-05
