# NH                 T_gas  H            H2           C            CO
  1.5900e+14     387.4913   4.1355e-01   2.9302e-01   4.7162e-06   6.2005e-05
  1.6498e+14     387.0002   4.1191e-01   2.9384e-01   4.7064e-06   6.2076e-05
  1.7118e+14     386.4920   4.1021e-01   2.9469e-01   4.6963e-06   6.2149e-05
  1.7762e+14     385.9663   4.0845e-01   2.9557e-01   4.6860e-06   6.2224e-05
  1.8430e+14     385.4225   4.0662e-01   2.9648e-01   4.6754e-06   6.2302e-05
  1.9123e+14     384.8600   4.0474e-01   2.9742e-01   4.6645e-06   6.2383e-05
  1.9842e+14     384.2782   4.0279e-01   2.9840e-01   4.6533e-06   6.2467e-05
  2.0588e+14     383.6765   4.0077e-01   2.9941e-01   4.6419e-06   6.2553e-05
  2.1363e+14     383.0541   3.9868e-01   3.0046e-01   4.6301e-06   6.2643e-05
  2.2166e+14     382.4106   3.9651e-01   3.0154e-01   4.6181e-06   6.2735e-05
  2.2999e+14     381.7451   3.9428e-01   3.0266e-01   4.6057e-06   6.2831e-05
  2.3864e+14     381.0570   3.9196e-01   3.0381e-01   4.5931e-06   6.2930e-05
  2.4762e+14     380.3455   3.8957e-01   3.0501e-01   4.5802e-06   6.3033e-05
  2.5693e+14     379.6099   3.8710e-01   3.0625e-01   4.5669e-06   6.3139e-05
  2.6659e+14     378.8494   3.8454e-01   3.0752e-01   4.5534e-06   6.3248e-05
  2.7662e+14     378.0632   3.8190e-01   3.0885e-01   4.5395e-06   6.3362e-05
  2.8702e+14     377.2505   3.7917e-01   3.1021e-01   4.5253e-06   6.3479e-05
  2.9781e+14     376.4104   3.7635e-01   3.1162e-01   4.5109e-06   6.3601e-05
  3.0901e+14     375.5419   3.7343e-01   3.1308e-01   4.4960e-06   6.3726e-05
  3.2063e+14     374.6442   3.7043e-01   3.1458e-01   4.4809e-06   6.3856e-05
  3.3269e+14     373.7163   3.6733e-01   3.1613e-01   4.4655e-06   6.3991e-05
  3.4520e+14     372.7572   3.6413e-01   3.1773e-01   4.4497e-06   6.4130e-05
  3.5818e+14     371.7658   3.6082e-01   3.1938e-01   4.4336e-06   6.4274e-05
  3.7165e+14     370.7410   3.5742e-01   3.2108e-01   4.4172e-06   6.4424e-05
  3.8563e+14     369.6818   3.5391e-01   3.2284e-01   4.4004e-06   6.4578e-05
  4.0013e+14     368.5869   3.5030e-01   3.2465e-01   4.3834e-06   6.4739e-05
  4.1517e+14     367.4551   3.4658e-01   3.2651e-01   4.3660e-06   6.4905e-05
  4.3079e+14     366.2851   3.4275e-01   3.2842e-01   4.3483e-06   6.5077e-05
  4.4699e+14     365.0756   3.3881e-01   3.3039e-01   4.3302e-06   6.5255e-05
  4.6380e+14     363.8250   3.3475e-01   3.3242e-01   4.3118e-06   6.5440e-05
  4.8124e+14     362.5321   3.3059e-01   3.3450e-01   4.2932e-06   6.5632e-05
  4.9933e+14     361.1952   3.2631e-01   3.3664e-01   4.2741e-06   6.5831e-05
  5.1811e+14     359.8126   3.2192e-01   3.3884e-01   4.2548e-06   6.6038e-05
  5.3760e+14     358.3828   3.1741e-01   3.4109e-01   4.2351e-06   6.6252e-05
  5.5781e+14     356.9039   3.1279e-01   3.4340e-01   4.2152e-06   6.6475e-05
  5.7879e+14     355.3740   3.0805e-01   3.4577e-01   4.1949e-06   6.6707e-05
  6.0055e+14     353.7912   3.0321e-01   3.4819e-01   4.1743e-06   6.6948e-05
  6.2314e+14     352.1535   2.9825e-01   3.5067e-01   4.1533e-06   6.7198e-05
  6.4657e+14     350.4587   2.9318e-01   3.5320e-01   4.1320e-06   6.7459e-05
  6.7088e+14     348.7046   2.8800e-01   3.5579e-01   4.1104e-06   6.7731e-05
  6.9611e+14     346.8890   2.8272e-01   3.5843e-01   4.0884e-06   6.8014e-05
  7.2229e+14     345.0095   2.7733e-01   3.6112e-01   4.0662e-06   6.8308e-05
  7.4945e+14     343.0636   2.7185e-01   3.6386e-01   4.0437e-06   6.8615e-05
  7.7764e+14     341.0489   2.6627e-01   3.6665e-01   4.0209e-06   6.8936e-05
  8.0688e+14     338.9627   2.6060e-01   3.6948e-01   3.9978e-06   6.9269e-05
  8.3722e+14     336.8026   2.5485e-01   3.7236e-01   3.9744e-06   6.9618e-05
  8.6870e+14     334.5658   2.4902e-01   3.7527e-01   3.9508e-06   6.9981e-05
  9.0137e+14     332.2498   2.4311e-01   3.7822e-01   3.9270e-06   7.0360e-05
  9.3527e+14     329.8519   2.3714e-01   3.8121e-01   3.9029e-06   7.0755e-05
  9.7044e+14     327.3695   2.3111e-01   3.8422e-01   3.8787e-06   7.1168e-05
  1.0069e+15     324.8000   2.2503e-01   3.8726e-01   3.8542e-06   7.1598e-05
  1.0448e+15     322.1412   2.1890e-01   3.9032e-01   3.8295e-06   7.2047e-05
  1.0841e+15     319.3905   2.1275e-01   3.9339e-01   3.8048e-06   7.2514e-05
  1.1249e+15     316.5456   2.0657e-01   3.9647e-01   3.7800e-06   7.3001e-05
  1.1672e+15     313.6042   2.0038e-01   3.9957e-01   3.7551e-06   7.3507e-05
  1.2110e+15     310.5641   1.9419e-01   4.0266e-01   3.7302e-06   7.4033e-05
  1.2566e+15     307.4230   1.8801e-01   4.0574e-01   3.7054e-06   7.4580e-05
  1.3038e+15     304.1783   1.8184e-01   4.0882e-01   3.6806e-06   7.5147e-05
  1.3529e+15     300.8275   1.7571e-01   4.1188e-01   3.6559e-06   7.5735e-05
  1.4037e+15     295.8084   1.6932e-01   4.1507e-01   2.9257e-06   7.9611e-05
  1.4565e+15     292.2617   1.6329e-01   4.1807e-01   2.9062e-06   8.0195e-05
  1.5113e+15     288.6040   1.5732e-01   4.2105e-01   2.8869e-06   8.0792e-05
  1.5681e+15     284.8317   1.5143e-01   4.2399e-01   2.8679e-06   8.1403e-05
  1.6271e+15     280.9408   1.4562e-01   4.2689e-01   2.8494e-06   8.2024e-05
  1.6883e+15     276.9270   1.3990e-01   4.2974e-01   2.8313e-06   8.2656e-05
  1.7518e+15     272.7862   1.3429e-01   4.3253e-01   2.8136e-06   8.3296e-05
  1.8177e+15     268.5144   1.2879e-01   4.3528e-01   2.7964e-06   8.3942e-05
  1.8860e+15     264.1092   1.2340e-01   4.3796e-01   2.7798e-06   8.4592e-05
  1.9569e+15     259.5698   1.1815e-01   4.4057e-01   2.7637e-06   8.5241e-05
  2.0305e+15     254.8989   1.1303e-01   4.4312e-01   2.7482e-06   8.5887e-05
  2.1069e+15     250.1037   1.0806e-01   4.4559e-01   2.7333e-06   8.6523e-05
  2.1861e+15     245.3216   1.0324e-01   4.4799e-01   2.7189e-06   8.7131e-05
  2.2683e+15     240.3301   9.8570e-02   4.5032e-01   2.7053e-06   8.7732e-05
  2.3536e+15     235.2700   9.4058e-02   4.5256e-01   2.6926e-06   8.8307e-05
  2.4421e+15     230.1697   8.9709e-02   4.5473e-01   2.6808e-06   8.8848e-05
  2.5340e+15     225.0587   8.5526e-02   4.5681e-01   2.6701e-06   8.9352e-05
  2.6293e+15     219.9633   8.1509e-02   4.5881e-01   2.6604e-06   8.9815e-05
  2.7281e+15     214.9050   7.7657e-02   4.6074e-01   2.6521e-06   9.0235e-05
  2.8307e+15     209.8973   7.3971e-02   4.6258e-01   2.6454e-06   9.0611e-05
  2.9372e+15     204.9465   7.0446e-02   4.6434e-01   2.6404e-06   9.0944e-05
  3.0476e+15     200.0527   6.7080e-02   4.6603e-01   2.6372e-06   9.1236e-05
  3.1622e+15     195.0619   6.3863e-02   4.6764e-01   2.6295e-06   9.1526e-05
  3.2812e+15     190.3837   6.0807e-02   4.6917e-01   2.6300e-06   9.1736e-05
  3.4045e+15     185.7370   5.7897e-02   4.7064e-01   2.6324e-06   9.1913e-05
  3.5326e+15     181.1190   5.5130e-02   4.7203e-01   2.6367e-06   9.2058e-05
  3.6654e+15     176.5295   5.2501e-02   4.7336e-01   2.6428e-06   9.2172e-05
  3.8032e+15     171.9711   5.0007e-02   4.7462e-01   2.6506e-06   9.2257e-05
  3.9463e+15     167.4492   4.7642e-02   4.7581e-01   2.6599e-06   9.2313e-05
  4.0947e+15     162.9719   4.5402e-02   4.7694e-01   2.6705e-06   9.2341e-05
  4.2486e+15     158.5487   4.3282e-02   4.7802e-01   2.6822e-06   9.2343e-05
  4.4084e+15     149.1329   4.1339e-02   4.7900e-01   2.6925e-06   9.2260e-05
  4.5742e+15     145.0891   3.9455e-02   4.7996e-01   2.7058e-06   9.2191e-05
  4.7462e+15     141.1345   3.7674e-02   4.8086e-01   2.7193e-06   9.2104e-05
  4.9247e+15     137.2762   3.5991e-02   4.8172e-01   2.7326e-06   9.2003e-05
  5.1099e+15     133.5208   3.4402e-02   4.8252e-01   2.7456e-06   9.1888e-05
  5.3020e+15     129.8736   3.2901e-02   4.8329e-01   2.7584e-06   9.1763e-05
  5.5014e+15     126.3386   3.1484e-02   4.8401e-01   2.7707e-06   9.1628e-05
  5.7083e+15     122.9189   3.0145e-02   4.8469e-01   2.7826e-06   9.1486e-05
  5.9230e+15     119.6159   2.8882e-02   4.8533e-01   2.7938e-06   9.1339e-05
  6.1457e+15     116.4303   2.7689e-02   4.8594e-01   2.8043e-06   9.1189e-05
  6.3768e+15     113.3618   2.6562e-02   4.8651e-01   2.8141e-06   9.1038e-05
  6.6166e+15     110.4089   2.5498e-02   4.8706e-01   2.8232e-06   9.0887e-05
  6.8654e+15     107.5700   2.4492e-02   4.8757e-01   2.8315e-06   9.0738e-05
  7.1236e+15     104.8422   2.3543e-02   4.8805e-01   2.8390e-06   9.0593e-05
  7.3915e+15     102.2233   2.2645e-02   4.8851e-01   2.8456e-06   9.0451e-05
  7.6694e+15      99.6977   2.1796e-02   4.8894e-01   2.8510e-06   9.0315e-05
  7.9579e+15      97.2023   2.0997e-02   4.8935e-01   2.8553e-06   9.0182e-05
  8.2571e+15      94.8235   2.0241e-02   4.8973e-01   2.8589e-06   9.0057e-05
  8.5676e+15      92.5548   1.9525e-02   4.9010e-01   2.8617e-06   8.9939e-05
  8.8898e+15      90.3897   1.8848e-02   4.9044e-01   2.8639e-06   8.9829e-05
  9.2241e+15      88.3219   1.8206e-02   4.9077e-01   2.8653e-06   8.9727e-05
  9.5710e+15      86.3460   1.7597e-02   4.9108e-01   2.8662e-06   8.9633e-05
  9.9309e+15      84.4566   1.7021e-02   4.9137e-01   2.8666e-06   8.9547e-05
  1.0304e+16      82.6487   1.6475e-02   4.9165e-01   2.8664e-06   8.9468e-05
  1.0692e+16      80.9177   1.5957e-02   4.9191e-01   2.8658e-06   8.9397e-05
  1.1094e+16      79.2594   1.5465e-02   4.9216e-01   2.8648e-06   8.9332e-05
  1.1511e+16      77.6696   1.4999e-02   4.9240e-01   2.8632e-06   8.9275e-05
  1.1944e+16      76.1444   1.4556e-02   4.9262e-01   2.8607e-06   8.9226e-05
  1.2393e+16      74.6806   1.4135e-02   4.9284e-01   2.8579e-06   8.9183e-05
  1.2859e+16      73.2750   1.3735e-02   4.9304e-01   2.8548e-06   8.9146e-05
  1.3343e+16      71.9245   1.3356e-02   4.9323e-01   2.8516e-06   8.9114e-05
  1.3844e+16      70.6263   1.2994e-02   4.9342e-01   2.8480e-06   8.9087e-05
  1.4365e+16      69.3777   1.2651e-02   4.9359e-01   2.8442e-06   8.9066e-05
  1.4905e+16      68.1762   1.2324e-02   4.9376e-01   2.8403e-06   8.9048e-05
  1.5466e+16      67.0195   1.2012e-02   4.9392e-01   2.8363e-06   8.9034e-05
  1.6047e+16      65.9054   1.1715e-02   4.9407e-01   2.8322e-06   8.9024e-05
  1.6651e+16      64.8318   1.1432e-02   4.9421e-01   2.8280e-06   8.9018e-05
  1.7277e+16      63.7968   1.1162e-02   4.9435e-01   2.8238e-06   8.9014e-05
  1.7927e+16      62.7985   1.0904e-02   4.9448e-01   2.8196e-06   8.9014e-05
  1.8601e+16      61.8351   1.0658e-02   4.9461e-01   2.8143e-06   8.9019e-05
  1.9300e+16      60.9050   1.0423e-02   4.9473e-01   2.8088e-06   8.9027e-05
  2.0026e+16      60.0068   1.0197e-02   4.9484e-01   2.8034e-06   8.9037e-05
  2.0779e+16      59.1393   9.9817e-03   4.9495e-01   2.7981e-06   8.9049e-05
  2.1561e+16      58.3006   9.7751e-03   4.9506e-01   2.7914e-06   8.9066e-05
  2.2371e+16      57.4895   9.5771e-03   4.9516e-01   2.7844e-06   8.9086e-05
  2.3213e+16      56.7046   9.3871e-03   4.9525e-01   2.7775e-06   8.9108e-05
  2.4086e+16      55.9448   9.2048e-03   4.9535e-01   2.7706e-06   8.9130e-05
  2.4991e+16      55.2091   9.0298e-03   4.9543e-01   2.7638e-06   8.9154e-05
  2.5931e+16      54.4963   8.8616e-03   4.9552e-01   2.7571e-06   8.9180e-05
  2.6906e+16      53.8054   8.6998e-03   4.9560e-01   2.7506e-06   8.9206e-05
  2.7918e+16      53.1353   8.5441e-03   4.9568e-01   2.7441e-06   8.9233e-05
  2.8968e+16      52.4852   8.3941e-03   4.9576e-01   2.7368e-06   8.9263e-05
  3.0057e+16      51.8540   8.2493e-03   4.9583e-01   2.7287e-06   8.9296e-05
  3.1188e+16      51.2412   8.1097e-03   4.9590e-01   2.7208e-06   8.9330e-05
  3.2360e+16      50.6458   7.9750e-03   4.9597e-01   2.7131e-06   8.9364e-05
  3.3577e+16      50.0672   7.8450e-03   4.9604e-01   2.7064e-06   8.9396e-05
  3.4840e+16      49.5047   7.7195e-03   4.9610e-01   2.7002e-06   8.9428e-05
  3.6150e+16      48.9575   7.5982e-03   4.9616e-01   2.6942e-06   8.9460e-05
  3.7510e+16      48.4249   7.4807e-03   4.9622e-01   2.6884e-06   8.9492e-05
  3.8920e+16      47.9063   7.3670e-03   4.9628e-01   2.6827e-06   8.9525e-05
  4.0384e+16      47.4012   7.2569e-03   4.9634e-01   2.6772e-06   8.9557e-05
  4.1902e+16      46.9089   7.1501e-03   4.9639e-01   2.6718e-06   8.9590e-05
  4.3478e+16      46.4291   7.0464e-03   4.9644e-01   2.6666e-06   8.9623e-05
  4.5113e+16      45.9610   6.9458e-03   4.9649e-01   2.6612e-06   8.9658e-05
  4.6810e+16      45.5041   6.8476e-03   4.9654e-01   2.6539e-06   8.9697e-05
  4.8570e+16      45.0582   6.7522e-03   4.9659e-01   2.6468e-06   8.9737e-05
  5.0396e+16      44.6227   6.6594e-03   4.9664e-01   2.6399e-06   8.9777e-05
  5.2292e+16      44.1974   6.5691e-03   4.9668e-01   2.6332e-06   8.9816e-05
  5.4258e+16      43.7817   6.4812e-03   4.9673e-01   2.6267e-06   8.9856e-05
  5.6298e+16      43.3754   6.3955e-03   4.9677e-01   2.6204e-06   8.9895e-05
  5.8415e+16      42.9780   6.3120e-03   4.9681e-01   2.6143e-06   8.9935e-05
  6.0612e+16      42.5893   6.2306e-03   4.9686e-01   2.6084e-06   8.9974e-05
  6.2891e+16      42.2090   6.1512e-03   4.9690e-01   2.6028e-06   9.0014e-05
  6.5256e+16      41.8367   6.0736e-03   4.9694e-01   2.5973e-06   9.0053e-05
  6.7710e+16      41.4722   5.9979e-03   4.9697e-01   2.5921e-06   9.0092e-05
  7.0257e+16      41.1151   5.9239e-03   4.9701e-01   2.5871e-06   9.0131e-05
  7.2899e+16      40.7651   5.8511e-03   4.9705e-01   2.5796e-06   9.0176e-05
  7.5640e+16      40.4220   5.7797e-03   4.9708e-01   2.5718e-06   9.0223e-05
  7.8484e+16      40.0857   5.7099e-03   4.9712e-01   2.5642e-06   9.0270e-05
  8.1436e+16      39.7559   5.6416e-03   4.9715e-01   2.5569e-06   9.0316e-05
  8.4498e+16      39.4324   5.5747e-03   4.9719e-01   2.5498e-06   9.0362e-05
  8.7676e+16      39.1151   5.5091e-03   4.9722e-01   2.5429e-06   9.0408e-05
  9.0973e+16      38.8038   5.4449e-03   4.9725e-01   2.5363e-06   9.0453e-05
  9.4394e+16      38.4983   5.3819e-03   4.9729e-01   2.5300e-06   9.0499e-05
  9.7944e+16      38.1984   5.3202e-03   4.9732e-01   2.5240e-06   9.0544e-05
  1.0163e+17      37.9040   5.2596e-03   4.9735e-01   2.5182e-06   9.0589e-05
  1.0545e+17      37.6148   5.2002e-03   4.9738e-01   2.5127e-06   9.0634e-05
  1.0941e+17      37.3309   5.1419e-03   4.9741e-01   2.5074e-06   9.0678e-05
  1.1353e+17      37.0518   5.0842e-03   4.9744e-01   2.5006e-06   9.0727e-05
  1.1780e+17      36.7774   5.0272e-03   4.9747e-01   2.4919e-06   9.0780e-05
  1.2223e+17      36.5078   4.9713e-03   4.9749e-01   2.4836e-06   9.0832e-05
  1.2682e+17      36.2428   4.9162e-03   4.9752e-01   2.4756e-06   9.0885e-05
  1.3159e+17      35.9823   4.8621e-03   4.9755e-01   2.4678e-06   9.0937e-05
  1.3654e+17      35.7263   4.8089e-03   4.9758e-01   2.4602e-06   9.0989e-05
  1.4168e+17      35.4746   4.7566e-03   4.9760e-01   2.4530e-06   9.1041e-05
  1.4700e+17      35.2271   4.7051e-03   4.9763e-01   2.4461e-06   9.1092e-05
  1.5253e+17      34.9837   4.6545e-03   4.9766e-01   2.4395e-06   9.1143e-05
  1.5827e+17      34.7444   4.6047e-03   4.9768e-01   2.4332e-06   9.1193e-05
  1.6422e+17      34.5090   4.5557e-03   4.9771e-01   2.4273e-06   9.1243e-05
  1.7040e+17      34.2774   4.5074e-03   4.9773e-01   2.4216e-06   9.1293e-05
  1.7680e+17      34.0496   4.4597e-03   4.9775e-01   2.4157e-06   9.1343e-05
  1.8345e+17      33.8251   4.4122e-03   4.9778e-01   2.4067e-06   9.1401e-05
  1.9035e+17      33.6042   4.3653e-03   4.9780e-01   2.3980e-06   9.1459e-05
  1.9751e+17      33.3869   4.3192e-03   4.9783e-01   2.3897e-06   9.1516e-05
  2.0494e+17      33.1731   4.2737e-03   4.9785e-01   2.3816e-06   9.1573e-05
  2.1264e+17      32.9626   4.2288e-03   4.9787e-01   2.3738e-06   9.1629e-05
  2.2064e+17      32.7555   4.1846e-03   4.9789e-01   2.3663e-06   9.1685e-05
  2.2894e+17      32.5517   4.1410e-03   4.9792e-01   2.3592e-06   9.1741e-05
  2.3754e+17      32.3511   4.0981e-03   4.9794e-01   2.3524e-06   9.1796e-05
  2.4648e+17      32.1536   4.0557e-03   4.9796e-01   2.3460e-06   9.1850e-05
  2.5575e+17      31.9593   4.0139e-03   4.9798e-01   2.3399e-06   9.1904e-05
  2.6536e+17      31.7679   3.9727e-03   4.9800e-01   2.3341e-06   9.1958e-05
  2.7534e+17      31.5796   3.9321e-03   4.9802e-01   2.3287e-06   9.2011e-05
  2.8570e+17      31.3940   3.8915e-03   4.9804e-01   2.3211e-06   9.2069e-05
  2.9644e+17      31.2111   3.8514e-03   4.9806e-01   2.3134e-06   9.2128e-05
  3.0759e+17      31.0312   3.8118e-03   4.9808e-01   2.3060e-06   9.2186e-05
  3.1916e+17      30.8540   3.7728e-03   4.9810e-01   2.2990e-06   9.2243e-05
  3.3116e+17      30.6795   3.7342e-03   4.9812e-01   2.2921e-06   9.2301e-05
  3.4361e+17      30.5077   3.6961e-03   4.9814e-01   2.2855e-06   9.2358e-05
  3.5653e+17      30.3386   3.6585e-03   4.9816e-01   2.2793e-06   9.2414e-05
  3.6994e+17      30.1721   3.6214e-03   4.9818e-01   2.2734e-06   9.2470e-05
  3.8385e+17      30.0081   3.5847e-03   4.9820e-01   2.2678e-06   9.2526e-05
  3.9829e+17      29.8466   3.5485e-03   4.9821e-01   2.2626e-06   9.2580e-05
  4.1326e+17      29.6877   3.5128e-03   4.9823e-01   2.2577e-06   9.2635e-05
  4.2880e+17      29.5311   3.4775e-03   4.9825e-01   2.2532e-06   9.2689e-05
  4.4493e+17      29.3769   3.4425e-03   4.9827e-01   2.2481e-06   9.2744e-05
  4.6166e+17      29.2250   3.4078e-03   4.9829e-01   2.2428e-06   9.2799e-05
  4.7902e+17      29.0754   3.3735e-03   4.9830e-01   2.2378e-06   9.2855e-05
  4.9704e+17      28.9281   3.3397e-03   4.9832e-01   2.2332e-06   9.2909e-05
  5.1573e+17      28.7830   3.3063e-03   4.9834e-01   2.2288e-06   9.2963e-05
  5.3512e+17      28.6402   3.2732e-03   4.9835e-01   2.2245e-06   9.3018e-05
  5.5524e+17      28.4995   3.2405e-03   4.9837e-01   2.2206e-06   9.3071e-05
  5.7612e+17      28.3610   3.2083e-03   4.9839e-01   2.2169e-06   9.3124e-05
  5.9779e+17      28.2246   3.1764e-03   4.9840e-01   2.2136e-06   9.3177e-05
  6.2027e+17      28.0902   3.1448e-03   4.9842e-01   2.2105e-06   9.3229e-05
  6.4359e+17      27.9579   3.1137e-03   4.9843e-01   2.2078e-06   9.3280e-05
  6.6780e+17      27.8276   3.0829e-03   4.9845e-01   2.2053e-06   9.3331e-05
  6.9291e+17      27.6993   3.0524e-03   4.9847e-01   2.2030e-06   9.3382e-05
  7.1896e+17      27.5730   3.0222e-03   4.9848e-01   2.2005e-06   9.3433e-05
  7.4600e+17      27.4485   2.9923e-03   4.9850e-01   2.1982e-06   9.3484e-05
  7.7406e+17      27.3259   2.9628e-03   4.9851e-01   2.1963e-06   9.3534e-05
  8.0316e+17      27.2052   2.9336e-03   4.9853e-01   2.1946e-06   9.3584e-05
  8.3337e+17      27.0863   2.9047e-03   4.9854e-01   2.1927e-06   9.3634e-05
  8.6471e+17      26.9693   2.8761e-03   4.9855e-01   2.1912e-06   9.3683e-05
  8.9722e+17      26.8540   2.8478e-03   4.9857e-01   2.1899e-06   9.3732e-05
  9.3096e+17      26.7404   2.8199e-03   4.9858e-01   2.1889e-06   9.3781e-05
  9.6597e+17      26.6287   2.7922e-03   4.9860e-01   2.1881e-06   9.3828e-05
  1.0023e+18      26.5186   2.7649e-03   4.9861e-01   2.1877e-06   9.3876e-05
  1.0400e+18      26.4101   2.7378e-03   4.9862e-01   2.1875e-06   9.3923e-05
  1.0791e+18      26.3034   2.7111e-03   4.9864e-01   2.1876e-06   9.3969e-05
  1.1197e+18      26.1982   2.6844e-03   4.9865e-01   2.1866e-06   9.4017e-05
  1.1618e+18      26.0946   2.6581e-03   4.9866e-01   2.1858e-06   9.4065e-05
  1.2055e+18      25.9925   2.6320e-03   4.9868e-01   2.1853e-06   9.4112e-05
  1.2508e+18      25.8920   2.6062e-03   4.9869e-01   2.1850e-06   9.4159e-05
  1.2978e+18      25.7931   2.5807e-03   4.9870e-01   2.1846e-06   9.4206e-05
  1.3466e+18      25.6956   2.5554e-03   4.9872e-01   2.1842e-06   9.4253e-05
  1.3973e+18      25.5996   2.5303e-03   4.9873e-01   2.1840e-06   9.4299e-05
  1.4498e+18      25.5051   2.5055e-03   4.9874e-01   2.1841e-06   9.4345e-05
  1.5044e+18      25.4120   2.4810e-03   4.9875e-01   2.1843e-06   9.4390e-05
  1.5609e+18      25.3204   2.4568e-03   4.9877e-01   2.1848e-06   9.4435e-05
  1.6196e+18      25.2302   2.4327e-03   4.9878e-01   2.1856e-06   9.4479e-05
  1.6805e+18      25.1413   2.4090e-03   4.9879e-01   2.1865e-06   9.4523e-05
  1.7437e+18      25.0537   2.3853e-03   4.9880e-01   2.1861e-06   9.4569e-05
  1.8093e+18      24.9674   2.3618e-03   4.9881e-01   2.1851e-06   9.4616e-05
  1.8773e+18      24.8824   2.3385e-03   4.9883e-01   2.1844e-06   9.4662e-05
  1.9479e+18      24.7987   2.3155e-03   4.9884e-01   2.1839e-06   9.4708e-05
  2.0212e+18      24.7163   2.2927e-03   4.9885e-01   2.1835e-06   9.4753e-05
  2.0972e+18      24.6351   2.2700e-03   4.9886e-01   2.1826e-06   9.4799e-05
  2.1761e+18      24.5552   2.2476e-03   4.9887e-01   2.1820e-06   9.4844e-05
  2.2579e+18      24.4765   2.2255e-03   4.9888e-01   2.1815e-06   9.4888e-05
  2.3428e+18      24.3990   2.2035e-03   4.9889e-01   2.1812e-06   9.4933e-05
  2.4309e+18      24.3226   2.1818e-03   4.9890e-01   2.1811e-06   9.4976e-05
  2.5223e+18      24.2475   2.1603e-03   4.9892e-01   2.1812e-06   9.5019e-05
  2.6172e+18      24.1735   2.1390e-03   4.9893e-01   2.1814e-06   9.5062e-05
  2.7156e+18      24.1005   2.1178e-03   4.9894e-01   2.1806e-06   9.5106e-05
  2.8177e+18      24.0286   2.0967e-03   4.9895e-01   2.1780e-06   9.5152e-05
  2.9237e+18      23.9578   2.0757e-03   4.9896e-01   2.1756e-06   9.5199e-05
  3.0336e+18      23.8880   2.0550e-03   4.9897e-01   2.1733e-06   9.5244e-05
  3.1477e+18      23.8193   2.0345e-03   4.9898e-01   2.1712e-06   9.5289e-05
  3.2660e+18      23.7517   2.0141e-03   4.9899e-01   2.1687e-06   9.5334e-05
  3.3889e+18      23.6850   1.9940e-03   4.9900e-01   2.1661e-06   9.5379e-05
  3.5163e+18      23.6194   1.9740e-03   4.9901e-01   2.1637e-06   9.5424e-05
  3.6485e+18      23.5548   1.9543e-03   4.9902e-01   2.1614e-06   9.5468e-05
  3.7857e+18      23.4912   1.9347e-03   4.9903e-01   2.1592e-06   9.5511e-05
  3.9281e+18      23.4285   1.9153e-03   4.9904e-01   2.1572e-06   9.5554e-05
  4.0758e+18      23.3668   1.8962e-03   4.9905e-01   2.1553e-06   9.5596e-05
  4.2291e+18      23.3060   1.8771e-03   4.9906e-01   2.1532e-06   9.5639e-05
  4.3881e+18      23.2459   1.8580e-03   4.9907e-01   2.1466e-06   9.5687e-05
  4.5531e+18      23.1868   1.8390e-03   4.9908e-01   2.1402e-06   9.5735e-05
  4.7244e+18      23.1285   1.8202e-03   4.9909e-01   2.1338e-06   9.5783e-05
  4.9020e+18      23.0711   1.8016e-03   4.9910e-01   2.1276e-06   9.5830e-05
  5.0864e+18      23.0146   1.7832e-03   4.9911e-01   2.1212e-06   9.5877e-05
  5.2776e+18      22.9589   1.7649e-03   4.9911e-01   2.1144e-06   9.5924e-05
  5.4761e+18      22.9040   1.7468e-03   4.9912e-01   2.1077e-06   9.5970e-05
  5.6820e+18      22.8500   1.7289e-03   4.9913e-01   2.1011e-06   9.6016e-05
  5.8957e+18      22.7968   1.7111e-03   4.9914e-01   2.0945e-06   9.6061e-05
  6.1174e+18      22.7444   1.6936e-03   4.9915e-01   2.0881e-06   9.6106e-05
  6.3475e+18      22.6927   1.6762e-03   4.9916e-01   2.0819e-06   9.6150e-05
  6.5862e+18      22.6418   1.6589e-03   4.9917e-01   2.0757e-06   9.6193e-05
  6.8338e+18      22.5915   1.6415e-03   4.9918e-01   2.0640e-06   9.6244e-05
  7.0908e+18      22.5419   1.6242e-03   4.9919e-01   2.0507e-06   9.6297e-05
  7.3575e+18      22.4930   1.6071e-03   4.9919e-01   2.0375e-06   9.6349e-05
  7.6341e+18      22.4448   1.5902e-03   4.9920e-01   2.0245e-06   9.6400e-05
  7.9212e+18      22.3973   1.5734e-03   4.9921e-01   2.0117e-06   9.6450e-05
  8.2191e+18      22.3505   1.5567e-03   4.9922e-01   1.9984e-06   9.6501e-05
  8.5282e+18      22.3044   1.5402e-03   4.9923e-01   1.9851e-06   9.6551e-05
  8.8489e+18      22.2589   1.5239e-03   4.9924e-01   1.9719e-06   9.6600e-05
  9.1816e+18      22.2141   1.5077e-03   4.9924e-01   1.9589e-06   9.6649e-05
  9.5269e+18      22.1700   1.4917e-03   4.9925e-01   1.9460e-06   9.6697e-05
  9.8852e+18      22.1264   1.4758e-03   4.9926e-01   1.9333e-06   9.6744e-05
  1.0257e+19      22.0835   1.4601e-03   4.9927e-01   1.9207e-06   9.6790e-05
  1.0643e+19      22.0411   1.4443e-03   4.9928e-01   1.9041e-06   9.6841e-05
  1.1043e+19      21.9991   1.4285e-03   4.9928e-01   1.8829e-06   9.6899e-05
  1.1458e+19      21.9577   1.4128e-03   4.9929e-01   1.8619e-06   9.6955e-05
  1.1889e+19      21.9169   1.3973e-03   4.9930e-01   1.8412e-06   9.7010e-05
  1.2336e+19      21.8767   1.3820e-03   4.9931e-01   1.8208e-06   9.7064e-05
  1.2800e+19      21.8370   1.3668e-03   4.9932e-01   1.8004e-06   9.7118e-05
  1.3281e+19      21.7978   1.3517e-03   4.9932e-01   1.7799e-06   9.7171e-05
  1.3781e+19      21.7591   1.3367e-03   4.9933e-01   1.7597e-06   9.7223e-05
  1.4299e+19      21.7209   1.3219e-03   4.9934e-01   1.7398e-06   9.7274e-05
  1.4837e+19      21.6833   1.3071e-03   4.9934e-01   1.7203e-06   9.7325e-05
  1.5395e+19      21.6460   1.2925e-03   4.9935e-01   1.7010e-06   9.7374e-05
  1.5974e+19      21.6093   1.2780e-03   4.9936e-01   1.6821e-06   9.7422e-05
  1.6574e+19      21.5730   1.2636e-03   4.9937e-01   1.6621e-06   9.7471e-05
  1.7198e+19      21.5369   1.2491e-03   4.9937e-01   1.6351e-06   9.7528e-05
  1.7844e+19      21.5013   1.2347e-03   4.9938e-01   1.6087e-06   9.7584e-05
  1.8515e+19      21.4661   1.2204e-03   4.9939e-01   1.5828e-06   9.7639e-05
  1.9212e+19      21.4313   1.2062e-03   4.9940e-01   1.5574e-06   9.7693e-05
  1.9934e+19      21.3970   1.1921e-03   4.9940e-01   1.5327e-06   9.7745e-05
  2.0684e+19      21.3629   1.1781e-03   4.9941e-01   1.5078e-06   9.7797e-05
  2.1461e+19      21.3292   1.1642e-03   4.9942e-01   1.4835e-06   9.7847e-05
  2.2268e+19      21.2959   1.1503e-03   4.9942e-01   1.4597e-06   9.7896e-05
  2.3106e+19      21.2629   1.1365e-03   4.9943e-01   1.4364e-06   9.7944e-05
  2.3975e+19      21.2300   1.1226e-03   4.9944e-01   1.4139e-06   9.7990e-05
  2.4876e+19      21.1977   1.1091e-03   4.9944e-01   1.3916e-06   9.8035e-05
  2.5812e+19      21.1656   1.0955e-03   4.9945e-01   1.3699e-06   9.8079e-05
  2.6782e+19      21.1337   1.0819e-03   4.9946e-01   1.3436e-06   9.8129e-05
  2.7790e+19      21.1020   1.0683e-03   4.9946e-01   1.3171e-06   9.8177e-05
  2.8835e+19      21.0705   1.0547e-03   4.9947e-01   1.2914e-06   9.8225e-05
  2.9919e+19      21.0393   1.0412e-03   4.9948e-01   1.2663e-06   9.8271e-05
  3.1044e+19      21.0082   1.0277e-03   4.9949e-01   1.2420e-06   9.8315e-05
  3.2211e+19      20.9774   1.0143e-03   4.9949e-01   1.2181e-06   9.8359e-05
  3.3423e+19      20.9464   1.0002e-03   4.9950e-01   1.1950e-06   9.8401e-05
  3.4680e+19      20.9161   9.8744e-04   4.9951e-01   1.1715e-06   9.8442e-05
  3.5984e+19      20.8858   9.7405e-04   4.9951e-01   1.1492e-06   9.8482e-05
  3.7337e+19      20.8554   9.6065e-04   4.9952e-01   1.1276e-06   9.8520e-05
  3.8741e+19      20.8253   9.4730e-04   4.9953e-01   1.1066e-06   9.8557e-05
  4.0198e+19      20.7952   9.3394e-04   4.9953e-01   1.0863e-06   9.8593e-05
  4.1709e+19      20.7652   9.2057e-04   4.9954e-01   1.0653e-06   9.8629e-05
  4.3278e+19      20.7352   9.0720e-04   4.9955e-01   1.0440e-06   9.8665e-05
  4.4905e+19      20.7053   8.9383e-04   4.9955e-01   1.0234e-06   9.8700e-05
  4.6594e+19      20.6754   8.8045e-04   4.9956e-01   1.0034e-06   9.8733e-05
  4.8346e+19      20.6454   8.6707e-04   4.9957e-01   9.8414e-07   9.8765e-05
  5.0164e+19      20.6155   8.5369e-04   4.9957e-01   9.6550e-07   9.8796e-05
  5.2051e+19      20.5855   8.4029e-04   4.9958e-01   9.4682e-07   9.8827e-05
  5.4008e+19      20.5554   8.2689e-04   4.9959e-01   9.2872e-07   9.8856e-05
  5.6039e+19      20.5253   8.1348e-04   4.9959e-01   9.1121e-07   9.8884e-05
  5.8146e+19      20.4951   8.0006e-04   4.9960e-01   8.9429e-07   9.8912e-05
  6.0333e+19      20.4647   7.8663e-04   4.9961e-01   8.7794e-07   9.8938e-05
  6.2602e+19      20.4343   7.7320e-04   4.9961e-01   8.6214e-07   9.8963e-05
  6.4956e+19      20.4036   7.5976e-04   4.9962e-01   8.4695e-07   9.8987e-05
  6.7399e+19      20.3728   7.4631e-04   4.9963e-01   8.3257e-07   9.9010e-05
  6.9933e+19      20.3418   7.3286e-04   4.9963e-01   8.1868e-07   9.9032e-05
  7.2563e+19      20.3106   7.1940e-04   4.9964e-01   8.0527e-07   9.9053e-05
  7.5292e+19      20.2790   7.0573e-04   4.9965e-01   7.9249e-07   9.9073e-05
  7.8123e+19      20.2474   6.9248e-04   4.9965e-01   7.7982e-07   9.9093e-05
  8.1061e+19      20.2154   6.7903e-04   4.9966e-01   7.6744e-07   9.9112e-05
  8.4109e+19      20.1830   6.6558e-04   4.9967e-01   7.5512e-07   9.9131e-05
  8.7272e+19      20.1504   6.5214e-04   4.9967e-01   7.4324e-07   9.9148e-05
  9.0554e+19      20.1169   6.3872e-04   4.9968e-01   7.3174e-07   9.9166e-05
  9.3959e+19      20.0839   6.2530e-04   4.9969e-01   7.2065e-07   9.9182e-05
  9.7493e+19      20.0501   6.1190e-04   4.9969e-01   7.0992e-07   9.9198e-05
  1.0116e+20      20.0159   5.9853e-04   4.9970e-01   6.9956e-07   9.9214e-05
  1.0496e+20      19.9812   5.8519e-04   4.9971e-01   6.9044e-07   9.9227e-05
  1.0891e+20      19.9460   5.7187e-04   4.9971e-01   6.8177e-07   9.9240e-05
  1.1301e+20      19.9103   5.5860e-04   4.9972e-01   6.7340e-07   9.9253e-05
  1.1726e+20      19.8741   5.4536e-04   4.9973e-01   6.6531e-07   9.9265e-05
  1.2166e+20      19.8373   5.3216e-04   4.9973e-01   6.5750e-07   9.9276e-05
  1.2624e+20      19.7999   5.1902e-04   4.9974e-01   6.4994e-07   9.9287e-05
  1.3099e+20      19.7618   5.0593e-04   4.9975e-01   6.4201e-07   9.9299e-05
  1.3591e+20      19.7232   4.9290e-04   4.9975e-01   6.3430e-07   9.9310e-05
  1.4102e+20      19.6838   4.7993e-04   4.9976e-01   6.2683e-07   9.9320e-05
  1.4633e+20      19.6437   4.6704e-04   4.9977e-01   6.1957e-07   9.9330e-05
  1.5183e+20      19.6028   4.5422e-04   4.9977e-01   6.1252e-07   9.9340e-05
  1.5754e+20      19.5610   4.4149e-04   4.9978e-01   6.0566e-07   9.9350e-05
  1.6346e+20      19.5188   4.2884e-04   4.9979e-01   5.9928e-07   9.9358e-05
  1.6961e+20      19.4755   4.1629e-04   4.9979e-01   5.9338e-07   9.9367e-05
  1.7599e+20      19.4313   4.0384e-04   4.9980e-01   5.8762e-07   9.9374e-05
  1.8261e+20      19.3862   3.9149e-04   4.9980e-01   5.8198e-07   9.9382e-05
  1.8947e+20      19.3402   3.7926e-04   4.9981e-01   5.7647e-07   9.9390e-05
  1.9660e+20      19.2931   3.6715e-04   4.9982e-01   5.7106e-07   9.9397e-05
  2.0399e+20      19.2450   3.5516e-04   4.9982e-01   5.6539e-07   9.9404e-05
  2.1166e+20      19.1959   3.4331e-04   4.9983e-01   5.5948e-07   9.9412e-05
  2.1962e+20      19.1457   3.3159e-04   4.9983e-01   5.5363e-07   9.9419e-05
  2.2788e+20      19.0943   3.2002e-04   4.9984e-01   5.4784e-07   9.9427e-05
  2.3645e+20      19.0417   3.0860e-04   4.9985e-01   5.4207e-07   9.9434e-05
  2.4534e+20      18.9879   2.9734e-04   4.9985e-01   5.3634e-07   9.9441e-05
  2.5457e+20      18.9328   2.8624e-04   4.9986e-01   5.3065e-07   9.9448e-05
  2.6414e+20      18.8765   2.7531e-04   4.9986e-01   5.2535e-07   9.9454e-05
  2.7408e+20      18.8188   2.6456e-04   4.9987e-01   5.2003e-07   9.9461e-05
  2.8438e+20      18.7597   2.5399e-04   4.9987e-01   5.1465e-07   9.9467e-05
  2.9508e+20      18.6992   2.4361e-04   4.9988e-01   5.0922e-07   9.9474e-05
  3.0617e+20      18.6371   2.3343e-04   4.9988e-01   5.0370e-07   9.9480e-05
  3.1769e+20      18.5736   2.2344e-04   4.9989e-01   4.9806e-07   9.9487e-05
  3.2963e+20      18.5085   2.1366e-04   4.9989e-01   4.9159e-07   9.9494e-05
  3.4203e+20      18.4418   2.0409e-04   4.9990e-01   4.8501e-07   9.9502e-05
  3.5489e+20      18.3733   1.9473e-04   4.9990e-01   4.7832e-07   9.9509e-05
  3.6824e+20      18.3034   1.8559e-04   4.9991e-01   4.7149e-07   9.9517e-05
  3.8208e+20      18.2312   1.7668e-04   4.9991e-01   4.6450e-07   9.9524e-05
  3.9645e+20      18.1579   1.6799e-04   4.9992e-01   4.5737e-07   9.9532e-05
  4.1136e+20      18.0825   1.5954e-04   4.9992e-01   4.5044e-07   9.9540e-05
  4.2683e+20      18.0051   1.5132e-04   4.9992e-01   4.4350e-07   9.9547e-05
  4.4288e+20      17.9258   1.4334e-04   4.9993e-01   4.3637e-07   9.9555e-05
  4.5954e+20      17.8445   1.3560e-04   4.9993e-01   4.2902e-07   9.9563e-05
  4.7682e+20      17.7611   1.2810e-04   4.9994e-01   4.2144e-07   9.9571e-05
  4.9475e+20      17.6755   1.2085e-04   4.9994e-01   4.1364e-07   9.9579e-05
  5.1335e+20      17.5880   1.1384e-04   4.9994e-01   4.0509e-07   9.9588e-05
  5.3266e+20      17.4982   1.0708e-04   4.9995e-01   3.9595e-07   9.9598e-05
  5.5269e+20      17.4061   1.0057e-04   4.9995e-01   3.8661e-07   9.9607e-05
  5.7347e+20      17.3117   9.4305e-05   4.9995e-01   3.7707e-07   9.9617e-05
  5.9504e+20      17.2150   8.8290e-05   4.9996e-01   3.6733e-07   9.9627e-05
  6.1741e+20      17.1158   8.2524e-05   4.9996e-01   3.5738e-07   9.9638e-05
  6.4063e+20      17.0142   7.7003e-05   4.9996e-01   3.4736e-07   9.9648e-05
  6.6472e+20      16.9100   7.1725e-05   4.9996e-01   3.3755e-07   9.9658e-05
  6.8972e+20      16.8033   6.6691e-05   4.9997e-01   3.2754e-07   9.9668e-05
  7.1566e+20      16.6939   6.1898e-05   4.9997e-01   3.1732e-07   9.9679e-05
  7.4257e+20      16.5818   5.7343e-05   4.9997e-01   3.0692e-07   9.9689e-05
  7.7049e+20      16.4671   5.3019e-05   4.9997e-01   2.9636e-07   9.9700e-05
  7.9947e+20      16.3495   4.8927e-05   4.9998e-01   2.8554e-07   9.9711e-05
  8.2953e+20      16.2290   4.5059e-05   4.9998e-01   2.7386e-07   9.9723e-05
  8.6072e+20      16.1057   4.1412e-05   4.9998e-01   2.6214e-07   9.9735e-05
  8.9309e+20      15.9794   3.7982e-05   4.9998e-01   2.5039e-07   9.9747e-05
  9.2668e+20      15.8501   3.4763e-05   4.9998e-01   2.3864e-07   9.9758e-05
  9.6152e+20      15.7177   3.1748e-05   4.9998e-01   2.2693e-07   9.9770e-05
  9.9768e+20      15.5823   2.8931e-05   4.9999e-01   2.1527e-07   9.9782e-05
  1.0352e+21      15.4436   2.6231e-05   4.9999e-01   2.0465e-07   9.9793e-05
  1.0741e+21      15.3018   2.3868e-05   4.9999e-01   1.9271e-07   9.9805e-05
  1.1145e+21      15.1568   2.1607e-05   4.9999e-01   1.8165e-07   9.9816e-05
  1.1564e+21      15.0084   1.9517e-05   4.9999e-01   1.7077e-07   9.9827e-05
  1.1999e+21      14.8567   1.7592e-05   4.9999e-01   1.6010e-07   9.9837e-05
  1.2450e+21      14.7017   1.5824e-05   4.9999e-01   1.4968e-07   9.9848e-05
  1.2919e+21      14.5432   1.4202e-05   4.9999e-01   1.3925e-07   9.9858e-05
  1.3404e+21      14.3814   1.2725e-05   4.9999e-01   1.2899e-07   9.9868e-05
  1.3909e+21      14.2161   1.1379e-05   4.9999e-01   1.1923e-07   9.9878e-05
  1.4432e+21      14.0473   1.0159e-05   4.9999e-01   1.0997e-07   9.9887e-05
  1.4974e+21      13.8751   9.0575e-06   5.0000e-01   1.0123e-07   9.9896e-05
  1.5537e+21      13.6994   8.0653e-06   5.0000e-01   9.3058e-08   9.9904e-05
  1.6122e+21      13.5203   7.1754e-06   5.0000e-01   8.5489e-08   9.9912e-05
  1.6728e+21      13.3377   6.3803e-06   5.0000e-01   7.8546e-08   9.9918e-05
  1.7357e+21      13.1517   5.6720e-06   5.0000e-01   7.2195e-08   9.9924e-05
  1.8010e+21      12.9624   5.0431e-06   5.0000e-01   6.6436e-08   9.9930e-05
  1.8687e+21      12.7697   4.4834e-06   5.0000e-01   6.1307e-08   9.9935e-05
  1.9390e+21      12.5738   3.9956e-06   5.0000e-01   5.6644e-08   9.9939e-05
  2.0119e+21      12.3747   3.5630e-06   5.0000e-01   5.2551e-08   9.9943e-05
  2.0875e+21      12.1726   3.1828e-06   5.0000e-01   4.8844e-08   9.9946e-05
  2.1660e+21      11.9676   2.8498e-06   5.0000e-01   4.5663e-08   9.9948e-05
  2.2475e+21      11.7599   2.5577e-06   5.0000e-01   4.2981e-08   9.9950e-05
  2.3320e+21      11.5497   2.3030e-06   5.0000e-01   4.0731e-08   9.9951e-05
  2.4197e+21      11.3371   2.0808e-06   5.0000e-01   3.8871e-08   9.9952e-05
  2.5107e+21      11.1225   1.8873e-06   5.0000e-01   3.7347e-08   9.9952e-05
  2.6051e+21      10.9061   1.7195e-06   5.0000e-01   3.6100e-08   9.9952e-05
  2.7031e+21      10.6884   1.5745e-06   5.0000e-01   3.5059e-08   9.9951e-05
  2.8047e+21      10.4696   1.4496e-06   5.0000e-01   3.4153e-08   9.9950e-05
  2.9102e+21      10.2503   1.3424e-06   5.0000e-01   3.3310e-08   9.9948e-05
  3.0196e+21      10.0310   1.2513e-06   5.0000e-01   3.2437e-08   9.9946e-05
  3.1332e+21       9.8123   1.1738e-06   5.0000e-01   3.1448e-08   9.9943e-05
  3.2510e+21       9.5948   1.1081e-06   5.0000e-01   3.0219e-08   9.9939e-05
  3.3733e+21       9.3793   1.0528e-06   5.0000e-01   2.8618e-08   9.9936e-05
  3.5001e+21       9.1665   1.0057e-06   5.0000e-01   2.6456e-08   9.9932e-05
  3.6317e+21       8.9574   9.6566e-07   5.0000e-01   2.3381e-08   9.9928e-05
  3.7683e+21       8.7528   9.3118e-07   5.0000e-01   1.9131e-08   9.9925e-05
  3.9100e+21       8.5541   8.9877e-07   5.0000e-01   1.4466e-08   9.9922e-05
  4.0571e+21       8.3625   8.6593e-07   5.0000e-01   1.0472e-08   9.9916e-05
  4.2096e+21       8.1793   8.3840e-07   5.0000e-01   7.4870e-09   9.9905e-05
  4.3679e+21       8.0053   8.1312e-07   5.0000e-01   5.3742e-09   9.9886e-05
  4.5322e+21       7.8418   7.9210e-07   5.0000e-01   3.9099e-09   9.9859e-05
  4.7026e+21       7.6895   7.7530e-07   5.0000e-01   2.8609e-09   9.9823e-05
  4.8795e+21       7.5494   7.6217e-07   5.0000e-01   2.1003e-09   9.9775e-05
  5.0629e+21       7.4222   7.5231e-07   5.0000e-01   1.5388e-09   9.9714e-05
  5.2533e+21       7.3081   7.4501e-07   5.0000e-01   1.1198e-09   9.9638e-05
  5.4509e+21       7.2073   7.3986e-07   5.0000e-01   8.0605e-10   9.9544e-05
  5.6559e+21       7.1196   7.3635e-07   5.0000e-01   5.7256e-10   9.9429e-05
  5.8686e+21       7.0443   7.3406e-07   5.0000e-01   4.0130e-10   9.9291e-05
  6.0892e+21       6.9807   7.3271e-07   5.0000e-01   2.7806e-10   9.9126e-05
  6.3182e+21       6.9278   7.3193e-07   5.0000e-01   1.9103e-10   9.8931e-05
  6.5558e+21       6.8845   7.3184e-07   5.0000e-01   1.7014e-10   9.8870e-05
  6.8024e+21       6.8495   7.3183e-07   5.0000e-01   1.6152e-10   9.8842e-05
  7.0582e+21       6.8217   7.3185e-07   5.0000e-01   1.5081e-10   9.8804e-05
  7.3236e+21       6.7999   7.3189e-07   5.0000e-01   1.4329e-10   9.8778e-05
  7.5990e+21       6.7830   7.3193e-07   5.0000e-01   1.3685e-10   9.8756e-05
  7.8848e+21       6.7701   7.1842e-07   5.0000e-01   1.6436e-11   9.6967e-05
  8.1813e+21       6.7604   7.1108e-07   5.0000e-01   1.0409e-11   9.6581e-05
  8.4889e+21       6.7533   7.1100e-07   5.0000e-01   1.0369e-11   9.6578e-05
  8.8081e+21       6.7481   7.1094e-07   5.0000e-01   1.0343e-11   9.6577e-05
  9.1394e+21       6.7443   6.6977e-07   5.0000e-01   3.2809e-12   9.5591e-05
  9.4831e+21       6.7416   6.6977e-07   5.0000e-01   3.2807e-12   9.5591e-05
  9.8397e+21       6.7398   6.6972e-07   5.0000e-01   3.2780e-12   9.5590e-05
  1.0210e+22       6.7385   6.6971e-07   5.0000e-01   3.2771e-12   9.5590e-05
  1.0594e+22       6.7376   6.6970e-07   5.0000e-01   3.2766e-12   9.5590e-05
  1.0992e+22       6.7370   5.9857e-07   5.0000e-01   1.4248e-12   9.4743e-05
  1.1405e+22       6.7367   5.9831e-07   5.0000e-01   1.4220e-12   9.4740e-05
  1.1834e+22       6.7364   5.9831e-07   5.0000e-01   1.4220e-12   9.4740e-05
  1.2279e+22       6.7363   5.9831e-07   5.0000e-01   1.4220e-12   9.4740e-05
  1.2741e+22       6.7362   5.9830e-07   5.0000e-01   1.4220e-12   9.4740e-05
  1.3220e+22       6.7361   5.8122e-07   5.0000e-01   1.2658e-12   9.4563e-05
  1.3717e+22       6.7361   5.8049e-07   5.0000e-01   1.2605e-12   9.4555e-05
  1.4233e+22       6.7361   5.8005e-07   5.0000e-01   1.2575e-12   9.4549e-05
  1.4768e+22       6.7360   5.7997e-07   5.0000e-01   1.2556e-12   9.4545e-05
  1.5324e+22       6.7360   5.7984e-07   5.0000e-01   1.2546e-12   9.4543e-05
  1.5900e+22       6.7360   5.7968e-07   5.0000e-01   1.2542e-12   9.4543e-05
