NH	T	H	H2	C	CO
3504101100000000	59.72	0.9999653867	2.88618872499454E-005	2.68817577712589E-007	1.98412974025959E-010
17520503600000000	59.72	0.9999655247	2.87218820587657E-005	2.68817614811846E-007	1.98413001408743E-010
73582114000000000	59.72	0.9999655077	2.87318822256046E-005	2.68817610241647E-007	1.98412998035501E-010
297808572000000000	59.67	0.9999654167	2.88018841904618E-005	0.000000269	1.98512986521065E-010
589317160000000000	59.68	0.9999647387	2.94419060984427E-005	2.69217429405597E-007	1.98612858395065E-010
968328440000000000	59.67	0.9999643637	2.97819169428659E-005	2.69517347753605E-007	1.98812796784478E-010
1461043500000000000	59.65	0.9999635667	3.05719434278718E-005	2.69817152006536E-007	1.99012651035214E-010
2101063770000000000	59.62	0.9999624947	0.000031652	2.70216887744833E-007	1.99212450180499E-010
2934091830000000000	59.61	0.9999604696	0.000033692	2.70716370760373E-007	1.99612070941154E-010
4016130700000000000	59.57	0.9999582736	3.59020922303268E-005	2.71415817028153E-007	2.00111661707198E-010
5423187500000000000	59.52	0.9999538055	4.03821728839585E-005	2.72314652706833E-007	2.00810805227808E-010
6692247700000000000	59.48	0.9999467365	4.74622183366228E-005	2.73212769691643E-007	2.01509418348704E-010
7542295600000000000	59.47	0.9999379206	5.62821343873824E-005	2.73910387503625E-007	2.02007660736518E-010
8085330400000000000	59.44	0.9999300349	6.41619272318083E-005	2.74408242400377E-007	2.02406079671415E-010
8527361600000000000	59.44	0.9999235642	7.06216642701402E-005	2.7470647373276E-007	2.02604774584118E-010
9010398700000000000	59.41	0.9999173993	0.000076779	2.75132303008564E-007	2.02923825083379E-010
9612449100000000000	59.4	0.9999105911	8.35892450540922E-005	2.75530473945949E-007	2.03222476609135E-010
10350519200000000000	59.36	0.999899341	9.48494233850627E-005	0.000000276	2.03620229873458E-010
10970589300000000000	59.37	0.9998816933	0.0001125092	2.76422584554426E-007	2.03916660602921E-010
11370641500000000000	59.33	0.9998629817	0.0001312214	2.76945143166117E-007	2.04233290843341E-010
11610676600000000000	59.33	0.9998470725	0.0001471216	2.77140766020978E-007	2.04430070641241E-010
11750699400000000000	59.33	0.9998349617	0.0001592215	2.77237422616254E-007	2.04527607954632E-010
11850715700000000000	59.33	0.999828352	0.0001658213	2.77335602680659E-007	2.04526255853569E-010
11980737500000000000	59.32	0.9998226452	0.000171521	2.77434032000403E-007	2.04625100747233E-010
12150767000000000000	59.31	0.9998158232	0.0001783385	2.77559914915913E-007	2.04744196696531E-010
12360807700000000000	59.31	0.999805322	0.0001888388	2.77657020200982E-007	2.04842066776517E-010
12570849400000000000	59.3	0.9997921261	0.0002020388	2.77853393975307E-007	2.04939382381355E-010
12740887000000000000	59.29	0.9997773295	0.0002168385	2.77949299589319E-007	2.05036367095395E-010
12880918900000000000	59.28	0.9997632067	0.0002309608	2.78173234389244E-007	2.05154010691241E-010
13000949000000000000	59.3	0.9997506045	0.0002435611	2.78169727971201E-007	2.05151424692173E-010
13130982400000000000	59.27	0.9997396036	0.000254561	2.78366715037126E-007	2.05349215225016E-010
13301028000000000000	59.27	0.999726505	0.0002676606	2.78463090547036E-007	2.05346524746072E-010
13501084000000000000	59.26	0.9997088801	0.0002852881	2.78586074739512E-007	2.0546348205205E-010
13681140000000000000	59.27	0.9996852872	0.0003088881	2.7867952872787E-007	2.05558661714204E-010
13811184000000000000	59.23	0.9996633586	0.0003308202	2.78901375350814E-007	2.05774795228344E-010
13931225000000000000	59.25	0.9996454585	0.0003487205	2.78896381290343E-007	2.05771110586167E-010
14061274000000000000	59.24	0.9996280579	0.0003661202	0.000000279	2.05867561616371E-010
14231338000000000000	59.23	0.999607921	0.0003862576	2.79113901079867E-007	2.05984058180446E-010
14431419000000000000	59.22	0.9995797273	0.0004144574	2.79306104758218E-007	2.06078286462009E-010
14601497000000000000	59.23	0.9995427915	0.0004514	2.79423783059353E-007	2.06191341527148E-010
14731558000000000000	59.21	0.999509348	0.0004848471	2.79542454275614E-007	2.06305132683005E-010
14841617000000000000	59.2	0.9994816492	0.000512547	2.79634755709142E-007	2.06399463695155E-010
14941673000000000000	59.2	0.9994544974	0.0005396994	2.79755208189504E-007	2.06514574285814E-010
15041730000000000000	59.2	0.9994301977	0.0005639992	2.79748406529664E-007	2.06509553318035E-010
15161798000000000000	59.18	0.9994029408	0.0005912567	2.7986884515415E-007	2.0662465686211E-010
15281873000000000000	59.18	0.9993738435	0.0006203562	0.00000028	2.06718698496833E-010
15411955000000000000	59.18	0.9993402833	0.000653919	2.80079448583184E-007	2.06732454724136E-010
15532038000000000000	59.17	0.9993010197	0.0006931863	2.80196560689289E-007	2.06845103908843E-010
15632113000000000000	59.17	0.9992614512	0.0007327584	2.80313602889792E-007	2.06957704668365E-010
15722185000000000000	59.16	0.9992245537	0.0007696581	2.80303252373148E-007	2.07050135365956E-010
15812260000000000000	59.16	0.9991901776	0.0008040358	2.80421762577438E-007	2.07163828884831E-010
15922351000000000000	59.15	0.9991562959	0.0008379181	2.80540428477473E-007	2.07177555101095E-010
16052465000000000000	59.15	0.9991178126	0.0008764051	2.80557726780648E-007	2.07290421749098E-010
16202601000000000000	59.14	0.9990660249	0.0009281975	2.80671389024847E-007	2.07400541390686E-010
16292688000000000000	59.14	0.999000834	0.0009933952	2.80781296530209E-007	2.07507888665641E-010
16342742000000000000	59.13	0.9989571334	0.0010370975	2.8089725586936E-007	2.07619710859961E-010
16382781000000000000	59.13	0.9989291338	0.0010650973	2.80889382634898E-007	2.0761389151275E-010
16422825000000000000	59.13	0.9989200251	0.0010742044	2.80914971979522E-007	2.07732917625627E-010
16472883000000000000	59.13	0.9988960247	0.001098205	2.80908222614549E-007	2.07727926559226E-010
16542961000000000000	59.12	0.9988679133	0.0011263169	0.000000281	2.07843017746541E-010
16633062000000000000	59.12	0.9988359142	0.0011583173	2.81119700005395E-007	2.07936473258976E-010
16733184000000000000	59.11	0.9987908003	0.0012034348	2.81135181170669E-007	2.08048043615616E-010
16813290000000000000	59.11	0.9987346818	0.0012595571	2.8124769133342E-007	2.08057209893502E-010
16873366000000000000	59.11	0.9986885569	0.0013056847	2.81262899174397E-007	2.08168589314194E-010
16923437000000000000	59.1	0.998651425	0.0013428172	2.81380778538557E-007	2.08281857423558E-010
16983520000000000000	59.1	0.9986192887	0.0013749542	2.81399939946048E-007	2.08396183283888E-010
17063629000000000000	59.1	0.9985862894	0.0014079546	2.81490780138509E-007	2.08389296858142E-010
17163776000000000000	59.09	0.9985401495	0.0014540972	2.81506003440993E-007	2.08500711193222E-010
17263935000000000000	59.09	0.9984730073	0.0015212442	2.81615456017645E-007	2.08707898414214E-010
17344055000000000000	59.09	0.9984007009	0.0015935549	2.81651562091697E-007	2.08834817553765E-010
17394141000000000000	59.08	0.99835554	0.0016387174	2.81767245324603E-007	2.08946489067587E-010
17464255000000000000	59.08	0.9983193735	0.0016748846	2.81785309821976E-007	2.08959884923087E-010
17554407000000000000	59.08	0.9982713758	0.0017228846	2.81871929715765E-007	2.09150173861591E-010
17664600000000000000	59.07	0.9982100283	0.0017842353	0.000000282	2.09279481041706E-010
17764801000000000000	59.11	0.9981278496	0.0018664179	2.81916267057705E-007	2.09383439285929E-010
17844957000000000000	59.1	0.9980504731	0.0019437987	2.82051207880691E-007	2.09509440738374E-010
17915096000000000000	59.1	0.9979882781	0.0020059965	2.82061948070273E-007	2.09717817872498E-010
17995254000000000000	59.09	0.997936076	0.0020581993	2.82175719452114E-007	2.09828109564178E-010
18095467000000000000	59.09	0.9978698715	0.0021244066	2.82185334216913E-007	2.09935467039926E-010
18195694000000000000	59.08	0.9977954433	0.0021988381	2.82321189619593E-007	2.10162419109793E-010
18315954000000000000	59.08	0.997712996	0.0022812887	2.82454814431387E-007	2.10387741480298E-010
18426217000000000000	59.07	0.9976197682	0.0023745215	2.82557030711184E-007	2.10589684825895E-010
18526466000000000000	59.07	0.9975292911	0.002465003	2.82588189278054E-007	2.10813395548687E-010
18626720000000000000	59.06	0.9974427919	0.0025515046	2.82720743100314E-007	2.11038001498639E-010
18726996000000000000	59.06	0.9973492738	0.002645026	2.82751075924244E-007	2.11361442570321E-010
18827265000000000000	59.04	0.9972617349	0.0027325673	0.000000283	2.11585948776494E-010
18937587000000000000	59.05	0.9971834591	0.002810846	0.000000283	2.11791177160423E-010
19088020000000000000	59.04	0.9970878906	0.0029064179	2.83120007555884E-007	2.12114352100848E-010
19258539000000000000	59.04	0.9969570022	0.0030373134	2.83268595843298E-007	2.12451446882473E-010
19409006000000000000	59.02	0.9968020692	0.0031922546	2.83410411167029E-007	2.1298417802039E-010
19509360000000000000	59.03	0.99668542	0.0033089073	2.83534628237653E-007	2.13303120889331E-010
19639799000000000000	59.01	0.9965837486	0.0034105801	2.83663135058294E-007	2.13625332344927E-010
19790320000000000000	59.02	0.996490057	0.0035042732	2.83693594259856E-007	2.13949325419884E-010
19981030000000000000	59	0.9963623501	0.0036319856	2.83915097547507E-007	2.14366436324311E-010
20201840000000000000	59	0.9961838699	0.0038104736	2.84079035867071E-007	2.14916330668339E-010
20362480000000000000	58.99	0.9960407096	0.0039536421	2.84224498415695E-007	2.15452410314405E-010
20573330000000000000	58.98	0.9959089078	0.0040854455	2.84444998068545E-007	2.15868953705391E-010
20814390000000000000	58.96	0.9957462434	0.0042481156	2.84714130096242E-007	2.16523338443562E-010
21085560000000000000	58.97	0.9955225042	0.0044718658	2.84865485006264E-007	2.17365623961056E-010
21266400000000000000	58.96	0.9953631448	0.0046312314	0.000000285	2.17999396871014E-010
21497530000000000000	58.94	0.9952347317	0.0047596435	2.85257082615348E-007	2.18539681116021E-010
21809040000000000000	58.94	0.9950702799	0.0049241006	2.85497340467161E-007	2.19172720717662E-010
22180980000000000000	58.92	0.99483576	0.005158631	2.85775292083357E-007	2.20136436743775E-010
22482570000000000000	58.91	0.9946366563	0.0053577466	0.000000286	2.21086223318438E-010
22864700000000000000	58.9	0.9944700177	0.0055243865	2.863751881078E-007	2.2182010708069E-010
23367580000000000000	58.88	0.994230192	0.0057642218	2.86752683607326E-007	2.22985162945437E-010
23880730000000000000	58.86	0.9939296374	0.0060647918	2.87242546279028E-007	2.24361078179415E-010
24343690000000000000	58.84	0.993522604	0.006471837	2.87659568665468E-007	2.26162019171206E-010
24615540000000000000	58.82	0.9932322887	0.0067621541	0.000000288	2.27619927513573E-010
24917650000000000000	58.8	0.993014833	0.0069796023	2.88408323864615E-007	2.28692494237619E-010
25310480000000000000	58.8	0.9927632575	0.0072311764	2.88682984569403E-007	2.29959265098376E-010
25814290000000000000	58.77	0.9924855645	0.0075088772	2.89151717590873E-007	2.31422123800082E-010
26469680000000000000	58.74	0.9917995349	0.0081949239	2.89766378287349E-007	2.34817639189713E-010
26863400000000000000	58.71	0.9905832829	0.0094111973	2.90421696219616E-007	2.40857200966286E-010
27105910000000000000	58.71	0.9893831197	0.0106113613	2.90852361450484E-007	2.47295249641882E-010
27247550000000000000	58.67	0.9883807487	0.0116137267	2.91354816396232E-007	2.52912167010618E-010
27328600000000000000	58.68	0.9877363363	0.0122581339	2.91522919507132E-007	2.5670212634378E-010
27409610000000000000	58.66	0.9871824642	0.0128120018	2.91789543385765E-007	2.60088700942258E-010
27490690000000000000	58.66	0.9866793095	0.0133151547	2.9194034000438E-007	2.63161771256986E-010
27602170000000000000	58.65	0.9861242393	0.0138702237	2.92207491031848E-007	2.66555688384014E-010
27734100000000000000	58.64	0.9853526772	0.0146417868	2.92429864644058E-007	2.71527521786086E-010
27856030000000000000	58.61	0.9843436866	0.0156507802	2.92804668650699E-007	2.78078107098722E-010
27947590000000000000	58.62	0.9832377406	0.0167567301	2.93141096818151E-007	2.85515157775015E-010
28018820000000000000	58.6	0.9823382323	0.0176562399	2.93388700262128E-007	2.91658694051772E-010
28080060000000000000	58.6	0.9816127835	0.0183816897	2.9359784779722E-007	2.96754813902566E-010
28171690000000000000	58.59	0.9808962961	0.0190981783	2.93810287962801E-007	3.01963192242032E-010
28283920000000000000	58.58	0.9799407305	0.020053747	2.94176024451226E-007	3.0896642789971E-010
28396390000000000000	58.56	0.978628476	0.0213660068	2.94548583267172E-007	3.18651726696802E-010
28488510000000000000	58.56	0.9772059711	0.0227885169	0.000000295	3.29553866330716E-010
28560280000000000000	58.54	0.975991511	0.0240029808	2.95326777640714E-007	3.38949942437852E-010
28632100000000000000	58.53	0.9749743878	0.025020106	2.95608298389952E-007	3.4706300220124E-010
28724430000000000000	58.52	0.9739326655	0.0260618307	2.95914644688945E-007	3.55425911651354E-010
28837490000000000000	58.52	0.9726677546	0.0273267451	2.96279447010315E-007	3.65931827410105E-010
28961000000000000000	58.49	0.9710292892	0.0289652162	2.96751983685144E-007	3.79377449322859E-010
29064300000000000000	58.48	0.9691930975	0.0308014143	2.97293436839995E-007	3.95016799573807E-010
29157200000000000000	58.47	0.9675567925	0.0324377235	2.97741548178745E-007	4.09136531009836E-010
29240200000000000000	58.46	0.9661458154	0.0338487041	2.98166349013879E-007	4.21506312388898E-010
29354000000000000000	58.44	0.9647208172	0.0352737049	2.98589272018141E-007	4.34217547449405E-010
29489000000000000000	58.43	0.9630168363	0.0369776897	2.99056805839232E-007	4.4951846508775E-010
29634800000000000000	58.4	0.9608377438	0.039156788	2.99703228750063E-007	4.6919558869852E-010
29770400000000000000	58.39	0.9585207823	0.0414737559	3.0027332559126E-007	4.90665153264109E-010
29885700000000000000	58.36	0.9563613406	0.0436332035	3.0087186216164E-007	5.10741204793293E-010
30011300000000000000	58.36	0.9544718137	0.0455227328	3.01428660185802E-007	5.28728662698439E-010
30168500000000000000	58.33	0.9525353699	0.0474591793	0.000000302	5.47178884143967E-010
30358100000000000000	58.31	0.9501360356	0.0498585197	3.02678695113111E-007	5.70186608796152E-010
30558800000000000000	58.28	0.9473078648	0.052686697	3.03488006927687E-007	5.97291346273915E-010
30749500000000000000	58.27	0.9442973867	0.0556971829	3.04349845263598E-007	6.26857225520376E-010
30930100000000000000	58.24	0.9415337427	0.0584608304	3.05164899409949E-007	6.53939905846223E-010
31132300000000000000	58.22	0.9390168385	0.0609777375	3.05896671783944E-007	6.79063024424989E-010
31378100000000000000	58.19	0.9362782988	0.0637162805	3.06667840889993E-007	7.05984897671483E-010
31678200000000000000	58.17	0.9329967937	0.0669977913	3.07620054448109E-007	7.39013700002638E-010
32000700000000000000	58.12	0.9291890381	0.070805554	3.0883729238148E-007	7.76483774985475E-010
32303600000000000000	58.1	0.9253039757	0.0746906229	3.0993921788876E-007	8.15471146095669E-010
32617600000000000000	58.06	0.9216833305	0.0783112712	3.11109910908625E-007	8.51589243135324E-010
32956000000000000000	58.04	0.9182122664	0.0817823366	3.1209264708977E-007	8.87057090515118E-010
33392900000000000000	57.99	0.9143856186	0.0856089872	3.13298930932316E-007	9.25241437399906E-010
33898600000000000000	57.95	0.9098193681	0.0901752434	3.14719448329663E-007	0.000000001
34429100000000000000	57.9	0.9046949688	0.095299648	3.16424184592866E-007	0.000000001
34951500000000000000	57.86	0.8995924048	0.1004022153	0.000000318	1.07213807944729E-009
35498900000000000000	57.81	0.8947686744	0.1052259455	3.19623395047925E-007	1.11956604143689E-009
36139300000000000000	57.76	0.8898906356	0.1101039836	3.2127538664069E-007	1.16787044487217E-009
36909200000000000000	57.71	0.8844218377	0.115572783	3.23179876870408E-007	1.22154630712149E-009
37797600000000000000	57.63	0.8780385849	0.1219560365	3.25477885851021E-007	1.28238960195697E-009
38726100000000000000	57.57	0.871086861	0.1289077615	3.2780047224128E-007	1.34777466892593E-009
39652000000000000000	57.5	0.8642770084	0.1357176117	3.30265117017763E-007	1.41282601640336E-009
40666000000000000000	57.43	0.857546218	0.1424483993	3.32760374723685E-007	1.47474645989797E-009
41855000000000000000	57.35	0.8505701313	0.1494244825	3.35515434223765E-007	1.53907217000898E-009
43267000000000000000	57.25	0.8427037911	0.1572908189	3.38655582038142E-007	1.60994502602548E-009
44838000000000000000	57.15	0.8336787333	0.1663158749	3.42195495719878E-007	1.68881757942189E-009
46463000000000000000	57.04	0.8240783366	0.1759162659	3.46070568598413E-007	1.77092176795518E-009
48145000000000000000	56.93	0.8145996784	0.185394921	0.00000035	1.85039304126281E-009
50010000000000000000	56.81	0.8049902725	0.1950043231	3.54162263262138E-007	1.92853540116427E-009
52211000000000000000	56.68	0.7947407887	0.2052538009	3.5892297070602E-007	0.000000002
54751000000000000000	56.52	0.7830065908	0.2169879937	3.64364583884145E-007	2.09686098207208E-009
57493000000000000000	56.35	0.7701065276	0.229888053	3.70477697017549E-007	2.19064003448955E-009
60360000000000000000	56.18	0.7565241243	0.2434704529	0.000000377	2.28424526039097E-009
63429000000000000000	56	0.7429249457	0.2570696301	3.83907408472071E-007	2.37459428488455E-009
66915000000000000000	55.79	0.7288634657	0.2711311078	3.91379597305833E-007	2.46089931920784E-009
70996000000000000000	55.57	0.7133260318	0.2866685424	4.00152229230635E-007	2.55273962313048E-009
75563000000000000000	55.3	0.6958752042	0.3041193733	4.10274248930194E-007	2.64735132017894E-009
80270000000000000000	55.03	0.6772450097	0.322749575	4.2142628926028E-007	2.73940315460778E-009
85010000000000000000	54.74	0.6587947216	0.3411998721	4.32937573536268E-007	2.82053196142122E-009
90010000000000000000	54.46	0.6409803723	0.3590142344	4.44759117748419E-007	2.89439939139668E-009
95560000000000000000	54.15	0.6227758813	0.3772187393	4.57923442158153E-007	0.000000003
101640000000000000000	53.81	0.6033487203	0.396645918	4.72623164245353E-007	0.000000003
108030000000000000000	53.45	0.5829641539	0.4170305068	4.88873682760328E-007	3.07777866363893E-009
114560000000000000000	53.07	0.5626586948	0.4373359919	0.000000506	3.1230072639295E-009
121340000000000000000	52.68	0.5426960531	0.4572986613	5.24334156572448E-007	3.15795474511533E-009
128570000000000000000	52.28	0.522892379	0.4771023684	5.43867158062609E-007	3.18462138181147E-009
136300000000000000000	51.86	0.5027672531	0.4972275306	5.65201423623656E-007	3.20405575246258E-009
144250000000000000000	51.42	0.4822379418	0.5177568837	5.88642977103963E-007	3.21340170842984E-009
152470000000000000000	50.96	0.4619265643	0.5380683057	6.13594760285301E-007	3.21179709068867E-009
160990000000000000000	50.49	0.4421226955	0.5578722243	6.4012760950906E-007	3.20141698111735E-009
169750000000000000000	50.01	0.4227108082	0.5772841634	6.68608625355997E-007	3.18452657370549E-009
178780000000000000000	49.51	0.4035739829	0.5964210443	6.99389880907601E-007	3.15611457328082E-009
188140000000000000000	49	0.3847501689	0.6152449175	7.32349817786875E-007	3.12064368761412E-009
197690000000000000000	48.49	0.3663817579	0.6336133924	7.67555898605908E-007	3.07577730809731E-009
207430000000000000000	47.96	0.3485782533	0.6514169631	0.000000805	0.000000003
217370000000000000000	47.43	0.3313850556	0.6686102306	8.45148694234839E-007	0.000000003
227510000000000000000	46.89	0.3149100815	0.6850852816	8.87948704911818E-007	2.90647346484419E-009
237830000000000000000	46.35	0.2989098314	0.7010856092	9.33646644823055E-007	2.8376869598485E-009
248200000000000000000	45.82	0.2835552017	0.7164403219	9.81801303573979E-007	2.77032745449021E-009
258800000000000000000	45.28	0.2688700097	0.7311255963	1.0334095865763E-006	2.69735656874832E-009
271100000000000000000	44.66	0.2547982031	0.7451974845	1.0924909257503E-006	2.60731859915487E-009
283900000000000000000	44.03	0.2391255996	0.7608701884	1.16076285165568E-006	2.51627748030334E-009
296000000000000000000	43.41	0.2242931654	0.7757027288	1.23281326538045E-006	2.42229515122289E-009
307500000000000000000	42.83	0.2114103499	0.7885856454	1.30494916512041E-006	2.33588762287178E-009
319000000000000000000	42.27	0.1996751284	0.8003209609	1.37918077857283E-006	2.25242187205562E-009
330600000000000000000	41.72	0.188586237	0.8114099478	1.45724081712109E-006	2.17209316226775E-009
342200000000000000000	41.18	0.1781439229	0.8218523586	1.5396750792945E-006	2.09334595445436E-009
353600000000000000000	40.65	0.167917906	0.832078474	1.62641847029843E-006	0.000000002
364900000000000000000	40.13	0.1585027923	0.8414936815	1.71668393708157E-006	1.94445804736473E-009
376200000000000000000	39.63	0.1498292661	0.850167298	1.81116162794712E-006	1.87980408008404E-009
387400000000000000000	39.14	0.1417524382	0.8582442154	1.91009970439888E-006	1.81608117809286E-009
398600000000000000000	38.66	0.134279466	0.8657172745	2.01316581711536E-006	1.7571821747537E-009
409700000000000000000	38.18	0.1272750473	0.8727217783	2.1218750532283E-006	1.70274386442645E-009
420800000000000000000	37.72	0.1207527835	0.8792441235	2.23428352820451E-006	1.65288123751782E-009
431800000000000000000	37.27	0.1146968867	0.8853000988	2.35275665097299E-006	1.607528522664E-009
442800000000000000000	36.83	0.1090603358	0.890936724	0.000002475	1.5667023970991E-009
453700000000000000000	36.4	0.1038036996	0.8961934313	2.60552216377473E-006	1.53012797230701E-009
464600000000000000000	35.98	0.0988933013	0.9011038985	2.73943189387632E-006	1.4974673857088E-009
475500000000000000000	35.57	0.0943393648	0.9056579022	2.88163877974078E-006	1.46902590702659E-009
486400000000000000000	35.17	0.0900580158	0.9099393159	3.02931098854465E-006	1.44379330153903E-009
497200000000000000000	34.77	0.0860717034	0.9139256917	3.18294958180493E-006	1.42189611805344E-009
508000000000000000000	34.39	0.0821744962	0.9178229609	3.34451158342629E-006	1.40339081235743E-009
518900000000000000000	34.01	0.0784895735	0.9215079421	3.51425776936248E-006	1.38821828232061E-009
529600000000000000000	33.64	0.075036393	0.9249611815	3.69214473684768E-006	1.37637303798023E-009
540300000000000000000	33.28	0.0717135154	0.9282841167	3.87781337481474E-006	1.36755109170493E-009
551100000000000000000	32.92	0.0684691806	0.9315285133	4.0714536720122E-006	1.36030589240901E-009
561800000000000000000	32.58	0.065389677	0.934608075	4.27741348354717E-006	1.35654560590831E-009
572500000000000000000	32.23	0.0625361874	0.9374616196	4.49067169700422E-006	1.35533818775848E-009
583200000000000000000	31.9	0.0598869651	0.9401108932	4.71219430371794E-006	1.35856305923988E-009
593900000000000000000	31.57	0.0574613197	0.9425365901	4.94579175245362E-006	1.36426926463008E-009
607800000000000000000	31.2	0.0551761911	0.9448217707	5.22783227576828E-006	1.37463982608371E-009
625800000000000000000	30.73	0.0523301205	0.9476679066	5.61862291533096E-006	1.39306792767287E-009
645100000000000000000	30.2	0.0491053948	0.9508927071	6.10842237570648E-006	1.4222420670361E-009
662700000000000000000	29.7	0.0461116782	0.9538864963	6.62953068782626E-006	1.45857490670861E-009
678800000000000000000	29.25	0.0437248568	0.9562733772	7.14270478779299E-006	1.49877462008442E-009
694700000000000000000	28.84	0.0417906225	0.9582076652	7.66683631544401E-006	1.54296304800468E-009
711200000000000000000	28.43	0.0400595132	0.9599388237	8.23140681802324E-006	1.59297320516412E-009
727600000000000000000	28.03	0.0384841087	0.9615142764	8.84624517846759E-006	1.64959915633952E-009
743800000000000000000	27.64	0.0371024152	0.9628960132	9.49743305134492E-006	1.71220775266288E-009
759700000000000000000	27.27	0.0359008053	0.9640976644	1.01771319965017E-005	1.77854317561404E-009
775400000000000000000	26.91	0.0348825263	0.9651159811	1.08951394814613E-005	1.8500512820793E-009
791000000000000000000	26.57	0.0339512353	0.9660473086	1.16519381316166E-005	1.92600030159352E-009
806500000000000000000	26.23	0.0331589034	0.9668396743	1.24552393351904E-005	0.000000002
822000000000000000000	25.9	0.0324420647	0.9675565448	1.33014432677013E-005	2.09525766604081E-009
837300000000000000000	25.59	0.031807224	0.968191428	1.42148373504269E-005	2.18477837980807E-009
852500000000000000000	25.28	0.031241962	0.9687567424	1.51918223561661E-005	2.28162784900823E-009
867500000000000000000	24.99	0.0307398053	0.9692589466	1.62245519325712E-005	2.38277798742701E-009
882500000000000000000	24.69	0.0302946373	0.9697041576	1.73100957486673E-005	2.48975432707277E-009
897400000000000000000	24.41	0.0299065808	0.9700922532	1.84542122991394E-005	2.6025423771926E-009
912300000000000000000	24.13	0.0295566168	0.9704422527	1.96551501947593E-005	2.72314963099321E-009
927000000000000000000	23.86	0.0292639348	0.9707349674	2.09084409339E-005	2.84756806309948E-009
941700000000000000000	23.59	0.0289960464	0.9710028856	2.22546134364598E-005	0.000000003
956300000000000000000	23.32	0.0287606395	0.9712383201	2.36353713364171E-005	3.11655730466016E-009
970900000000000000000	23.06	0.0285635146	0.9714354728	2.51138147785948E-005	3.26045915571395E-009
985400000000000000000	22.8	0.0283911395	0.9716078853	2.66955575638352E-005	3.41285156152133E-009
999900000000000000000	22.55	0.028257028	0.9717420381	2.83950595549461E-005	3.57304499399738E-009
1014400000000000000000	22.3	0.028136497	0.9718626064	3.01673724449312E-005	3.74035983843362E-009
1028800000000000000000	22.05	0.0280215096	0.9719776275	3.20443019806619E-005	3.91630669129812E-009
1043200000000000000000	21.8	0.0279448364	0.9720543311	3.39992222946107E-005	4.10002222450671E-009
1057600000000000000000	21.55	0.0278873237	0.9721118718	3.60523534518875E-005	4.29354340616844E-009
1072000000000000000000	21.3	0.0278489783	0.9721502428	3.82035914034984E-005	4.49686052658628E-009
1086400000000000000000	21.04	0.0278106299	0.9721886149	4.04536183635296E-005	4.71005561443729E-009
1100700000000000000000	20.79	0.0278051462	0.9721941204	4.27923172658987E-005	4.9299904684215E-009
1115100000000000000000	20.53	0.0278106311	0.9721886557	4.52465160529779E-005	5.16567678913466E-009
1129500000000000000000	20.27	0.0278298065	0.9721695	4.78293982035534E-005	5.41014594937513E-009
1144000000000000000000	20.01	0.0278681547	0.9721311714	5.0529520411145E-005	5.66829983066475E-009
1158500000000000000000	19.74	0.0279064998	0.9720928448	5.33477611133793E-005	5.93826649583679E-009
1173000000000000000000	19.47	0.0279640115	0.9720353513	5.63027171424471E-005	6.22189396092542E-009
1187600000000000000000	19.19	0.0280406831	0.9719586991	5.94139087111974E-005	6.51916303349547E-009
1202300000000000000000	18.9	0.0281365054	0.971862895	6.26613974499064E-005	6.832024611829E-009
1217200000000000000000	18.61	0.028237876	0.9717615413	0.000066079	7.16398068118731E-009
1231700000000000000000	18.3	0.028352837	0.9716465964	6.96004968587429E-005	7.51212161563202E-009
1247100000000000000000	17.99	0.0285060758	0.9714933726	7.32562778513848E-005	7.87761265592394E-009
1262500000000000000000	17.67	0.0286457666	0.9713536962	7.70853044856466E-005	8.26646244778302E-009
1278000000000000000000	17.34	0.0288180879	0.9711813886	8.10533361039067E-005	8.67302234574877E-009
1293400000000000000000	17	0.0290152024	0.9709842873	0.000085173	9.10470244183659E-009
1308900000000000000000	16.64	0.0292256915	0.9707738109	0.000089431	9.5619052590878E-009
1324400000000000000000	16.28	0.0294610164	0.9705384987	9.38614186633262E-005	0.00000001
1340800000000000000000	15.9	0.0297095884	0.970289939	9.84277875156109E-005	1.05638470107827E-008
1357300000000000000000	15.52	0.0299830444	0.970016495	0.000103148	1.11540077069323E-008
1374800000000000000000	15.13	0.0302946602	0.9697048907	0.0001080208	1.17455824968626E-008
1391400000000000000000	14.73	0.0306062024	0.9693933598	0.0001130302	1.23842857505284E-008
1409900000000000000000	14.32	0.0309558373	0.9690437358	0.0001181717	1.30715552087094E-008
1428500000000000000000	13.91	0.031305362	0.9686942215	0.0001234101	1.38176748918326E-008
1447100000000000000000	13.51	0.031686663	0.9683129308	0.0001286951	1.46250678633851E-008
1465700000000000000000	13.12	0.0320549274	0.9679446759	0.0001339656	1.54961665439557E-008
1485300000000000000000	12.75	0.0324420973	0.9675575156	0.0001391331	1.64236887757344E-008
1504000000000000000000	12.39	0.0328291148	0.9671705071	0.0001442199	1.74216578838241E-008
1524600000000000000000	12.05	0.0332159802	0.9667836507	0.0001492851	1.85155981919452E-008
1546400000000000000000	11.71	0.0336026934	0.9663969462	0.0001542893	1.97211828488708E-008
1558800000000000000000	11.49	0.0338753001	0.9661243458	0.0001580323	2.07813071531105E-008
1567100000000000000000	11.37	0.0340149311	0.9659847186	0.0001602044	2.14510345604122E-008
1571200000000000000000	11.29	0.0341098869	0.9658897649	0.0001614469	2.18421235265112E-008
1574300000000000000000	11.25	0.0341668514	0.9658328018	0.0001622041	2.20963987225668E-008
1577400000000000000000	11.21	0.0342238092	0.9657758452	0.0001628629	2.231132880751E-008
1582600000000000000000	11.16	0.0342807603	0.9657188955	0.0001636592	2.25655463473932E-008
1587800000000000000000	11.09	0.0343566847	0.9656429732	0.0001646684	2.28979048183395E-008
1594000000000000000000	11.02	0.0344583454	0.9655413144	0.000165805	2.32932910737156E-008
1598200000000000000000	10.97	0.0345342572	0.9654654043	0.0001667944	2.36452540996663E-008
1603300000000000000000	10.91	0.0346101572	0.965389506	0.000167646	0.000000024
1607500000000000000000	10.86	0.0346670743	0.9653325902	0.0001684615	2.42905350475703E-008
1612600000000000000000	10.81	0.0347429533	0.965256713	0.0001693326	2.46226926172512E-008
1618800000000000000000	10.75	0.0348256635	0.9651740045	0.0001703156	0.000000025
1624000000000000000000	10.69	0.0349015331	0.9650981367	0.0001712651	2.54097310285053E-008
1629200000000000000000	10.64	0.0349773908	0.9650222809	0.0001721359	2.58007382367786E-008
1634400000000000000000	10.59	0.0350342762	0.9649653971	0.000172951	2.61725495598707E-008
1639600000000000000000	10.54	0.035110113	0.9648895621	0.0001737626	2.65437955275482E-008
1644800000000000000000	10.49	0.0351928518	0.964806825	0.0001746477	0.000000027
1651000000000000000000	10.44	0.0352497234	0.9647499551	0.000175502	2.73902533087487E-008
1656200000000000000000	10.39	0.0353255418	0.9646741386	0.000176333	2.78203376824847E-008
1662400000000000000000	10.34	0.0353823977	0.9646172844	0.0001771084	2.82509094693677E-008
1667600000000000000000	10.3	0.0354581952	0.9645414885	0.0001778607	2.86612226412792E-008
1672800000000000000000	10.25	0.0355150356	0.9644846499	0.0001785966	2.90916856730202E-008
1679000000000000000000	10.2	0.0355978043	0.964401883	0.0001793839	2.95666089603471E-008
1685200000000000000000	10.16	0.0356546397	0.9643450493	0.0001801198	0.00000003
1691400000000000000000	10.12	0.0357114685	0.9642882223	0.0001808163	3.05060014110854E-008
1696600000000000000000	10.08	0.0357872297	0.9642124629	0.0001814896	0.000000031
1702800000000000000000	10.03	0.0358440429	0.9641556513	0.0001821467	3.14445548543314E-008
1709000000000000000000	9.993	0.0359008493	0.9640988467	0.000182784	3.19140481945586E-008
1715300000000000000000	9.953	0.0359647119	0.9640349858	0.0001834574	3.24291312469932E-008
1721500000000000000000	9.914	0.0360215157	0.9639781838	0.0001840751	3.29378853763278E-008
1727700000000000000000	9.877	0.0360783128	0.9639213885	0.0001846534	3.34465795564846E-008
1733900000000000000000	9.841	0.0361351032	0.9638645999	0.000185212	0.000000034
1740200000000000000000	9.805	0.0361918869	0.9638078178	0.000185751	3.44637881048765E-008
1746400000000000000000	9.77	0.0362486639	0.9637510425	0.0001862702	0.000000035
1752600000000000000000	9.735	0.0363054342	0.963694274	0.0001867698	3.55396625082098E-008
1758900000000000000000	9.702	0.0363504146	0.9636492953	0.0001873097	3.60951172772553E-008
1766100000000000000000	9.67	0.0364071845	0.9635925272	0.00018777	3.66624668485387E-008
1772300000000000000000	9.638	0.0364639478	0.9635357656	0.0001882105	3.7210113627984E-008
1778600000000000000000	9.608	0.0365017862	0.9634979289	0.0001886351	3.77780724506699E-008
1785800000000000000000	9.577	0.0365585383	0.9634411788	0.0001890559	3.83648678073167E-008
1792100000000000000000	9.548	0.0365963693	0.9634033495	0.0001894608	0.000000039
1799300000000000000000	9.519	0.0366531103	0.9633466104	0.0001898227	3.95782915523276E-008
1805600000000000000000	9.492	0.0366909339	0.9633087885	0.0001901882	4.01853085411912E-008
1812800000000000000000	9.465	0.036735966	0.9632637583	0.0001905715	4.08199215976184E-008
1819100000000000000000	9.439	0.0367737908	0.9632259353	0.0001908978	4.14662286051501E-008
1826300000000000000000	9.413	0.0368305224	0.9631692055	0.0001912007	4.21312905618877E-008
1833600000000000000000	9.387	0.0368683398	0.9631313899	0.0001914876	4.27971143484969E-008
1840800000000000000000	9.363	0.0369061542	0.9630935771	0.0001917746	4.3502147712124E-008
1847100000000000000000	9.339	0.0369439656	0.9630557674	0.0001920419	4.42071257269658E-008
1854400000000000000000	9.316	0.0369817741	0.9630179607	0.0001922895	4.49316777829192E-008
1861600000000000000000	9.293	0.0370195796	0.9629801568	0.0001925175	4.56954301870681E-008
1868900000000000000000	9.271	0.0370573821	0.962942356	0.0001927455	4.64591226394619E-008
1876200000000000000000	9.25	0.0370951817	0.962904558	0.0001929538	4.72620092896125E-008
1883500000000000000000	9.229	0.0371402676	0.9628594739	0.0001931804	4.8113528450882E-008
1889700000000000000000	9.215	0.0371591684	0.9628405747	0.0001933533	4.88781453818008E-008
1893800000000000000000	9.204	0.0371780684	0.9628216757	0.0001934673	4.94660677403124E-008
1898000000000000000000	9.192	0.0371969676	0.9628027774	0.0001935616	0.00000005
1904200000000000000000	9.175	0.0372347639	0.9627649825	0.0001936914	5.06408492299886E-008
1911500000000000000000	9.157	0.037253661	0.9627460868	0.000193825	5.14249693646295E-008
1917700000000000000000	9.141	0.0372914529	0.9627082963	0.0001939548	5.23061694117204E-008
1922900000000000000000	9.129	0.0373103477	0.9626894027	0.0001940688	5.31098373818545E-008
1928100000000000000000	9.118	0.0373292418	0.9626705097	0.0001941631	5.38545948775481E-008
1934300000000000000000	9.102	0.0373481351	0.9626516176	0.0001942574	5.46189490668114E-008
1940600000000000000000	9.086	0.0373859196	0.9626138343	0.0001943479	5.54999372785946E-008
1947800000000000000000	9.072	0.0374048107	0.9625949446	0.0001944422	5.64997114264973E-008
1954100000000000000000	9.059	0.0374237011	0.9625760556	0.0001945365	5.75190707216579E-008
1959300000000000000000	9.049	0.0374425907	0.9625571669	0.0001946112	5.84402699922027E-008
1963400000000000000000	9.042	0.0374614796	0.9625382788	0.0001946663	5.91651969559141E-008
1967600000000000000000	9.033	0.0374803677	0.9625193915	0.0001947017	5.98312257823952E-008
1972800000000000000000	9.019	0.037506615	0.962493145	0.000194795	6.06464889461137E-008
1980000000000000000000	9.007	0.0375255052	0.9624742559	0.0001948696	6.16462405747616E-008
1985300000000000000000	8.997	0.0375443947	0.9624553674	0.0001949247	6.27440825769183E-008
1990400000000000000000	8.99	0.0375632835	0.9624364794	0.0001949797	6.37241282374795E-008
1994600000000000000000	8.982	0.0375632835	0.9624364802	0.000195019	6.45484009663079E-008
1999800000000000000000	8.973	0.0375821715	0.962417593	0.0001950544	6.539101590242E-008
2005000000000000000000	8.961	0.0376010588	0.9623987065	0.0001950898	6.63513463858603E-008
2011200000000000000000	8.951	0.0376199453	0.962379821	0.0001951253	6.74882586536656E-008
2016400000000000000000	8.943	0.0376388311	0.962360936	0.0001951803	6.86643742877248E-008
2021600000000000000000	8.936	0.0376577161	0.9623420518	0.0001951961	6.97423256921896E-008
2025800000000000000000	8.928	0.0376577161	0.9623420525	0.0001952353	7.07235064693157E-008
2031000000000000000000	8.919	0.0376766004	0.9623231688	0.0001952708	7.17229033857664E-008
2036200000000000000000	8.91	0.037695484	0.9623042861	0.0001952865	7.28596210059701E-008
2042400000000000000000	8.901	0.0377143668	0.962285404	0.000195322	7.41532736919619E-008
2047600000000000000000	8.894	0.0377332488	0.9622665228	0.0001953377	7.5427253537405E-008
2051800000000000000000	8.887	0.0377332489	0.9622665233	0.0001953574	7.66438221879643E-008
2056900000000000000000	8.88	0.0377521302	0.9622476426	0.0001953928	7.77803763304144E-008
2062100000000000000000	8.872	0.0377710108	0.9622287628	0.0001954086	0.000000079
2067300000000000000000	8.864	0.0377898906	0.9622098835	0.0001954244	8.02888018654768E-008
2072500000000000000000	8.857	0.0377898906	0.9622098843	0.000195444	8.17407499594553E-008
2077700000000000000000	8.85	0.0378087697	0.9621910058	0.0001954598	8.3151824685446E-008
2082900000000000000000	8.844	0.0378087698	0.9621910064	0.0001954794	8.45056416071307E-008
2088100000000000000000	8.838	0.0378276481	0.9621721286	0.0001954755	8.58381538055606E-008
2093300000000000000000	8.83	0.0378465257	0.9621532516	0.0001954913	8.72294730119383E-008
2098500000000000000000	8.823	0.0378465258	0.9621532521	0.000195511	8.87598146959701E-008
2103700000000000000000	8.817	0.0378728331	0.9621269456	0.0001955651	9.03845953779781E-008
2108900000000000000000	8.811	0.0378917127	0.9621080663	0.0001955613	0.000000092
2114100000000000000000	8.806	0.0378917128	0.9621080669	0.0001955809	9.35028541426375E-008
2118300000000000000000	8.799	0.0379105917	0.9620891885	0.0001955771	0.000000095
2123500000000000000000	8.793	0.0379105917	0.9620891891	0.0001955967	9.66602354755538E-008
2128700000000000000000	8.787	0.03792947	0.9620703115	0.0001955928	9.83850814118124E-008
2134900000000000000000	8.781	0.03792947	0.9620703118	0.0001955928	1.00190312302724E-007
2139100000000000000000	8.776	0.0379483474	0.962051435	0.0001956086	0.000000102
2144300000000000000000	8.771	0.0379483475	0.9620514355	0.0001956086	1.03700628935544E-007
2149400000000000000000	8.766	0.0379672242	0.9620325592	0.0001956048	1.05464511638807E-007
2154600000000000000000	8.76	0.0379861002	0.9620136838	0.0001956009	1.07326429744065E-007
2159800000000000000000	8.755	0.0379861002	0.9620136842	0.0001956206	1.09288521738397E-007
2165000000000000000000	8.75	0.0380049754	0.9619948095	0.0001956167	1.11287672028707E-007
2170200000000000000000	8.745	0.0380049755	0.9619948099	0.0001956167	1.13288966598362E-007
2174400000000000000000	8.741	0.0380049755	0.9619948105	0.0001956167	1.15270640657628E-007
2179600000000000000000	8.736	0.03802385	0.9619759364	0.0001956129	1.17289254487522E-007
2184800000000000000000	8.731	0.03802385	0.9619759367	0.0001956129	1.19408230694407E-007
2190000000000000000000	8.726	0.0380427238	0.9619570636	0.0001956091	1.21622921415126E-007
2195200000000000000000	8.722	0.0380427238	0.9619570639	0.0001956091	1.2385957464026E-007
2200400000000000000000	8.718	0.0380615968	0.9619381913	0.0001956052	1.26113373317159E-007
2205600000000000000000	8.714	0.0380615968	0.9619381917	0.0001956052	1.28369602043863E-007
2210800000000000000000	8.709	0.0380615968	0.9619381923	0.0001956052	1.30665069557593E-007
2216000000000000000000	8.705	0.0380804691	0.9619193204	0.0001956014	1.33075642465291E-007
2221200000000000000000	8.701	0.0380804691	0.9619193207	0.0001955818	1.35567254871882E-007
2226400000000000000000	8.698	0.0380993407	0.9619004496	0.0001955779	1.38095395977404E-007
2230500000000000000000	8.694	0.0380993407	0.96190045	0.0001955779	1.40626196726016E-007
2235700000000000000000	8.69	0.0380993407	0.9619004504	0.0001955779	1.43176616086656E-007
2240900000000000000000	8.686	0.0381182115	0.96188158	0.0001955741	1.45802649444173E-007
2246100000000000000000	8.682	0.0381182115	0.9618815803	0.0001955545	1.48529582800721E-007
2251300000000000000000	8.68	0.0381182115	0.9618815807	0.0001955545	1.51334989060139E-007
2256500000000000000000	8.676	0.0381370816	0.9618627111	0.0001955506	1.54176607100743E-007
2261700000000000000000	8.673	0.0381370816	0.9618627114	0.000195531	0.000000157
2266900000000000000000	8.67	0.0381370816	0.9618627118	0.000195531	1.59924634440962E-007
2271100000000000000000	8.667	0.0381370816	0.9618627122	0.000195531	1.6290654623636E-007
2276300000000000000000	8.663	0.038155951	0.9618438433	0.0001955076	0.000000166
2281500000000000000000	8.661	0.038155951	0.9618438435	0.0001955076	1.69141701371162E-007
2286700000000000000000	8.658	0.038155951	0.9618438438	0.0001954879	1.72358964141741E-007
2291900000000000000000	8.655	0.038155951	0.9618438442	0.0001954879	1.75576226914844E-007
2297100000000000000000	8.652	0.0381748196	0.961824976	0.0001954645	1.78868450568714E-007
2302300000000000000000	8.65	0.0381748196	0.9618249764	0.0001954645	1.82262203869921E-007
2307500000000000000000	8.647	0.0381748196	0.9618249766	0.0001954449	1.85754042490888E-007
2312700000000000000000	8.645	0.0381748196	0.961824977	0.0001954449	1.89304732362483E-007
2317800000000000000000	8.642	0.0381936874	0.9618061095	0.0001954214	1.9293010579621E-007
2322000000000000000000	8.64	0.0381936874	0.9618061097	0.0001954214	1.96559192725699E-007
2327200000000000000000	8.638	0.0381936875	0.9618061101	0.0001954018	2.00286363125424E-007
2332400000000000000000	8.635	0.0381936875	0.9618061105	0.0001954018	2.04209700387235E-007
2337600000000000000000	8.633	0.0381936875	0.9618061107	0.0001953822	2.08133037611296E-007
2342800000000000000000	8.631	0.0382125546	0.961787244	0.0001953587	2.12052215116791E-007
2348000000000000000000	8.629	0.0382125546	0.9617872443	0.0001953587	2.16171638436987E-007
2353200000000000000000	8.627	0.0382125546	0.9617872445	0.0001953391	2.20291061717202E-007
2358400000000000000000	8.625	0.0382125546	0.9617872449	0.0001953195	2.24606648054456E-007
2363600000000000000000	8.623	0.0382125546	0.9617872451	0.0001952999	2.2892223435019E-007
2367800000000000000000	8.622	0.0382125546	0.9617872455	0.0001952999	2.33433983704887E-007
2373000000000000000000	8.62	0.038231421	0.9617683793	0.0001952764	2.37941065492849E-007
2378200000000000000000	8.618	0.038231421	0.9617683797	0.0001952568	2.42648885515356E-007
2383400000000000000000	8.617	0.038231421	0.9617683799	0.0001952372	2.47356705493035E-007
2388600000000000000000	8.615	0.038231421	0.9617683803	0.0001952372	2.52260684685837E-007
2393800000000000000000	8.613	0.038231421	0.9617683804	0.0001952176	2.57164663832041E-007
2399000000000000000000	8.612	0.0382314211	0.9617683808	0.000195198	2.62264802195522E-007
2404200000000000000000	8.611	0.0382314211	0.961768381	0.0001951784	2.67364940510558E-007
2409300000000000000000	8.609	0.0382314211	0.9617683812	0.0001951588	2.72661237991619E-007
2414500000000000000000	8.608	0.0382314211	0.9617683816	0.0001951391	2.7815369469338E-007
2418700000000000000000	8.607	0.0382502867	0.9617495162	0.0001951157	2.83640587473756E-007
2423900000000000000000	8.605	0.0382502867	0.9617495165	0.0001950961	2.89329091762048E-007
2429100000000000000000	8.604	0.0382502867	0.9617495167	0.0001950765	0.000000295
2434300000000000000000	8.603	0.0382502867	0.9617495169	0.0001950568	3.00902255550577E-007
2439500000000000000000	8.602	0.0382502867	0.9617495172	0.0001950372	0.000000307
2444700000000000000000	8.601	0.0382577912	0.961742013	0.0001950559	3.13125306553059E-007
2449900000000000000000	8.6	0.0382577912	0.9617420132	0.0001950363	3.19403508269673E-007
2455100000000000000000	8.599	0.0382577912	0.9617420135	0.0001950166	3.25877903790688E-007
2460300000000000000000	8.598	0.0382577912	0.9617420137	0.000194997	3.32548493116253E-007
2465500000000000000000	8.597	0.0382577913	0.9617420139	0.0001949578	3.39219082438567E-007
2470700000000000000000	8.596	0.0382577913	0.9617420142	0.0001949382	3.46085865572151E-007
2475900000000000000000	8.595	0.0382577913	0.9617420144	0.0001949185	3.53148842503705E-007
2480100000000000000000	8.594	0.0382577913	0.9617420147	0.0001948989	3.60408013247093E-007
2485300000000000000000	8.594	0.0382577913	0.9617420149	0.0001948597	3.67667183986971E-007
2490500000000000000000	8.593	0.0382577913	0.9617420151	0.0001948401	3.75318742333333E-007
2495700000000000000000	8.592	0.0382577913	0.9617420153	0.0001948204	0.000000383
2500900000000000000000	8.591	0.0382577913	0.9617420156	0.0001947812	3.90818052838491E-007
2506100000000000000000	8.591	0.0382577913	0.9617420158	0.0001947616	3.98861998799052E-007
2511300000000000000000	8.59	0.0382766598	0.9617231476	0.0001947185	4.07290341574794E-007
2516500000000000000000	8.589	0.0382766598	0.9617231478	0.0001946989	4.15726509633996E-007
2521700000000000000000	8.589	0.0382766598	0.961723148	0.0001946597	4.24358867641525E-007
2526900000000000000000	8.588	0.0382766598	0.9617231483	0.0001946401	4.33383605566723E-007
2532000000000000000000	8.587	0.0382766598	0.9617231485	0.0001946008	4.4240834348749E-007
2537200000000000000000	8.587	0.0382766598	0.9617231487	0.0001945812	4.51629271364961E-007
2542400000000000000000	8.586	0.0382766598	0.9617231489	0.000194542	4.61242579152113E-007
2547600000000000000000	8.586	0.0382766598	0.9617231491	0.0001945027	4.71052076896308E-007
2552800000000000000000	8.585	0.0382766598	0.9617231493	0.0001944635	4.81057764597672E-007
2558000000000000000000	8.584	0.0382766598	0.9617231495	0.0001944439	4.91455832209311E-007
2563200000000000000000	8.584	0.0382766598	0.9617231497	0.0001944046	5.01853899815591E-007
2568400000000000000000	8.583	0.0382766598	0.9617231499	0.0001943654	5.12644347342118E-007
2573600000000000000000	8.583	0.0382766598	0.9617231501	0.0001943261	5.23827174769228E-007
2578800000000000000000	8.582	0.0382766599	0.9617231503	0.0001942869	5.35206192164362E-007
2583000000000000000000	8.581	0.0382766599	0.9617231505	0.0001942477	5.46781399506861E-007
2588200000000000000000	8.581	0.0382766599	0.9617231507	0.0001942084	5.58748986760335E-007
2593400000000000000000	8.58	0.0382766599	0.9617231509	0.0001941692	5.7091276397176E-007
2598600000000000000000	8.579	0.0382766599	0.961723151	0.0001941103	5.83468921094544E-007
2603800000000000000000	8.579	0.0382766599	0.9617231512	0.0001940711	5.96417458128919E-007
2609000000000000000000	8.578	0.0382766599	0.9617231514	0.0001940319	6.09758375075116E-007
2614200000000000000000	8.577	0.0382766599	0.9617231516	0.000193973	6.23295481967727E-007
2619400000000000000000	8.577	0.0382766599	0.9617231518	0.0001939338	6.372249687845E-007
2624600000000000000000	8.576	0.0382766599	0.961723152	0.0001938749	6.51743025467185E-007
2629800000000000000000	8.575	0.0382766599	0.9617231521	0.0001938357	6.66457272096011E-007
2635000000000000000000	8.574	0.0382766599	0.9617231523	0.0001937768	6.81563898637137E-007
2640200000000000000000	8.574	0.0382766599	0.9617231525	0.0001937376	6.97062905104444E-007
2646400000000000000000	8.573	0.03827666	0.9617231527	0.0001936787	7.13150481424727E-007
2651600000000000000000	8.572	0.03827666	0.9617231528	0.0001936199	7.29630437658009E-007
2656800000000000000000	8.571	0.03827666	0.961723153	0.000193561	7.46698963758192E-007
2662000000000000000000	8.57	0.0382955276	0.9617042855	0.0001934984	7.63948691912279E-007
2667200000000000000000	8.569	0.0382955277	0.9617042857	0.0001934395	0.000000782
2672400000000000000000	8.568	0.0382955277	0.9617042858	0.000193361	8.00439307679195E-007
2677600000000000000000	8.567	0.0382955277	0.961704286	0.0001933022	8.1946935999175E-007
2682800000000000000000	8.565	0.0382955277	0.9617042862	0.0001932433	8.39087970625703E-007
2688000000000000000000	8.564	0.0382955277	0.9617042863	0.0001931648	8.59295139564508E-007
2693200000000000000000	8.563	0.0382955277	0.9617042865	0.000193106	8.79698494631868E-007
2696300000000000000000	8.564	0.0382955277	0.9617042866	0.0001930275	8.97551430288702E-007
2698400000000000000000	8.565	0.0382955277	0.9617042867	0.0001929883	9.08341666116126E-007
2699500000000000000000	8.565	0.0382955277	0.9617042867	0.0001929687	9.14619621511779E-007
2700500000000000000000	8.565	0.0382955277	0.9617042867	0.0001929687	9.18543343647828E-007
2700500000000000000000	8.565	0.0382955277	0.9617042868	0.000192949	9.21093763031003E-007
2701500000000000000000	8.564	0.0382955277	0.9617042868	0.000192949	9.23840368519295E-007
2702600000000000000000	8.564	0.0382955277	0.9617042868	0.0001929294	9.27567904532792E-007
2703600000000000000000	8.563	0.0382955277	0.9617042868	0.0001929098	9.32276371089843E-007
2705700000000000000000	8.563	0.0382955277	0.9617042869	0.0001928902	0.000000938
2706700000000000000000	8.563	0.0382955277	0.9617042869	0.0001928706	9.43262793045395E-007
2707800000000000000000	8.563	0.0382955277	0.961704287	0.0001928509	9.47578887393515E-007
2708800000000000000000	8.563	0.0382955277	0.961704287	0.0001928509	9.50914051198028E-007
2709900000000000000000	8.562	0.0382955277	0.961704287	0.0001928313	9.54837773317846E-007
2710900000000000000000	8.562	0.0382955277	0.961704287	0.0001928117	9.60134798192088E-007
2713000000000000000000	8.561	0.0382955277	0.9617042871	0.0001927921	9.66216567505995E-007
2714000000000000000000	8.561	0.0382955277	0.9617042871	0.0001927725	9.71905964572307E-007
2715100000000000000000	8.561	0.0382955277	0.9617042871	0.0001927528	9.76810617237664E-007
2716100000000000000000	8.561	0.0382955277	0.9617042872	0.0001927528	9.80930525463776E-007
2717100000000000000000	8.56	0.0382955277	0.9617042872	0.0001927332	9.85442805919575E-007
2719200000000000000000	8.56	0.0382955277	0.9617042872	0.0001927136	9.91132203006377E-007
2720300000000000000000	8.559	0.0382955277	0.9617042873	0.000192694	0.000000998
2722300000000000000000	8.559	0.0382955277	0.9617042873	0.0001926548	1.00486523046252E-006
2723400000000000000000	8.559	0.0382955277	0.9617042874	0.0001926351	1.01094699976113E-006
2725400000000000000000	8.558	0.0382955277	0.9617042874	0.0001926155	1.01644021072486E-006
2726500000000000000000	8.558	0.0382955277	0.9617042874	0.0001925959	1.02271816612943E-006
2728600000000000000000	8.557	0.0382955277	0.9617042875	0.0001925763	0.00000103
2730600000000000000000	8.557	0.0382955277	0.9617042875	0.000192537	1.03782449632753E-006
2732700000000000000000	8.556	0.0382955277	0.9617042876	0.0001925174	1.04645668501642E-006
2733800000000000000000	8.556	0.0382955277	0.9617042876	0.0001924782	1.05489268760113E-006
2735900000000000000000	8.555	0.0382955277	0.9617042877	0.0001924586	1.06313250406078E-006
2738000000000000000000	8.555	0.0382955277	0.9617042877	0.0001924193	1.07215706496293E-006
2741000000000000000000	8.554	0.0382955277	0.9617042878	0.0001923997	1.08235874249746E-006
2743100000000000000000	8.553	0.0383143947	0.9616854209	0.0001923567	1.0937160794748E-006
2746200000000000000000	8.552	0.0383143947	0.961685421	0.0001923175	1.10548701492434E-006
2748300000000000000000	8.551	0.0383143947	0.961685421	0.0001922586	1.11725795039719E-006
2751400000000000000000	8.55	0.0383143947	0.9616854211	0.0001922194	1.12981361487553E-006
2754600000000000000000	8.549	0.0383143947	0.9616854212	0.0001921801	1.14393873742944E-006
2757700000000000000000	8.548	0.0383143947	0.9616854213	0.0001921213	0.00000116
2761800000000000000000	8.547	0.0383143947	0.9616854213	0.0001920624	1.17728972123584E-006
2765000000000000000000	8.546	0.0383143947	0.9616854214	0.0001920036	1.19514230667081E-006
2769100000000000000000	8.544	0.0383143947	0.9616854215	0.0001919251	1.21377962115851E-006
2773300000000000000000	8.542	0.0383143947	0.9616854216	0.0001918662	0.000001235
2777500000000000000000	8.54	0.0383143947	0.9616854217	0.0001917682	1.25890154040766E-006
2782600000000000000000	8.538	0.0383332609	0.9616665556	0.0001916859	1.28555710710303E-006
2787800000000000000000	8.536	0.0383332609	0.9616665558	0.0001915878	1.31459151165579E-006
2793000000000000000000	8.533	0.0383332609	0.9616665559	0.0001914701	1.34558770026987E-006
2799300000000000000000	8.53	0.0383332609	0.961666556	0.0001913524	1.38011510026221E-006
2805500000000000000000	8.526	0.0383521264	0.9616476907	0.0001912113	1.41971528715203E-006
2812800000000000000000	8.522	0.0383521264	0.9616476909	0.0001910544	0.000001465
2820100000000000000000	8.518	0.0383521264	0.961647691	0.0001908778	1.51623317093512E-006
2828400000000000000000	8.512	0.0383709911	0.9616288265	0.0001906779	1.57348527483E-006
2837800000000000000000	8.506	0.0383973874	0.9616024304	0.0001904958	1.63870710027446E-006
2847100000000000000000	8.499	0.0383973874	0.9616024306	0.0001902407	1.71424616118152E-006
2858500000000000000000	8.49	0.0384162542	0.961583564	0.0001899427	1.80348421148012E-006
2869000000000000000000	8.481	0.0384351203	0.9615646982	0.0001895858	1.90566780530835E-006
2878300000000000000000	8.472	0.0384539856	0.9615458331	0.0001892093	0.000002011
2887700000000000000000	8.463	0.0384728501	0.9615269687	0.0001888525	2.11688961289737E-006
2897000000000000000000	8.452	0.038491714	0.9615081051	0.0001884956	2.22082671901744E-006
2905400000000000000000	8.441	0.0385105771	0.9614892422	0.0001881192	2.33260703738625E-006
2914700000000000000000	8.428	0.038548301	0.9614515185	0.0001876998	2.45610549100205E-006
2924100000000000000000	8.415	0.0385671619	0.9614326578	0.0001872449	2.58945339381127E-006
2932400000000000000000	8.402	0.038586022	0.9614137979	0.0001867901	2.72671940225427E-006
2940700000000000000000	8.388	0.038631318	0.9613685021	0.0001863485	2.8664477175278E-006
2949100000000000000000	8.372	0.0386690402	0.9613307801	0.0001858507	3.01347771072827E-006
2957400000000000000000	8.356	0.0387067594	0.9612930611	0.0001853138	3.16834345646693E-006
2965700000000000000000	8.339	0.0387256179	0.9612742028	0.0001847608	0.000003335
2974000000000000000000	8.32	0.0387821889	0.9612176319	0.0001841615	3.51138685944671E-006
2982300000000000000000	8.301	0.0388198993	0.9611799218	0.0001835461	3.69563871956468E-006
2989600000000000000000	8.281	0.0388576067	0.9611422146	0.0001829112	3.88576066740898E-006
2996900000000000000000	8.259	0.0388953111	0.9611045103	0.0001822372	4.0856748877063E-006
3005200000000000000000	8.237	0.0389518622	0.9610479594	0.00018154	4.29725730428833E-006
3012500000000000000000	8.213	0.0390160585	0.9609837633	0.0001808195	4.52343041056339E-006
3019800000000000000000	8.187	0.0390726069	0.960927215	0.0001800439	4.75854138336511E-006
3027100000000000000000	8.161	0.0391291487	0.9608706735	0.0001792095	5.00539285301751E-006
3034400000000000000000	8.133	0.0391856838	0.9608141385	0.0001783753	0.000005264
3041600000000000000000	8.104	0.0392422123	0.9607576103	0.0001774823	5.53430899413697E-006
3047900000000000000000	8.073	0.0393252848	0.9606745379	0.0001765617	5.82328032475328E-006
3055200000000000000000	8.041	0.0394006481	0.9605991748	0.0001755672	6.12484937324933E-006
3062500000000000000000	8.007	0.0394759995	0.9605238236	0.0001745337	6.44205953535154E-006
3068700000000000000000	7.971	0.0395513392	0.9604484841	0.0001734612	6.77294623152306E-006
3076000000000000000000	7.934	0.0396454971	0.9603543264	0.0001723265	7.11932739733607E-006
3082300000000000000000	7.895	0.0397474291	0.9602523946	0.0001711865	7.48671358471031E-006
3089500000000000000000	7.854	0.0398415678	0.9601582561	0.0001699541	7.87027821099234E-006
3095800000000000000000	7.812	0.0399356881	0.960064136	0.0001686435	8.27337278764822E-006
3103100000000000000000	7.767	0.0400564602	0.9599433641	0.0001673235	8.69948673693507E-006
3109400000000000000000	7.721	0.0401693748	0.9598304497	0.0001659119	9.1415224408119E-006
3116600000000000000000	7.673	0.0402822629	0.9597175619	0.0001644418	0.000009605
3122900000000000000000	7.622	0.0403951243	0.9596047006	0.0001629133	1.00919211675435E-005
3130200000000000000000	7.57	0.0405347062	0.959465119	0.0001613352	1.06060587521104E-005
3137500000000000000000	7.515	0.0406663329	0.9593334925	0.0001596472	1.11415953113535E-005
3144800000000000000000	7.459	0.040824719	0.9591751067	0.0001579483	1.17025634695274E-005
3151100000000000000000	7.401	0.0409750864	0.9590247395	0.0001561208	1.22886067454688E-005
3158400000000000000000	7.341	0.0411254068	0.9588744194	0.000154235	1.29038555911556E-005
3166700000000000000000	7.279	0.0412837673	0.9587160591	0.0001523012	0.000013547
3174000000000000000000	7.215	0.0414528001	0.9585470266	0.0001502566	1.42185455117798E-005
3182300000000000000000	7.149	0.0416487018	0.9583511251	0.0001481409	1.49237916415268E-005
3189700000000000000000	7.083	0.0418176404	0.9581821868	0.0001459406	1.5655662753307E-005
3199000000000000000000	7.014	0.0420135076	0.9579863198	0.0001436686	1.64254207281484E-005
3207400000000000000000	6.945	0.042219865	0.9577799627	0.0001412877	1.72228067299915E-005
3216800000000000000000	6.874	0.04241569	0.9575841379	0.0001388399	1.80609376359339E-005
3226200000000000000000	6.802	0.0426219164	0.9573779118	0.0001362648	1.89341549795536E-005
3236600000000000000000	6.731	0.0428364389	0.9571633896	0.0001336191	0.000019852
3248100000000000000000	6.658	0.0430696872	0.9569301415	0.0001308731	2.0810489779754E-005
3259600000000000000000	6.586	0.0432757163	0.9567241127	0.0001280069	2.17846550216484E-005
3272200000000000000000	6.516	0.0435088881	0.9564909412	0.0001251248	2.2801554050497E-005
3285800000000000000000	6.446	0.0437147703	0.9562850593	0.0001221039	2.38337467201047E-005
3301400000000000000000	6.376	0.0439478656	0.9560519642	0.0001189488	2.49481427420676E-005
3315100000000000000000	6.314	0.0441435373	0.9558562927	0.0001158181	2.60439043112464E-005
3328700000000000000000	6.262	0.0443118383	0.9556879919	0.0001129805	2.70370686759722E-005
3342200000000000000000	6.219	0.0444613895	0.9555384409	0.0001104395	2.79130676607714E-005
3354800000000000000000	6.182	0.0445822417	0.9554175889	0.0001081594	2.87173018110575E-005
3367400000000000000000	6.15	0.044694369	0.9553054618	0.0001060342	2.945720772825E-005
3378900000000000000000	6.124	0.0447691058	0.9552307251	0.0001040896	3.0119887727387E-005
3389400000000000000000	6.102	0.0448526028	0.9551472282	0.0001023805	3.07298033088034E-005
3399800000000000000000	6.084	0.0449273302	0.955072501	0.0001008078	3.12554957309018E-005
3410300000000000000000	6.069	0.0449646896	0.9550351418	9.93760711744829E-005	3.17432323393399E-005
3419700000000000000000	6.055	0.0450207231	0.9549791084	9.80599068120911E-005	3.21911860017355E-005
3429200000000000000000	6.045	0.0450580751	0.9549417566	0.000096824	3.26006124960677E-005
3438600000000000000000	6.034	0.0450954242	0.9549044076	0.000095686	3.29904512733712E-005
3448000000000000000000	6.029	0.0451140977	0.9548857343	9.46476951499237E-005	3.3322246391626E-005
3456400000000000000000	6.023	0.0451327704	0.9548670618	9.36485430873685E-005	0.000033654
3464800000000000000000	6.019	0.0451415978	0.9548582345	9.27475982821074E-005	0.000033954
3474200000000000000000	6.015	0.0451602733	0.9548395592	9.18852160863459E-005	3.42271452003204E-005
3482600000000000000000	6.013	0.045178948	0.9548208847	9.10815415852302E-005	3.44807296145074E-005
3490900000000000000000	6.011	0.0451789481	0.954820885	9.03187801458685E-005	3.47154254566731E-005
3499300000000000000000	6.011	0.0451789481	0.9548208852	8.95951346802558E-005	3.49501212996326E-005
3506700000000000000000	6.011	0.0451789481	0.9548208855	8.89106051883794E-005	3.51457011710334E-005
3515000000000000000000	6.012	0.0451789481	0.9548208857	8.82847496564203E-005	3.53412810432325E-005
3523400000000000000000	6.013	0.0451789481	0.954820886	8.76784521102884E-005	3.55173029293517E-005
3530800000000000000000	6.016	0.0451602734	0.9548395611	0.000087113	3.56744645514548E-005
3539100000000000000000	6.019	0.0451602734	0.9548395614	8.6584898368909E-005	3.58113731451259E-005
3546500000000000000000	6.022	0.0451415979	0.9548582372	8.60780643604317E-005	0.000035949
3554800000000000000000	6.026	0.0451229218	0.9548769138	8.56103287961268E-005	0.000036067
3562200000000000000000	6.031	0.0451229218	0.9548769142	8.5160468752899E-005	3.61843976097527E-005
3570500000000000000000	6.036	0.0451042449	0.9548955916	8.47318251275765E-005	3.62829029574456E-005
3577900000000000000000	6.042	0.0450855672	0.9549142697	8.43422845347359E-005	3.63618522611489E-005
3586200000000000000000	6.048	0.0450668888	0.9549329486	8.39722889840845E-005	3.64408046534706E-005
3592500000000000000000	6.056	0.0450207234	0.9549791145	8.36266781432071E-005	3.64937748866287E-005
3597800000000000000000	6.061	0.0450020463	0.9549977921	8.33740648708876E-005	3.65531614458571E-005
3604000000000000000000	6.065	0.0450020463	0.9549977925	8.31589312651997E-005	3.65922766691413E-005
3610300000000000000000	6.072	0.0449833685	0.9550164708	8.2906303902018E-005	3.66125503431417E-005
3615600000000000000000	6.078	0.0449646899	0.9550351498	8.26927833991538E-005	3.66523831811765E-005
3621900000000000000000	6.085	0.0449273306	0.9550725096	8.24808677664692E-005	3.66733761114844E-005
3628100000000000000000	6.091	0.0449086499	0.9550911909	8.22868859308857E-005	3.66936529608608E-005
3634400000000000000000	6.099	0.0448899684	0.9551098729	8.2092896506567E-005	3.66943707043888E-005
3640700000000000000000	6.105	0.0448712862	0.9551285556	8.19184597779761E-005	3.67146487591359E-005
3647000000000000000000	6.113	0.0448526033	0.9551472391	0.000081744	3.67153669436011E-005
3652200000000000000000	6.12	0.0448339196	0.9551659234	8.15891268989642E-005	3.67160851568822E-005
3658500000000000000000	6.128	0.0447965501	0.9552032936	8.14358245157732E-005	0.000036698
3664800000000000000000	6.136	0.0447778643	0.9552219801	8.1300482267078E-005	3.66986777509717E-005
3671100000000000000000	6.144	0.0447591777	0.9552406673	8.11651347260972E-005	3.6679833119169E-005
3677300000000000000000	6.152	0.0447404904	0.9552593553	8.10493448497128E-005	0.000036661
3683600000000000000000	6.16	0.0447031135	0.9552967329	8.09351338076546E-005	3.66232947759075E-005
3689900000000000000000	6.169	0.044684424	0.9553154231	8.08193326399529E-005	3.66044471966478E-005
3696200000000000000000	6.178	0.0446470428	0.9553528051	8.07246707709816E-005	3.65667497990704E-005
3702500000000000000000	6.187	0.0446283511	0.9553714975	8.06284239482649E-005	3.65283347516163E-005
3708800000000000000000	6.196	0.0445822426	0.955417607	8.05375570825937E-005	3.64834937962199E-005
3715000000000000000000	6.205	0.0445635522	0.9554362982	8.04608823599173E-005	3.64255198040763E-005
3722300000000000000000	6.214	0.044544861	0.9554549902	8.03842046402907E-005	3.63871065054614E-005
3728600000000000000000	6.224	0.0445074765	0.9554923755	8.03090950347769E-005	3.63298390936859E-005
3734900000000000000000	6.234	0.0444700891	0.9555297638	8.02535440458271E-005	3.62725672016001E-005
3742200000000000000000	6.243	0.0444513943	0.9555484595	8.01768547730293E-005	3.62145822803507E-005
3748500000000000000000	6.253	0.0444140026	0.9555858523	8.01408609914825E-005	3.6137736877751E-005
3754800000000000000000	6.263	0.0443953056	0.9556045502	8.00837310380312E-005	3.60797459159857E-005
3762100000000000000000	6.273	0.0443579094	0.9556419474	8.00281647154755E-005	3.60028907277445E-005
3769400000000000000000	6.284	0.0443392102	0.9556606475	7.9990596377497E-005	3.59253265531029E-005
3775700000000000000000	6.294	0.0443018096	0.9556980491	7.99545910865639E-005	3.58484608102264E-005
3783000000000000000000	6.305	0.0442644061	0.9557354537	7.99185829803779E-005	3.57715890519419E-005
3790400000000000000000	6.315	0.0442457033	0.9557541575	0.000079881	3.56744436773195E-005
3797700000000000000000	6.326	0.0441996456	0.9558002163	7.98293732376641E-005	3.55905955684586E-005
3805000000000000000000	6.337	0.0441622418	0.9558376213	7.97933637585075E-005	3.54941544526563E-005
3812300000000000000000	6.347	0.0441435388	0.9558563254	7.97557908350302E-005	0.000035397
3819700000000000000000	6.358	0.0441061306	0.9558937347	7.97393443009176E-005	3.53005588021731E-005
3827000000000000000000	6.369	0.0440687194	0.955931147	7.9703327776306E-005	3.52040968989871E-005
3835300000000000000000	6.38	0.0440500128	0.9559498549	7.96853185050942E-005	3.51069404219398E-005
3842700000000000000000	6.392	0.0440125972	0.9559872716	7.96492977543877E-005	3.501046527828E-005
3851000000000000000000	6.403	0.0439751787	0.9560246912	7.96132741853613E-005	3.48944119647245E-005
3859400000000000000000	6.414	0.0439377573	0.9560621139	7.95772477976819E-005	3.47979209503882E-005
3867800000000000000000	6.425	0.0439190456	0.9560808268	7.95592335944298E-005	3.46811714463296E-005
3876100000000000000000	6.436	0.0438816198	0.9561182539	7.95232029773483E-005	3.45846664191421E-005
3884500000000000000000	6.448	0.043844191	0.9561556838	7.94871695392256E-005	3.4468580536463E-005
3892900000000000000000	6.459	0.0437981863	0.9562016898	7.94355845076666E-005	3.43457627028714E-005
3902300000000000000000	6.47	0.0437794729	0.9562204045	7.93784273561026E-005	0.000034229
3911700000000000000000	6.482	0.0437420438	0.9562578348	7.93423917799751E-005	3.41129227608526E-005
3921100000000000000000	6.493	0.0437046118	0.9562952681	7.92867812306387E-005	3.3996825227751E-005
3930500000000000000000	6.504	0.0436671769	0.9563327043	7.92311663288712E-005	3.38807186055524E-005
3939900000000000000000	6.516	0.0436484584	0.9563514241	0.000079174	3.37639420091511E-005
3950400000000000000000	6.527	0.043611019	0.9563888647	7.91183747642839E-005	3.36478194507185E-005
3959800000000000000000	6.538	0.0435735768	0.9564263082	7.90431729965236E-005	3.35316878016456E-005
3970300000000000000000	6.549	0.0435361316	0.9564637547	0.000078968	3.34155470569194E-005
3981700000000000000000	6.56	0.0435174079	0.9564824796	7.8891207386563E-005	3.32987453510034E-005
3992200000000000000000	6.571	0.0434799584	0.9565199304	7.87964126081396E-005	3.31825886635519E-005
4003700000000000000000	6.582	0.0434425058	0.9565573843	7.87211879272885E-005	3.30664228821662E-005
4015200000000000000000	6.593	0.0433965541	0.9566033373	7.8591413937355E-005	3.29437981710008E-005
4026700000000000000000	6.604	0.0433778288	0.9566220639	7.84950782917332E-005	3.28465689210794E-005
4039300000000000000000	6.614	0.043340376	0.9566595179	7.838069797151E-005	3.27304013507404E-005
4051800000000000000000	6.625	0.0433029202	0.956696975	7.82467323305763E-005	3.26142246841982E-005
4065400000000000000000	6.635	0.0432654615	0.9567344349	7.81127561971257E-005	3.25176160509839E-005
4077900000000000000000	6.645	0.043246731	0.9567531666	7.79772429409154E-005	3.2400787614164E-005
4091500000000000000000	6.655	0.0432092679	0.9567906309	7.78236701021452E-005	3.23041649480603E-005
4106100000000000000000	6.665	0.0431718019	0.9568280982	7.7670085235762E-005	0.000032188
4120800000000000000000	6.674	0.0431530678	0.9568468335	7.74953911782071E-005	3.20906887673273E-005
4135400000000000000000	6.683	0.0431155973	0.9568843051	7.73026240351606E-005	0.000031994
4151100000000000000000	6.693	0.0430781239	0.9569217796	7.7109841787347E-005	3.18973926540346E-005
4166700000000000000000	6.702	0.0430593861	0.9569405186	7.69155383071121E-005	3.18196918913078E-005
4182400000000000000000	6.711	0.0430219083	0.9569779975	7.66835653402145E-005	0.000031723
4199200000000000000000	6.718	0.0429947489	0.9570051581	7.64546878556795E-005	3.16391230665245E-005
4216900000000000000000	6.728	0.0429572737	0.9570426344	7.62031492012064E-005	0.000031562
4234700000000000000000	6.734	0.0429385351	0.9570613742	7.59501037318215E-005	3.14843430783112E-005
4252400000000000000000	6.743	0.0429197956	0.9570801146	7.56774681478274E-005	3.14262189850616E-005
4271200000000000000000	6.75	0.0428823146	0.9571175968	7.53867174201869E-005	3.13491258674595E-005
4290100000000000000000	6.757	0.042863573	0.9571363395	7.50944734428442E-005	0.000031291
4309900000000000000000	6.763	0.0428448306	0.9571550828	7.47826362797746E-005	3.12328632799792E-005
4330800000000000000000	6.77	0.0428073437	0.9571925708	7.44526627294026E-005	3.11949215486424E-005
4351700000000000000000	6.775	0.0427885991	0.9572113164	7.41212117979723E-005	3.11367838200201E-005
4372600000000000000000	6.78	0.0427698539	0.9572300627	7.37505813468642E-005	3.10982270788158E-005
4394500000000000000000	6.786	0.0427511078	0.9572488097	7.33799363755331E-005	3.10596688261531E-005
4416500000000000000000	6.789	0.0427323611	0.9572675575	7.29896928568179E-005	3.10406930984857E-005
4439400000000000000000	6.796	0.0427136136	0.957286306	7.25798496305818E-005	3.10021322086376E-005
4462400000000000000000	6.799	0.0426948654	0.9573050552	7.21504055480964E-005	3.09831546083302E-005
4486500000000000000000	6.803	0.0426761164	0.9573238051	7.17209446447086E-005	3.09641762652333E-005
4511500000000000000000	6.805	0.0426573667	0.9573425558	7.12718813515695E-005	3.0964782747137E-005
4536600000000000000000	6.809	0.0426386163	0.9573613072	7.07836285611838E-005	3.09458033001302E-005
4562700000000000000000	6.81	0.0426386164	0.9573613081	0.000070294	3.09458033310414E-005
4588800000000000000000	6.814	0.0426115192	0.9573884063	6.97724461345421E-005	3.09403493944924E-005
4615900000000000000000	6.815	0.0425927708	0.9574071556	6.92450747016258E-005	0.000030941
4643100000000000000000	6.817	0.0425927708	0.9574071565	6.87163369234049E-005	3.0960538237647E-005
4671300000000000000000	6.818	0.0425740217	0.9574259066	6.81693512134544E-005	3.09611445758321E-005
4700600000000000000000	6.82	0.0425740217	0.9574259075	6.76014365454334E-005	3.09807278722119E-005
4730900000000000000000	6.821	0.0425552719	0.9574446583	6.70152509858534E-005	3.10009182672723E-005
4762200000000000000000	6.821	0.0425552719	0.9574446592	6.64473251951051E-005	3.10205019478475E-005
4793500000000000000000	6.823	0.0425365213	0.9574634107	6.58219374824629E-005	3.10406935167223E-005
4825900000000000000000	6.823	0.0425365214	0.9574634117	6.52148324996221E-005	3.10602775809011E-005
4860300000000000000000	6.824	0.0425177701	0.9574821639	6.45894083991521E-005	3.10804703242736E-005
4894800000000000000000	6.825	0.0425177701	0.9574821648	6.39627071055382E-005	3.11000547714619E-005
4931400000000000000000	6.827	0.042499018	0.9575009178	6.32980766306717E-005	3.11202486900177E-005
4969000000000000000000	6.828	0.0424802652	0.9575196716	0.000062653	0.00003116
5003400000000000000000	6.834	0.0424615117	0.957538426	6.20470798467308E-005	3.11606389002994E-005
5036900000000000000000	6.833	0.0424615117	0.9575384268	6.14595128496727E-005	3.11802244922495E-005
5072400000000000000000	6.837	0.0424427575	0.9575571819	6.09123099938221E-005	3.12004211640381E-005
5110000000000000000000	6.84	0.0424240025	0.9575759377	6.03259130296931E-005	3.12206186264061E-005
5149700000000000000000	6.844	0.0424052467	0.9575946942	5.97394930946071E-005	3.1221230161575E-005
5190400000000000000000	6.848	0.0424052468	0.957594695	5.91714782909091E-005	3.12212301872589E-005
5231100000000000000000	6.855	0.0423677331	0.9576322095	5.86057592719195E-005	3.12224533019518E-005
5272900000000000000000	6.859	0.0423489751	0.9576509682	5.80584469164549E-005	3.12230649071623E-005
5317800000000000000000	6.868	0.0423302164	0.9576697276	5.75111131183674E-005	3.12236765363343E-005
5364700000000000000000	6.876	0.0422926968	0.957707248	5.69648737395434E-005	3.12248998421018E-005
5412800000000000000000	6.887	0.0422551743	0.9577447713	5.64381813457851E-005	3.12065334549933E-005
5463900000000000000000	6.898	0.0422093798	0.9577905665	5.59004964591292E-005	3.11820568896053E-005
5517200000000000000000	6.911	0.0421718584	0.9578280886	5.53934117506401E-005	3.1144103494879E-005
5573600000000000000000	6.926	0.042134334	0.9578656137	5.49058755636777E-005	3.11061471263362E-005
5634100000000000000000	6.943	0.042078042	0.9579219064	5.4419367196744E-005	3.10687963909417E-005
5698900000000000000000	6.963	0.0420217434	0.9579782057	5.39523921975469E-005	3.10314412639485E-005
5768800000000000000000	6.984	0.0419466682	0.9580532815	0.000053506	3.09750968930448E-005
5845000000000000000000	7.009	0.0418715813	0.9581283691	5.30791360307939E-005	3.08991500629612E-005
5928400000000000000000	7.038	0.0417882941	0.9582116569	5.26418875937528E-005	3.08171526553677E-005
6020300000000000000000	7.071	0.0416944217	0.9583055299	5.22355866439674E-005	3.07222054980273E-005
6119400000000000000000	7.109	0.0415817506	0.9584182016	5.18694127928772E-005	3.06278398924318E-005
6218500000000000000000	7.152	0.0414609276	0.9585390253	5.15322493134626E-005	3.05078753540157E-005
6317600000000000000000	7.195	0.0413482246	0.9586517287	5.12835562971305E-005	3.03938845307029E-005
6416700000000000000000	7.24	0.0412354951	0.9587644586	0.000051074	3.02798668961515E-005
6515800000000000000000	7.282	0.0411227391	0.958877215	5.09036003122989E-005	3.01854233657837E-005
6614800000000000000000	7.326	0.0410019189	0.9589980355	0.000050782	3.00654605869574E-005
6713900000000000000000	7.369	0.040889131	0.9591108237	5.06703756243157E-005	0.000029971
6812900000000000000000	7.412	0.0407763165	0.9592236384	5.05979196956554E-005	2.98568894600865E-005
6911900000000000000000	7.454	0.0406555045	0.9593444507	5.05155424877672E-005	2.97565360870899E-005
7011000000000000000000	7.495	0.0405614677	0.9594384876	5.04812853634573E-005	2.96614309727809E-005
7113100000000000000000	7.536	0.0404485993	0.9595513563	0.000050448	2.95668869080616E-005
7223500000000000000000	7.577	0.0403545219	0.9596454338	5.04137394842188E-005	2.94717426856402E-005
7337100000000000000000	7.621	0.0402337146	0.9597662414	5.03901785571795E-005	2.93517888327228E-005
7452800000000000000000	7.664	0.0401396143	0.9598603418	5.03755100752982E-005	2.9256621655253E-005
7603800000000000000000	7.707	0.0400266696	0.9599732867	5.03618263574719E-005	2.91423964046742E-005
7799600000000000000000	7.761	0.0398870438	0.9601129128	5.03196432627758E-005	2.9003410906331E-005
8053700000000000000000	7.829	0.0397363965	0.9602635604	5.02686990450202E-005	2.88314426828637E-005
8238000000000000000000	7.913	0.0395402643	0.960459693	5.02294726120937E-005	2.85960839783024E-005
