NH	T	H	H2	C	CO
682400006157000000	713	0.9935632293	0.000000009	1.19695570190832E-010	6.33676548286803E-018
2734000020770000000	443.3	0.9948870594	7.08490784600143E-009	1.38598197241468E-010	6.51491525994345E-018
3065000023110000000	434.5	0.9949358107	0.000000007	1.3990503559607E-010	6.53423518645263E-018
3554000026570000000	434.3	0.9949358107	0.000000007	1.40005039195076E-010	6.53923536640428E-018
4190000031080000000	434.6	0.9949328258	7.05423273991986E-009	1.40204625763647E-010	6.54521594595626E-018
5016000036940000000	433.6	0.9949407856	7.05528921708283E-009	1.40505759744881E-010	6.55626876076472E-018
6090000044560000000	433.3	0.9949397906	7.06428252139876E-009	1.40805631230598E-010	6.56626260412009E-018
7486000054500000000	433.2	0.9949417805	7.07829723838382E-009	1.4120592964959E-010	6.58227640901983E-018
9302000067440000000	433.2	0.9949457604	7.09632638065798E-009	1.41606512894753E-010	6.60330370511339E-018
11660000084340000000	433.2	0.9949487454	7.12134889538475E-009	1.42206967128733E-010	6.63032483870255E-018
14730000106400000000	433.5	0.9949532301	7.15566363260334E-009	1.42893282993155E-010	6.66568666502709E-018
18720000135300000000	433.7	0.9949611893	7.19971915911482E-009	1.43794390983432E-010	6.71373811587457E-018
23900000173100000000	434.1	0.9949721336	7.25879670100077E-009	1.44795944662476E-010	6.77781017211506E-018
30640000222800000000	434.6	0.9949890478	7.33591925107194E-009	1.4619839074519E-010	6.86292445748456E-018
39410000288300000000	435.2	0.9950129278	7.43709662694646E-009	1.47901921625035E-010	6.9760906372971E-018
50800000374900000000	435.8	0.9950467597	7.56935570242556E-009	1.50207058594837E-010	7.12733493079495E-018
61150000455500000000	436.4	0.9950930266	7.74194574644163E-009	1.52598930626065E-010	7.29394888588805E-018
68510000513800000000	434.9	0.9951800886	7.8848422409832E-009	1.53096936854094E-010	7.46585062411929E-018
74300000560300000000	435.2	0.9952388064	0.000000008	1.53505985505387E-010	7.58929592182658E-018
81820000621300000000	432.9	0.9953119357	8.06909676405163E-009	1.54101847978728E-010	7.72209260280167E-018
90000000688500000000	431.4	0.9953960103	8.1719672453497E-009	1.54599380339092E-010	7.88196840771492E-018
99010000763400000000	429.4	0.9954880459	8.28390052456987E-009	1.55098137537517E-010	8.05990321439319E-018
108900000847100000000	427.7	0.9955900357	8.41291580006414E-009	1.55498443707355E-010	8.26191731131938E-018
119800000940700000000	425	0.9957019829	8.5480170229656E-009	1.56000310667131E-010	8.4890169054697E-018
131800001046000000000	423	0.9958039745	8.71003476427465E-009	1.57000626635031E-010	8.7350348640573E-018
145000001163000000000	421.1	0.9959049707	8.89304438613609E-009	1.58500791094408E-010	9.00404494015173E-018
159500001296000000000	418	0.9960238955	9.0892180586215E-009	1.59803833839555E-010	9.31822355267193E-018
175500001445000000000	415.7	0.9961398363	9.32237280800916E-009	1.61406454753559E-010	9.66638656535256E-018
193000001614000000000	411.9	0.9962710986	9.56872241548685E-009	1.63395259973932E-010	1.00597081722017E-017
212300001805000000000	407.6	0.9964149364	9.84814762522982E-009	1.65402479408307E-010	1.0520157698763E-017
232200002008000000000	402.6	0.9965730824	1.01597255841864E-008	1.67195484023225E-010	1.10397018158876E-017
250100002196000000000	396.5	0.996735872	1.04803771837443E-008	1.68506064452377E-010	1.15804167736411E-017
264900002356000000000	391.4	0.9968750674	1.07797303905347E-008	1.69395763279832E-010	1.2059698377537E-017
278900002510000000000	386.6	0.9969910161	0.000000011	1.70398464536028E-010	1.2499887363265E-017
293900002679000000000	381.9	0.9971029801	1.1250033623538E-008	1.71500512572157E-010	1.29600387343158E-017
310100002866000000000	376.7	0.9972249191	1.15102876247072E-008	1.72504310622241E-010	1.34703366033715E-017
325600003050000000000	370.8	0.9973531127	1.17794462272654E-008	1.73091862643434E-010	1.40193409258286E-017
339000003211000000000	365.1	0.9974690664	0.000000012	1.7359461647681E-010	1.4549548788811E-017
351400003364000000000	359.9	0.9975680656	1.22696072220208E-008	1.74194423641078E-010	1.50295188709839E-017
364300003525000000000	355	0.9976580859	1.24794757062765E-008	1.74792656527014E-010	1.550934841381E-017
378400003705000000000	350	0.9977510975	1.27093770789869E-008	1.75591393789938E-010	1.60392138746617E-017
393000003894000000000	344.5	0.9978488817	0.000000013	1.76208631939301E-010	1.66308146943847E-017
406500004073000000000	338.8	0.9979458923	1.32206079731903E-008	1.76608121638836E-010	1.72307923886588E-017
418800004239000000000	333.4	0.9980319236	1.34604305526003E-008	1.77005661798681E-010	1.78005693786245E-017
430900004406000000000	328.5	0.9981079712	1.36801092537301E-008	1.77501417583121E-010	1.83501465501424E-017
443900004586000000000	323.7	0.9981820188	1.39097494310256E-008	1.78196789979063E-010	1.89296590028264E-017
457600004781000000000	318.6	0.998258059	1.41494055247539E-008	1.78792488185582E-010	1.95591782377516E-017
471200004976000000000	313.3	0.9983359257	1.4410518571013E-008	1.79306452448482E-010	2.02407283745526E-017
483800005161000000000	308	0.998408971	1.46701318159755E-008	1.79701614678309E-010	2.09101878849385E-017
495800005340000000000	303.1	0.9984740248	1.49096121277824E-008	1.8019531223517E-010	2.15594391331313E-017
508000005526000000000	298.5	0.9985349336	1.51405296893115E-008	1.80806325483984E-010	2.22107770409253E-017
521100005728000000000	293.8	0.9985949917	1.5389922813535E-008	1.8149908971128E-010	2.29098850979914E-017
534500005938000000000	288.9	0.9986570421	1.56493268340342E-008	1.82092167187069E-010	2.36689818633603E-017
547400006143000000000	283.4	0.9987199585	1.59103179532259E-008	1.82603649167759E-010	2.446048882061E-017
559200006334000000000	279.1	0.998773017	1.61895626197003E-008	1.83095053469247E-010	2.52193186700951E-017
571400006535000000000	274.9	0.9988219577	1.64403614176717E-008	1.83704038468752E-010	2.59605707057637E-017
584600006756000000000	270.5	0.9988720149	1.66995321342181E-008	1.84494831063667E-010	2.6779249733794E-017
598200006987000000000	265.3	0.9989239572	0.000000017	1.8550444896062E-010	2.76806638664687E-017
611000007209000000000	261.2	0.9989720115	1.72795158749655E-008	1.8599478893192E-010	2.85791992885714E-017
623500007429000000000	257	0.9990162664	1.75802862496044E-008	1.86703039977312E-010	2.94804800135574E-017
636300007657000000000	252.9	0.9990574223	1.78692384511187E-008	1.87592005228308E-010	3.03987044719647E-017
649900007903000000000	248.7	0.9990988828	1.81699796828738E-008	1.88599789113374E-010	3.13799649118646E-017
663600008158000000000	243.9	0.999142545	1.84707865143501E-008	1.89508069543549E-010	3.24513818294889E-017
676300008397000000000	240.2	0.9991804972	1.88296324676049E-008	1.90396283687306E-010	3.34993461319577E-017
689300008646000000000	236.4	0.9992155686	1.91502983779265E-008	1.91402982221156E-010	3.45505383267551E-017
703100008915000000000	232.3	0.9992519165	1.94690631589994E-008	1.92590732636019E-010	3.56882826987513E-017
716900009188000000000	228.6	0.9992859902	1.9839721850274E-008	1.93597285797029E-010	3.68894828153532E-017
730700009469000000000	224.5	0.9993204659	2.02004137004325E-008	1.94803989546745E-010	3.81507813203713E-017
744200009746000000000	220.9	0.9993518107	2.05790076683144E-008	1.95990549222042E-010	3.94180992363923E-017
757800010030000000000	217.3	0.9993813906	0.000000021	1.97296326153003E-010	4.07192417686278E-017
772000010330000000000	213.8	0.9994102726	2.13502194514332E-008	1.98802043416624E-010	4.21004327356129E-017
786600010650000000000	210.2	0.9994389564	2.17708485891436E-008	2.00307807643797E-010	4.35816987374772E-017
801100010970000000000	206.6	0.9994667955	2.22092621592286E-008	2.01793295980744E-010	4.51285007314717E-017
815400011300000000000	203.2	0.999492881	2.2659838601674E-008	2.03398551261275E-010	4.67096673029211E-017
829800011630000000000	199.9	0.9995175684	2.31104062090678E-008	2.05103605083505E-010	4.83408496817974E-017
844700011980000000000	196.8	0.9995407577	2.3590961954737E-008	2.06908436983259E-010	5.00520409425428E-017
860400012360000000000	193.1	0.9995650911	2.4069159406992E-008	2.09092697631991E-010	5.19381861071527E-017
875700012740000000000	190.2	0.9995872806	2.4629686596351E-008	2.11097313864787E-010	5.38793144056595E-017
891200013130000000000	187.2	0.9996078717	2.51801982895291E-008	2.13701682862286E-010	5.58804400484069E-017
908000013560000000000	183.8	0.9996301631	2.57307764073946E-008	2.15606505768919E-010	5.81017531779879E-017
923400013970000000000	180.5	0.9996513906	2.63487187579796E-008	2.17889404833539E-010	6.038706359751E-017
938000014360000000000	177.6	0.9996693832	2.69491746289761E-008	2.20293253089552E-010	6.26080825053875E-017
953700014790000000000	174.9	0.9996862768	2.75296220862869E-008	2.22896940175567E-010	6.49091089582595E-017
971100015280000000000	172.1	0.9997035708	2.81701006188105E-008	2.25900806879279E-010	6.75102411351046E-017
989200015810000000000	169.1	0.9997214651	2.89006205281134E-008	2.29204921281785E-010	7.04315122420425E-017
1007000016320000000000	166.2	0.9997386602	2.97011485523249E-008	2.32508991192442E-010	7.34828416035296E-017
1023000016840000000000	163.4	0.9997542807	3.048860574112E-008	2.35789217243559E-010	7.65564990337865E-017
1041000017370000000000	160.9	0.999768576	3.12790168604629E-008	2.3939247558807E-010	7.97174943771133E-017
1059000017970000000000	158.4	0.9997825717	3.2119440090066E-008	2.43295758839136E-010	8.31685501958528E-017
1078000018600000000000	155.7	0.9997964677	0.000000033	2.47999123809176E-010	8.69896926619362E-017
1098000019290000000000	153.2	0.9998099641	3.40503393439794E-008	2.52902520413873E-010	9.11609085050561E-017
1119000020010000000000	150.6	0.9998232607	3.5150817778503E-008	2.58206007124025E-010	9.56622255673285E-017
1139000020740000000000	148.1	0.9998356578	3.63212953510546E-008	2.63809408414323E-010	1.00403580761175E-016
1160000027580000000000	146.9	0.9998464653	3.27615225065785E-007	2.68512478419302E-010	1.4670681781792E-016
1164000027640000000000	144.8	0.9998549919	1.46393410153344E-008	2.71687770072838E-010	1.05195264673031E-016
1165000027650000000000	144.7	0.9998555918	1.45993515756395E-008	2.726878886765E-010	1.05695305585281E-016
1166000027670000000000	144.9	0.9998550919	1.45993442762916E-008	2.73487716408613E-010	1.05895243757485E-016
1168000027690000000000	144.9	0.9998550919	1.46393424792027E-008	2.74187684958838E-010	1.06195230279462E-016
1169000027720000000000	144.9	0.9998550918	1.46893402328371E-008	2.75287635541189E-010	1.06495216800351E-016
1172000027750000000000	144.9	0.9998554917	1.47293443272142E-008	2.76087710030132E-010	1.06995237135908E-016
1175000027800000000000	144.6	0.9998569913	1.48093629780653E-008	2.76788094012726E-010	1.07695367504229E-016
1179000027860000000000	144.2	0.9998588909	1.48893878244574E-008	2.77888574641821E-010	1.0859553510652E-016
1184000027930000000000	143.7	0.9998612904	0.000000015	2.79489179579207E-010	1.09795749258665E-016
1191000028040000000000	143	0.9998641897	1.51394577782002E-008	2.81689911236392E-010	1.1129601391768E-016
1200000028170000000000	142.3	0.9998677889	1.53295061549005E-008	2.84390838255297E-010	1.13396346899264E-016
1211000028350000000000	141.3	0.9998724879	1.55895710437549E-008	2.87792081231088E-010	1.16096805527899E-016
1226000028590000000000	140	0.9998781867	1.59196526981303E-008	2.92793612437974E-010	1.19697388691344E-016
1246000028910000000000	138.5	0.9998852853	1.6379758949243E-008	2.99395593980669E-010	1.24598166366036E-016
1271000029340000000000	136.6	0.9998937837	0.000000017	3.0839808268912E-010	1.31099184956367E-016
1302000029890000000000	134.4	0.9999036318	1.78800649425415E-008	3.20101162645835E-010	1.39900508135434E-016
1333000030480000000000	132.2	0.9999134698	0.000000019	3.34104500708365E-010	1.50202023365449E-016
1363000031100000000000	130.3	0.9999218381	2.02304418281965E-008	3.49707637534371E-010	1.61103518463789E-016
1397000031830000000000	128.5	0.9999293864	2.1490631577641E-008	3.67610803533776E-010	1.73305093178464E-016
1438000032770000000000	126.9	0.9999368345	2.31408524363415E-008	3.90014366904632E-010	1.88406940320084E-016
1485000033950000000000	125.2	0.9999441822	2.53411196887575E-008	4.19818549539873E-010	2.07709177559389E-016
1538000035470000000000	123.7	0.9999510741	2.82786163759399E-008	4.5817758215897E-010	2.32188639409238E-016
1590000037130000000000	122.5	0.9999568797	3.21986115250341E-008	5.03778275972428E-010	2.60988745591115E-016
1632000038680000000000	121.8	0.9999610651	3.64485808216553E-008	5.48478644188694E-010	2.89388732230097E-016
1669000040150000000000	121.3	0.9999638011	4.02285437174649E-008	5.91378591958954E-010	3.15588575620977E-016
1708000041850000000000	121	0.9999659972	0.000000044	6.35478391192786E-010	3.42588350625725E-016
1753000044060000000000	120.8	0.9999679022	4.88784310571069E-008	6.90277842854355E-010	3.7548794725744E-016
1798000046580000000000	120.5	0.9999695553	5.55883075811786E-008	7.5677695947897E-010	4.14787371553748E-016
1836000048950000000000	120.4	0.9999709278	6.30581667061359E-008	8.22276093917785E-010	4.54386789585603E-016
1867000051160000000000	120.2	0.999971741	6.97580286548522E-008	8.8307504451118E-010	4.90386141805325E-016
1900000053670000000000	120.1	0.9999725946	7.61279136285025E-008	9.43674137543909E-010	5.26585568327458E-016
1940000056980000000000	120	0.9999732667	0.000000084	0.000000001	5.70384751328354E-016
1982000060990000000000	119.9	0.9999739351	9.55875084551955E-008	1.10797112007905E-009	6.24483722463329E-016
2016000064770000000000	119.9	0.9999744018	1.08897212351151E-007	1.2009692565081E-009	6.80182588073946E-016
2045000068210000000000	119.9	0.9999746894	1.21196932360206E-007	1.28296752655234E-009	7.29981523291668E-016
2073000071890000000000	119.9	0.999974919	1.31596699344226E-007	1.35896591496051E-009	7.76980512085588E-016
2108000076990000000000	119.7	0.9999752165	1.44096428699702E-007	1.45696389046124E-009	8.33979330572873E-016
2149000083640000000000	119.7	0.9999753875	1.63095985702194E-007	1.57996111225915E-009	9.08277644471509E-016
2184000090220000000000	119.6	0.9999756523	1.88295415326739E-007	1.71295829237761E-009	9.90175890900356E-016
2210000095740000000000	119.5	0.9999757497	2.10894885609219E-007	1.82895564617952E-009	1.06197424616875E-015
2234000101300000000000	119.4	0.9999758216	0.000000229	1.93095331147988E-009	1.1239728234611E-015
2265000109000000000000	119.3	0.9999759608	2.49793995002319E-007	0.000000002	1.19697122505114E-015
2302000119400000000000	119	0.9999760897	2.80893283588785E-007	2.20794720599515E-009	1.2939690600352E-015
2336000130300000000000	118.9	0.9999761473	3.23292288412057E-007	2.38094320664741E-009	1.40296653461836E-015
2361000139500000000000	118.7	0.9999763066	0.000000364	2.53693988974625E-009	1.50296438876177E-015
2384000148600000000000	118.7	0.9999763545	3.96090634001259E-007	2.67193681911478E-009	1.58696247452663E-015
2412000160700000000000	118.6	0.9999763707	4.29889841746029E-007	2.82393327073921E-009	1.6809602790767E-015
2448000178000000000000	118.6	0.9999763786	0.000000482	0.000000003	1.80795729243284E-015
2481000196500000000000	118.5	0.9999763715	5.59086789282348E-007	3.25892299458267E-009	1.95795373531539E-015
2505000211700000000000	118.4	0.9999763893	6.31285094538247E-007	3.46491818877717E-009	2.09095062993739E-015
2526000226200000000000	118.4	0.9999763798	6.90783683136777E-007	3.63591411679983E-009	2.2009480118472E-015
2551000244500000000000	118.2	0.9999763394	7.51182226127111E-007	3.82290954537266E-009	2.31694517829675E-015
2581000270100000000000	118.1	0.999976379	8.41580120531025E-007	4.05690416943247E-009	2.46894167964722E-015
2609000297200000000000	117.8	0.9999762799	9.60677212064056E-007	4.32589738668586E-009	2.63993737883742E-015
2632000322300000000000	117.7	0.9999762036	0.000001097	4.56989125029792E-009	2.80193332239273E-015
2650000344500000000000	117.5	0.9999760996	0.000001211	4.78288568424926E-009	2.93592982834117E-015
2670000370300000000000	117.4	0.9999760666	0.000001324	0.000000005	3.06592662011227E-015
2693000403600000000000	117.2	0.9999759886	0.000001462	5.22087463635823E-009	3.21592277926222E-015
2717000444000000000000	117	0.9999758236	0.000001667	5.49586712642049E-009	3.39791784854018E-015
2737000481500000000000	116.8	0.9999756596	0.000001911	5.76585965321018E-009	3.57291303172389E-015
2752000514800000000000	116.7	0.9999754846	2.1559471447998E-006	0.000000006	3.7229087291696E-015
2766000546900000000000	116.6	0.9999753326	2.36794158761692E-006	6.18084753085311E-009	3.84690510454488E-015
2781000586400000000000	116.5	0.9999751476	2.60293530924876E-006	6.37584154121018E-009	3.9759011869278E-015
2798000635400000000000	116.5	0.9999748766	2.91392679050332E-006	6.59983418576592E-009	4.1248963661037E-015
2813000687600000000000	116.4	0.9999745266	3.31391558131448E-006	6.83782581322523E-009	4.28089094858397E-015
2826000736900000000000	116.3	0.9999740947	3.7859019224248E-006	7.05081734152595E-009	4.42888526529832E-015
2837000781200000000000	116.3	0.9999736737	4.23688845543764E-006	7.23080963447475E-009	4.55088018897726E-015
2847000826800000000000	116.2	0.9999732937	4.64687589588545E-006	7.39080261383459E-009	4.65687562882258E-015
2858000883700000000000	116.2	0.9999728937	5.10686156830347E-006	7.5637949682098E-009	4.76987070311485E-015
2870000954600000000000	116.1	0.9999722888	5.74184088210548E-006	7.75778501626163E-009	4.90286413182918E-015
2881001028000000000000	116	0.9999714728	6.56781263344119E-006	0.000000008	5.04085619445448E-015
2890001094000000000000	116	0.9999706389	7.45178120080038E-006	8.13176123522661E-009	5.16084846716731E-015
2898001156000000000000	115.9	0.9999698069	8.29374957852523E-006	8.28174994084229E-009	5.26584100319675E-015
2905001223000000000000	115.9	0.999969077	9.07371940430114E-006	8.41173987535609E-009	5.3548344071008E-015
2914001309000000000000	115.8	0.999968141	1.00096810915604E-005	8.56472712779371E-009	5.45882608180103E-015
2923001412000000000000	115.7	0.9999669711	1.12196294156404E-005	8.73171159156613E-009	5.57281592988984E-015
2931001522000000000000	115.6	0.9999654312	1.28095571736085E-005	8.90469216479186E-009	5.69680306151816E-015
2938001621000000000000	115.6	0.9999638477	1.44209207757915E-005	9.05457813481391E-009	5.79837022593893E-015
2944001719000000000000	115.5	0.9999623077	0.000015991	9.18257216607167E-009	5.89036702876956E-015
2951001830000000000000	115.5	0.9999607376	1.75810678740627E-005	9.30956546300622E-009	5.97836312577626E-015
2958001964000000000000	115.4	0.9999589276	1.94311450773794E-005	9.44655668558548E-009	6.07335790298122E-015
2965002122000000000000	115.3	0.9999565575	2.18212342090069E-005	9.59254255420687E-009	6.17834944744475E-015
2971002287000000000000	115.3	0.9999535975	2.4811329887282E-005	9.741522145587E-009	6.28933710846901E-015
2977002440000000000000	115.2	0.9999506575	2.77914079127249E-005	9.86649983688173E-009	6.37732307518699E-015
2982002598000000000000	115.2	0.9999476175	3.08214677182927E-005	0.00000001	6.46530787796115E-015
2987002775000000000000	115.1	0.9999445275	3.39515118608232E-005	1.01004497730284E-008	6.54329137276483E-015
2993002989000000000000	115	0.9999406676	3.78215382019587E-005	1.02204156643051E-008	6.63526985642506E-015
2998003224000000000000	115	0.9999360977	4.24415321393102E-005	1.03503736484887E-008	6.72124263685919E-015
3004003468000000000000	114.9	0.9999305879	4.79814677530986E-005	1.04703202870976E-008	6.81020832427264E-015
3008003705000000000000	114.9	0.9999245981	5.39913281866734E-005	1.05802602744028E-008	6.89016949816965E-015
3012003943000000000000	114.8	0.9999184785	6.01411114077388E-005	1.0670197185244E-008	6.96012862317695E-015
3016004200000000000000	114.8	0.9999120201	6.66274642748227E-005	1.07612055778609E-008	7.02678721097124E-015
3020004494000000000000	114.8	0.99990474	7.39377449787865E-005	1.08611377041745E-008	7.09274296482556E-015
3024004826000000000000	114.7	0.99989594	8.2767941583995E-005	0.000000011	7.15968697196496E-015
3028005178000000000000	114.7	0.9998854602	0.000093278	1.10509445242285E-008	7.22661765901132E-015
3030005416000000000000	114.6	0.9998734907	0.0001053077	1.11208173800774E-008	7.28553548685828E-015
3031005570000000000000	114.6	0.9998656312	0.0001132074	1.11607325904872E-008	7.31548018811955E-015
3032005682000000000000	114.6	0.9998604176	0.000118419	1.11917956116879E-008	7.33317653484325E-015
3033005815000000000000	114.6	0.9998566175	0.0001222191	1.12117562094927E-008	7.34915117103943E-015
3035005996000000000000	114.6	0.9998515275	0.0001273193	1.12417036801927E-008	7.37211724436838E-015
3036006236000000000000	114.5	0.9998451475	0.0001337194	1.12816377553529E-008	7.39507354282621E-015
3038006501000000000000	114.5	0.9998363777	0.0001425194	1.1331545622823E-008	7.42701304457928E-015
3040006730000000000000	114.5	0.9998262981	0.0001526193	1.13714364398511E-008	7.45594183457254E-015
3041006910000000000000	114.5	0.9998173086	0.000161619	1.14013377189546E-008	7.48087773138422E-015
3042007079000000000000	114.5	0.9998103001	0.0001686355	1.14324046920029E-008	7.49957746112317E-015
3043007291000000000000	114.5	0.99980361	0.0001753357	1.14523322674663E-008	7.51853114886847E-015
3045007581000000000000	114.4	0.99979504	0.0001839359	1.14922419065511E-008	7.54347158043591E-015
3046007910000000000000	114.4	0.9997841002	0.0001949359	1.15321235252259E-008	7.56639327565778E-015
3048008223000000000000	114.4	0.9997701209	0.0002089356	1.15719690862597E-008	7.59729275533525E-015
3049008470000000000000	114.4	0.9997573975	0.0002216571	1.16029873051116E-008	7.62196235042674E-015
3050008699000000000000	114.4	0.9997469175	0.0002321573	1.1632873086995E-008	7.64388788743044E-015
3051008966000000000000	114.3	0.9997375276	0.0002415574	1.16527685812872E-008	7.66282060954862E-015
3052009329000000000000	114.3	0.999726868	0.0002522572	1.16826511440241E-008	7.68274344496997E-015
3054009794000000000000	114.3	0.9997117701	0.0002673834	1.17336592589765E-008	7.71240519068277E-015
3056010250000000000000	114.3	0.99969181	0.0002873839	1.17634337463105E-008	7.74726142561013E-015
3057010590000000000000	114.2	0.9996732907	0.0003059836	1.18032267661333E-008	7.77312501691713E-015
3058010900000000000000	114.2	0.9996584675	0.000320815	1.1824240054241E-008	7.79679585302494E-015
3059011260000000000000	114.2	0.9996462675	0.0003330154	1.18541061438272E-008	7.81370658982565E-015
3060011740000000000000	114.2	0.9996309878	0.0003483153	1.18839348896813E-008	7.84059609977459E-015
3062012340000000000000	114.2	0.9996106801	0.0003686515	1.19248992255978E-008	7.87323463971938E-015
3064012940000000000000	114.1	0.9995867201	0.0003927519	0.000000012	7.9060586959883E-015
3065013480000000000000	114.1	0.9995619976	0.000417493	0.000000012	7.93766879051498E-015
3066013980000000000000	114	0.9995410175	0.0004384935	0.000000012	7.96351366149772E-015
3067014570000000000000	114.1	0.9995202583	0.0004592931	1.20650728805434E-008	7.99336088851919E-015
3069015280000000000000	114	0.9994982299	0.0004813399	1.21060346161355E-008	8.0229993046934E-015
3070016160000000000000	114	0.9994698208	0.0005098397	1.21357046306757E-008	8.06479101631304E-015
3072016980000000000000	113.9	0.9994373275	0.0005423916	1.21765464766823E-008	8.10135553177455E-015
3073017680000000000000	114	0.9994051298	0.0005746479	1.22073914534512E-008	8.14393106882286E-015
3074018320000000000000	113.9	0.9993807301	0.0005990481	1.22471166770299E-008	8.17074793992041E-015
3075019110000000000000	113.9	0.9993573073	0.0006225094	1.2278075658703E-008	8.20639759388943E-015
3077020180000000000000	113.8	0.9993292476	0.0006506097	1.2317756121497E-008	8.24519174988915E-015
3079021460000000000000	113.8	0.9992948797	0.0006850764	1.23585937953675E-008	8.28976445350803E-015
3081022790000000000000	113.8	0.9992505771	0.0007294479	1.24093211374792E-008	8.35027222347794E-015
3082023900000000000000	113.7	0.9992089296	0.0007712244	1.24500792106265E-008	8.40480427739885E-015
3084024950000000000000	113.7	0.9991739801	0.0008062245	1.24796669996513E-008	8.44954518669251E-015
3085026170000000000000	113.6	0.9991454269	0.0008348064	1.25306027695334E-008	8.49018396916551E-015
3087027840000000000000	113.7	0.9991071093	0.0008731928	1.25614047506012E-008	8.54876159162427E-015
3089029790000000000000	113.6	0.9990576167	0.0009227845	1.26220985338867E-008	8.6262684508355E-015
3091031660000000000000	113.5	0.999004949	0.0009754813	1.26727481510025E-008	8.69975151503655E-015
3093033430000000000000	113.5	0.9989594264	0.0010210829	1.27234936467172E-008	8.76930010584125E-015
3095035430000000000000	113.5	0.9989185273	0.0010620829	1.27630135515075E-008	8.8310043569725E-015
3097038060000000000000	113.3	0.9988715394	0.0011091899	1.28337674240041E-008	8.91155987585682E-015
3100041280000000000000	113.4	0.9988103784	0.0011704183	1.2895627178928E-008	9.0149244657661E-015
3102044490000000000000	113.2	0.9987423856	0.0012385407	0.000000013	9.13135895397079E-015
3105047460000000000000	113.2	0.9986803482	0.0013006675	0.000000013	9.23684200091886E-015
3107050580000000000000	113.2	0.9986422951	0.0013387995	1.30976047524999E-008	9.30050098938986E-015
3110054810000000000000	113.1	0.9985832075	0.0013979364	1.31782541222625E-008	9.41804559421574E-015
3113060070000000000000	113.1	0.9985031066	0.0014782253	1.32599610149134E-008	9.58242499929694E-015
3117064960000000000000	113	0.9984300341	0.0015513774	1.33604741249681E-008	9.72790743446888E-015
3120070360000000000000	112.9	0.998346883	0.0016346966	1.34521908685787E-008	9.90533994783134E-015
3123075700000000000000	112.9	0.9982887852	0.0016928638	1.35429102704463E-008	1.00369793572391E-014
3127082900000000000000	112.9	0.9982237027	0.0017580357	1.36435592888732E-008	1.01976089251637E-014
3132092760000000000000	112.7	0.9981315414	0.0018503954	1.37852956038742E-008	1.04191187703701E-014
3138102900000000000000	112.7	0.9980332703	0.0019487749	1.3947016486696E-008	1.06706699413299E-014
3143113300000000000000	112.6	0.9979279793	0.0020541745	1.40886307745738E-008	1.09522570672896E-014
3147123800000000000000	112.6	0.9978024793	0.0021798116	1.4241435547928E-008	1.12849095193293E-014
3152133200000000000000	112.4	0.997682318	0.0023002621	1.43728796870296E-008	1.15764825931097E-014
3155142200000000000000	112.4	0.9975869362	0.0023957323	1.44946815695383E-008	1.18283016957504E-014
3160153800000000000000	112.3	0.9974945643	0.0024882226	1.46265785865266E-008	1.20902356239555E-014
3166169600000000000000	112.3	0.9973871825	0.0025957332	1.47883604153831E-008	1.23821187206767E-014
3173189700000000000000	112.1	0.9971723985	0.0028108148	0.000000015	1.29159095867878E-014
3178203900000000000000	112.1	0.9968285764	0.0031549018	1.51776354642336E-008	1.37130387836135E-014
3180213300000000000000	112	0.9965067877	0.0034768865	1.52822458724315E-008	1.44594328970281E-014
3182219300000000000000	111.9	0.9962419545	0.0037420554	1.53275714312257E-008	1.50063649572249E-014
3183223200000000000000	111.7	0.9959723961	0.0040120017	1.53713078464934E-008	1.55620686884813E-014
3184225700000000000000	111.7	0.9958462757	0.0041382298	1.53940943895776E-008	1.58359340198068E-014
3184228600000000000000	111.6	0.9957609064	0.004223649	1.54244529274919E-008	1.60370125815134E-014
3185232400000000000000	111.6	0.9956511416	0.0043335028	1.54459497260046E-008	1.62895516616252E-014
3186237700000000000000	111.6	0.9954864984	0.004498273	1.54697195508606E-008	1.66851975155711E-014
3187242700000000000000	111.5	0.9952808256	0.0047041236	1.55029104981309E-008	1.71607071489356E-014
3188247000000000000000	111.5	0.9950500431	0.0049350543	1.55256747782338E-008	1.77264014943718E-014
3189250200000000000000	111.4	0.9948711667	0.005114068	1.55492593954088E-008	1.81424778336864E-014
3189253700000000000000	111.3	0.9947187721	0.0052666313	1.55716965947504E-008	1.84869916318567E-014
3190258000000000000000	111.3	0.994562242	0.0054232397	1.55840221906824E-008	1.8891856578253E-014
3191263500000000000000	111.2	0.9943641935	0.0056214562	1.56173907016711E-008	1.93683802262836E-014
3192269600000000000000	111.2	0.9941074565	0.0058783406	1.56313162739143E-008	2.00370540654036E-014
3193274800000000000000	111.1	0.9938230932	0.006162971	1.56665238031297E-008	2.06773965417029E-014
3194279100000000000000	111	0.9935847514	0.0064014915	1.56892396180331E-008	2.12645050114843E-014
3194283500000000000000	111	0.9933912456	0.0065950952	1.57026075901151E-008	2.17823351442366E-014
3195289500000000000000	111	0.9931916786	0.0067947802	1.57259544040953E-008	2.23103168754643E-014
3196297400000000000000	110.9	0.9929283262	0.0070582501	1.57599678549021E-008	2.30407708958569E-014
3198306100000000000000	110.8	0.9925705395	0.0074163243	1.57957028918547E-008	2.38849563498645E-014
3199313400000000000000	110.8	0.9921986279	0.0077884317	1.58227714150528E-008	2.48830717348824E-014
3199319600000000000000	110.7	0.9918979509	0.0080892257	1.58477851288739E-008	2.57375289020453E-014
3200326400000000000000	110.7	0.9916449526	0.0083423619	1.58719661931557E-008	2.64196641842871E-014
3201335600000000000000	110.5	0.9913638982	0.0086236253	1.5905797816613E-008	2.70812093453431E-014
3202347800000000000000	110.5	0.9910048602	0.0089828103	1.59416379459898E-008	2.8109748935144E-014
3204361000000000000000	110.5	0.9905447142	0.0094431324	0.000000016	2.94448072078788E-014
3205372900000000000000	110.3	0.9900543021	0.0099338714	0.000000016	3.06014948012151E-014
3206383500000000000000	110.3	0.9896422896	0.0103460307	1.60646374732665E-008	3.17857543967902E-014
3207395500000000000000	110.2	0.9892850064	0.0107034412	1.60905366793335E-008	3.28279291045698E-014
3209411700000000000000	110.2	0.9888963822	0.0110922222	1.61378182622205E-008	3.39541314063511E-014
3210433200000000000000	110	0.9883752303	0.0116136619	1.61964047461516E-008	3.52152935173976E-014
3212456200000000000000	110	0.9877310203	0.0122580679	1.62563641995667E-008	3.71487276540534E-014
3214477200000000000000	109.9	0.9870747699	0.0129145237	1.63077514581586E-008	3.90677002323713E-014
3215497500000000000000	109.7	0.9865004598	0.013489132	1.63774886270452E-008	4.03559156639196E-014
3217521400000000000000	109.7	0.985976772	0.0140129566	1.64261864520404E-008	4.19476131803031E-014
3219553700000000000000	109.7	0.9853796456	0.0146102419	1.6497398103118E-008	4.37799955811527E-014
3222594900000000000000	109.6	0.9845972048	0.0153928984	1.65808728004313E-008	4.60873127012602E-014
3224637400000000000000	109.4	0.9836471667	0.0163433007	1.66888680277135E-008	4.83692587965217E-014
3227675500000000000000	109.3	0.9827385758	0.0172520922	1.67739976352875E-008	5.10747374934981E-014
3229712900000000000000	109.3	0.9819720709	0.0180187701	1.68480590634354E-008	5.33437036207864E-014
3231758500000000000000	109.2	0.9812462799	0.0187447379	1.69415756174896E-008	5.54192251107296E-014
3234819500000000000000	109	0.9803736086	0.0196176685	1.70583988268022E-008	5.75478798436772E-014
3238891800000000000000	108.9	0.9792710509	0.0207204527	1.71785822246418E-008	6.08038112371902E-014
3241963000000000000000	108.9	0.9780294743	0.0219622293	1.73122458678045E-008	6.46092198206967E-014
3244029000000000000000	108.6	0.9768795968	0.0231123901	1.74545097619983E-008	6.72909206944097E-014
3247097000000000000000	108.6	0.9758743681	0.0241177892	1.75634855843386E-008	7.01822546410917E-014
3251183000000000000000	108.5	0.974844609	0.0251476898	1.76946239894043E-008	7.33824556872281E-014
3255294000000000000000	108.4	0.9735920791	0.0264004094	1.78603080395247E-008	7.70764672809144E-014
3259417000000000000000	108.2	0.9720324422	0.0279603241	1.80508562665753E-008	8.09615853960974E-014
3263534000000000000000	108.2	0.9703921454	0.0296008214	1.82341059900355E-008	8.57754584997096E-014
3266644000000000000000	108	0.9689360744	0.0310570975	1.84053516320157E-008	8.95211556689975E-014
3270767000000000000000	107.9	0.9675956032	0.0323977273	1.85734580679561E-008	9.33112362524663E-014
3274924000000000000000	107.8	0.9661148516	0.0338786342	1.87640284179773E-008	9.76556542348286E-014
3281116000000000000000	107.7	0.9642711211	0.0357225682	0.000000019	1.02631176571732E-013
3286313000000000000000	107.6	0.9621113932	0.0378824874	1.92629853922555E-008	1.08977018652307E-013
3290497000000000000000	107.4	0.9599868316	0.040007251	1.95200442307355E-008	1.14395570878045E-013
3294680000000000000000	107.3	0.9581007717	0.0418934668	1.97433771466482E-008	1.19606316434576E-013
3299895000000000000000	107.2	0.9562422742	0.0437521023	0.00000002	1.24827085784309E-013
3305167000000000000000	107	0.9540790888	0.0459154484	2.02697355205223E-008	1.30738748197383E-013
3312477000000000000000	106.9	0.9513822489	0.0486124557	2.0594232744505E-008	1.38413376897895E-013
3317778000000000000000	106.7	0.948435102	0.0515597883	2.09478071094668E-008	1.45961627851104E-013
3323061000000000000000	106.6	0.9456990516	0.0542959879	2.12545071139104E-008	1.53399344497717E-013
3328361000000000000000	106.5	0.9432022361	0.0567929279	2.15589082541806E-008	1.60317959909764E-013
3334728000000000000000	106.3	0.9405513431	0.0594439467	2.18981710552187E-008	1.67493993412195E-013
3341175000000000000000	106.1	0.9373163844	0.062679048	2.23064296020804E-008	1.76092205100749E-013
3348650000000000000000	106	0.9334529331	0.0665426514	2.27497155645619E-008	1.86541268272005E-013
3355096000000000000000	105.8	0.9295339895	0.0704617381	2.31982051727435E-008	1.96654835728333E-013
3360532000000000000000	105.7	0.9259777659	0.0740180789	2.35951420981133E-008	2.05987631061362E-013
3367027000000000000000	105.5	0.9225460416	0.0774499059	0.000000024	2.14959046137216E-013
3374642000000000000000	105.4	0.9186329688	0.0813630896	2.45040883735946E-008	2.25467891698785E-013
3383352000000000000000	105.1	0.9138074036	0.0861887763	2.5090872487266E-008	2.37983123894372E-013
3391058000000000000000	105	0.9083929265	0.0916033819	2.56843133384844E-008	2.51821975656113E-013
3397721000000000000000	104.7	0.9032246878	0.0967717234	2.6279615690059E-008	2.64551056111946E-013
3404410000000000000000	104.6	0.8985341759	0.1014623293	2.6808435695693E-008	2.76455109269471E-013
3412250000000000000000	104.4	0.8935989091	0.1063976812	2.74153534312243E-008	2.89199894548912E-013
3421230000000000000000	104.2	0.8876375068	0.1123591781	2.81342932025879E-008	3.04371001195257E-013
3429240000000000000000	104	0.8807896457	0.1192071385	2.89119285158153E-008	3.21131718590298E-013
3437190000000000000000	103.7	0.8739979407	0.1259989301	2.96699893560405E-008	3.37348341976081E-013
3444150000000000000000	103.5	0.8678641967	0.1321327485	3.03780774908819E-008	3.52353996092525E-013
3452210000000000000000	103.3	0.8616777519	0.1383192586	3.11246792652462E-008	3.67485240190983E-013
3460400000000000000000	103.1	0.8548011225	0.1451959576	3.19362401953367E-008	3.84059338885476E-013
3468650000000000000000	102.8	0.8472598316	0.1527373166	3.28414048995554E-008	4.01958507843979E-013
3475910000000000000000	102.6	0.8395009673	0.1604962452	3.37471497497346E-008	4.20098631685142E-013
3484180000000000000000	102.4	0.8320266973	0.1679705729	3.46453907647726E-008	4.37681318933253E-013
3491540000000000000000	102.2	0.8244746328	0.1755226903	3.55747930827606E-008	4.55441997364886E-013
3500020000000000000000	101.9	0.8164475611	0.1835498141	3.65561170633519E-008	4.73963252957994E-013
3507590000000000000000	101.7	0.8079378356	0.1920595917	3.76131602656177E-008	4.93680179587711E-013
3516200000000000000000	101.5	0.7990611611	0.2009363178	3.86979567295086E-008	5.13810859369452E-013
3523860000000000000000	101.3	0.790076691	0.209920836	3.98063141390126E-008	5.33936973542439E-013
3531610000000000000000	101.1	0.7811071825	0.2188903885	0.000000041	5.54172937883406E-013
3539460000000000000000	100.9	0.7717986986	0.228198915	4.21639868280196E-008	5.75164434359499E-013
3548430000000000000000	100.6	0.7620385746	0.2379590805	4.34566270807829E-008	5.97002438129729E-013
3556470000000000000000	100.4	0.7518704594	0.2481272366	4.48076850786487E-008	6.19319591532743E-013
3564580000000000000000	100.2	0.74166184	0.2583358937	4.61934274639954E-008	6.41875983366496E-013
3572800000000000000000	99.93	0.731250748	0.2687470214	4.76461315037442E-008	6.64761872032266E-013
3581140000000000000000	99.69	0.7205358468	0.2794619587	4.91745561940322E-008	6.88290236189693E-013
3589600000000000000000	99.43	0.7093803233	0.2906175165	5.0780636202368E-008	7.1221939314071E-013
3598160000000000000000	99.18	0.6980453898	0.3019524826	5.24738466897585E-008	7.36977598670057E-013
3606830000000000000000	98.92	0.6864559364	0.3135419671	5.42360612626379E-008	7.61984479013229E-013
3615610000000000000000	98.65	0.6746175599	0.3253803752	5.60767563053859E-008	7.87407254101389E-013
3623540000000000000000	98.38	0.6625638512	0.3374341132	0.000000058	8.13292446394138E-013
3632590000000000000000	98.1	0.6502416753	0.3497563174	6.00700738064258E-008	8.39901121850745E-013
3641780000000000000000	97.81	0.6376009185	0.3623971033	6.22205853620028E-008	8.6689201808282E-013
3650110000000000000000	97.52	0.6248612669	0.3751367817	6.44663208502347E-008	8.94250180224139E-013
3659570000000000000000	97.24	0.6118811104	0.3881169657	6.68238581095678E-008	9.22263633734875E-013
3668180000000000000000	96.95	0.5986535726	0.40134453	6.93104066055346E-008	9.50670841916592E-013
3676950000000000000000	96.66	0.5853716596	0.4146264703	7.19053684270801E-008	9.79627535623706E-013
3686870000000000000000	96.35	0.5717744055	0.4282237491	7.466062496568E-008	1.00913968888948E-012
3695950000000000000000	96.06	0.55797418	0.4420240015	7.75452873022681E-008	1.0390808908552E-012
3705170000000000000000	95.75	0.5441830391	0.4558151673	8.0564712104054E-008	1.06929492302905E-012
3714570000000000000000	95.45	0.5302753705	0.4697228614	8.37300106890022E-008	1.10008623838368E-012
3724140000000000000000	95.11	0.5162478007	0.4837504542	8.7104759704411E-008	1.13147153789801E-012
3732900000000000000000	94.83	0.5020216085	0.4979766716	9.06065857432803E-008	1.16344369193504E-012
3742800000000000000000	94.49	0.4879036182	0.5120946869	9.4299809933343E-008	1.19549237957823E-012
3752900000000000000000	94.2	0.4737476827	0.5262506476	9.81683342549486E-008	1.22832517736913E-012
3762100000000000000000	93.91	0.4595586338	0.5404397209	1.02233694060106E-007	1.26174495833675E-012
3771600000000000000000	93.62	0.4453591418	0.5546392384	1.06466483851895E-007	1.29550544082595E-012
3782200000000000000000	93.32	0.4313718609	0.5686265439	0.000000111	1.33003709388592E-012
3792000000000000000000	93.04	0.4172199848	0.5827784461	1.15653506396191E-007	1.36498677865164E-012
3801900000000000000000	92.75	0.4033204693	0.5966779865	1.20581004927527E-007	1.400604575244E-012
3812100000000000000000	92.47	0.3895951562	0.6104033244	1.25752748212043E-007	1.4367831285856E-012
3822400000000000000000	92.17	0.3759942405	0.6240042644	1.31183822064791E-007	1.47392990620029E-012
3831900000000000000000	91.88	0.3625342631	0.6374642666	1.36891889773657E-007	1.5110506684585E-012
3842500000000000000000	91.59	0.3491246191	0.6508739353	1.42852220046733E-007	1.54885877131788E-012
3852400000000000000000	91.29	0.3359955282	0.6640030499	1.49159381857587E-007	1.58794914837119E-012
3866300000000000000000	91.05	0.3232725201	0.6767260846	1.56371344513359E-007	1.63530958936177E-012
3880400000000000000000	90.56	0.3065194792	0.6934791532	1.6582534475775E-007	1.68975213438811E-012
3893800000000000000000	90.16	0.2893067138	0.710691951	1.75876582969914E-007	1.7450789360828E-012
3905600000000000000000	89.8	0.2748443612	0.7251543316	1.85472497387916E-007	1.79606390493786E-012
3917600000000000000000	89.47	0.261949951	0.7380487672	0.000000195	1.84772924992952E-012
3930900000000000000000	89.16	0.2494744765	0.7505242672	0.000000205	1.90125811564632E-012
3943600000000000000000	88.82	0.2369531638	0.763045605	0.000000216	1.9569792550095E-012
3955100000000000000000	88.5	0.2249242804	0.7750745133	2.27232106507693E-007	2.0131344435916E-012
3967700000000000000000	88.19	0.2137879237	0.786210894	0.000000239	2.07001005474789E-012
3979300000000000000000	87.88	0.2032342656	0.7967645743	2.51212646571636E-007	2.12937758360078E-012
3992000000000000000000	87.56	0.1931692777	0.8068295835	2.6382333527021E-007	2.18828807542619E-012
4003800000000000000000	87.27	0.1836510209	0.8163478614	0.000000277	2.25067868330137E-012
4015700000000000000000	86.97	0.1745763271	0.8254225753	2.90778010286183E-007	2.31454185212103E-012
4027600000000000000000	86.69	0.1660092486	0.8339896736	0.000000305	2.38073146325671E-012
4039600000000000000000	86.41	0.1578402794	0.8421586617	0.00000032	2.44800713338006E-012
4051600000000000000000	86.14	0.1501247166	0.8498742426	3.35398781434919E-007	2.51780331788707E-012
4062700000000000000000	85.85	0.1428039393	0.8571950372	3.51531673603977E-007	2.58866958797646E-012
4074700000000000000000	85.6	0.1358483571	0.8641506361	3.68512900697477E-007	2.66365672785379E-012
4085900000000000000000	85.33	0.129312152	0.870686857	0.000000386	2.74077405562371E-012
4098100000000000000000	85.06	0.123090086	0.8769089382	4.0429406097736E-007	2.82104908843534E-012
4109300000000000000000	84.8	0.1172150391	0.8827839996	4.23224233567487E-007	2.90307726050296E-012
4120600000000000000000	84.53	0.1116481795	0.8883508731	4.43231186038137E-007	2.98760859101973E-012
4132800000000000000000	84.26	0.106334528	0.8936645376	4.63781405492386E-007	3.07546346475964E-012
4144100000000000000000	84.04	0.1013517712	0.898647308	4.85303722616569E-007	3.16890419814966E-012
4155500000000000000000	83.78	0.0966193731	0.9033797181	5.07651434534805E-007	3.26252178024993E-012
4166900000000000000000	83.56	0.0921403218	0.9078587819	5.30903759216738E-007	3.36130946367191E-012
4178300000000000000000	83.29	0.0879365939	0.9120625204	5.55459459475666E-007	3.46469032898419E-012
4189800000000000000000	83.05	0.0839416023	0.9160575226	5.80750962370975E-007	3.57149387614483E-012
4201200000000000000000	82.79	0.080192685	0.9198064495	6.0725272380915E-007	3.68229757908932E-012
4212600000000000000000	82.55	0.0766419192	0.9233572249	6.34675868005075E-007	3.79651564679399E-012
4224100000000000000000	82.3	0.0733069411	0.9266922116	6.63326670395782E-007	3.91484111020688E-012
4234600000000000000000	82.06	0.0701354258	0.9298637353	6.93441345121101E-007	4.03944540867928E-012
4246200000000000000000	81.8	0.0671511407	0.9328480281	7.24474597896785E-007	4.16940156793854E-012
4257700000000000000000	81.58	0.0643025292	0.9356966477	7.56841930608206E-007	4.30296575893105E-012
4269300000000000000000	81.34	0.0616398024	0.9383593817	7.90656459028293E-007	4.44271783302978E-012
4279900000000000000000	81.08	0.0591157383	0.940883452	8.26184169770532E-007	4.58797128808442E-012
4291400000000000000000	80.86	0.0567247256	0.9432744712	0.000000863	4.73969187330758E-012
4306200000000000000000	80.57	0.0544930598	0.9455061426	9.07374619124932E-007	4.92597027363706E-012
4325000000000000000000	80.18	0.0515897348	0.9484094743	9.68476478332586E-007	5.17650775081409E-012
4349400000000000000000	79.67	0.048148761	0.9518504554	1.0541202193156E-006	5.52334793679529E-012
4380700000000000000000	79.04	0.044182328	0.9558168967	1.17506607640245E-006	6.0200622223148E-012
4422300000000000000000	78.19	0.0397506457	0.9602485869	0.000001357	6.73879290007954E-012
4462300000000000000000	77.23	0.035034261	0.9649649788	1.59353817511265E-006	7.649376221595E-012
4497600000000000000000	76.34	0.0314388407	0.9685604024	1.84912354865838E-006	8.62648716088684E-012
4531100000000000000000	75.49	0.0288946486	0.9711045936	2.11683850929437E-006	9.64206144084551E-012
4574400000000000000000	74.44	0.0267966171	0.9732026177	2.46655164661445E-006	1.0943596345699E-011
4614200000000000000000	73.32	0.0244191371	0.9755800892	2.90619342092353E-006	1.25395034959903E-011
4648100000000000000000	72.32	0.0228180309	0.9771811845	3.35745376628771E-006	1.41673476062729E-011
4681100000000000000000	68.83	0.0219777853	0.9780213379	3.93265861614152E-006	1.54972070416764E-011
4700000000000000000000	68.09	0.0210744841	0.9789246261	4.35539337366103E-006	1.68754178512409E-011
4725600000000000000000	67.36	0.0207021939	0.979296899	4.76190044258605E-006	1.81589511889971E-011
4758500000000000000000	66.41	0.020135804	0.9798632654	5.3477685994986E-006	1.99576110636601E-011
4800000000000000000000	65.13	0.0195282219	0.9804708124	6.21631565393068E-006	2.25165686477196E-011
4840000000000000000000	63.73	0.0189144074	0.9810845852	7.31454824011281E-006	2.56365802348483E-011
4873000000000000000000	62.46	0.0185257281	0.9814732216	8.45140983287946E-006	2.87328118585586E-011
4905000000000000000000	61.26	0.0182906088	0.981708297	9.63278972865964E-006	3.17658134849648E-011
4947000000000000000000	59.83	0.0181349509	0.9818638968	1.1182228715989E-005	3.5437477745814E-011
4986000000000000000000	58.32	0.0179562173	0.982042566	1.31361818925359E-005	3.97771832503314E-011
5019000000000000000000	56.97	0.01787057	0.9821281522	0.000015169	4.39232287631996E-011
5052000000000000000000	55.72	0.017849155	0.9821495065	1.7286227741272E-005	4.78289961468745E-011
5095000000000000000000	54.27	0.0178783542	0.9821202318	2.00388204715481E-005	5.23665318356382E-011
5134000000000000000000	52.74	0.0179056049	0.9820928971	0.000023487	5.75183367773848E-011
5169000000000000000000	51.37	0.0179659424	0.9820324847	2.70926015465032E-005	6.20929924251607E-011
5204000000000000000000	50.13	0.0180532024	0.9819451527	3.08418784327009E-005	6.62624676095882E-011
5244000000000000000000	48.77	0.0181680216	0.9818302521	3.54560823790542E-005	7.05950617295646E-011
5289000000000000000000	47.28	0.0183100491	0.9816881308	4.13561390583114E-005	7.5320883833561E-011
5329000000000000000000	45.88	0.0184634727	0.9815346191	4.79174380972081E-005	7.97038610533379E-011
5367000000000000000000	44.63	0.0186151662	0.9813828445	5.46467572190249E-005	8.33967371772573E-011
5407000000000000000000	43.43	0.0187745884	0.9812233453	6.20668835232994E-005	8.67113786088354E-011
5451000000000000000000	42.14	0.0189649196	0.9810329269	0.000070804	8.9663873732092E-011
5494000000000000000000	40.86	0.019165059	0.9808326989	8.04354117587564E-005	9.22600709116689E-011
5535000000000000000000	39.66	0.0193708944	0.9806267723	9.02588608680516E-005	9.41805756918116E-011
5571000000000000000000	38.58	0.019565084	0.9804324981	9.9548256270702E-005	9.53896857879395E-011
5602000000000000000000	37.63	0.0197514627	0.9802460422	0.0001079855	9.5925491478533E-011
5632000000000000000000	36.74	0.0199377792	0.9800596528	0.0001157856	9.58676533146963E-011
5661000000000000000000	35.88	0.0201163688	0.9798809939	0.0001232722	9.53151566946725E-011
5690000000000000000000	35.03	0.0203103417	0.9796869522	0.000130493	9.42867034406453E-011
5719000000000000000000	34.19	0.020508297	0.9794889355	0.0001374016	9.28218192950681E-011
5746000000000000000000	33.35	0.020721536	0.9792756457	0.0001439029	9.09610118778457E-011
5774000000000000000000	32.5	0.0209582016	0.9790389347	0.0001500718	8.88793987443053E-011
5801000000000000000000	31.64	0.0211948485	0.9788022483	0.0001559236	8.65802635743471E-011
5829000000000000000000	30.75	0.0214465974	0.9785504685	0.0001614628	8.4124476185901E-011
5858000000000000000000	29.82	0.0217412164	0.978255826	0.000166709	8.16037468642277E-011
5886000000000000000000	28.9	0.022055122	0.977941911	0.0001714563	7.92401961026721E-011
5913000000000000000000	28.03	0.0223496172	0.977647416	0.0001755137	7.71754039495532E-011
5939000000000000000000	27.21	0.0226589017	0.9773381424	0.0001789183	7.53319506855697E-011
5965000000000000000000	26.42	0.0229725315	0.9770245307	0.0001818823	7.37414305884191E-011
5990000000000000000000	25.65	0.0232860871	0.9767110032	0.0001844701	7.23884981500173E-011
6016000000000000000000	24.91	0.0235995685	0.9763975577	0.0001867014	7.13125989474664E-011
6042000000000000000000	24.2	0.0239322657	0.9760649063	0.0001886123	7.05715282546651E-011
6068000000000000000000	23.51	0.0242600772	0.9757371451	0.0001901887	7.01922266974777E-011
6095000000000000000000	22.84	0.0245925256	0.9754047505	0.0001915649	7.02615370061046E-011
6123000000000000000000	22.19	0.0249248823	0.9750724554	0.0001927235	7.08838371950298E-011
6151000000000000000000	21.56	0.0252763957	0.9747210095	0.0001936606	7.2156210874287E-011
6180000000000000000000	20.95	0.0256085597	0.974388913	0.0001944631	7.42194108222682E-011
6211000000000000000000	20.36	0.0259598611	0.9740376791	0.0001950839	7.72083778469277E-011
6242000000000000000000	19.79	0.0263302703	0.9736673434	0.0001955822	8.13198754229248E-011
6275000000000000000000	19.24	0.0266813403	0.9733163488	0.0001959855	8.67735601281992E-011
6309000000000000000000	18.69	0.0270514974	0.9729462691	0.0001962861	9.38022016454051E-011
6344000000000000000000	18.17	0.0274161146	0.9725817336	0.000196469	1.02682224800183E-010
6380000000000000000000	17.66	0.027785937	0.9722119904	0.0001966511	1.13845432464554E-010
6418000000000000000000	17.17	0.0281556284	0.9718423822	0.0001967542	1.27765036249612E-010
6457000000000000000000	16.69	0.0285443392	0.9714537547	0.0001968337	1.45106962025072E-010
6498000000000000000000	16.22	0.028932897	0.9710652825	0.0001968738	1.6664008450186E-010
6540000000000000000000	15.77	0.0293213045	0.9706770564	0.0001969138	1.93544255950753E-010
6585000000000000000000	15.34	0.0297095587	0.9702889688	0.0001969145	2.27550001830507E-010
6634000000000000000000	14.91	0.0300976593	0.9699010109	0.0001968954	2.70839538993514E-010
6683000000000000000000	14.49	0.0305046993	0.9694940915	0.0001968725	3.25921739073342E-010
6736000000000000000000	14.09	0.0308924819	0.9691064112	0.0001968534	3.96542119482605E-010
6792000000000000000000	13.71	0.0312991821	0.968699842	0.0001968305	4.88779050518399E-010
6852000000000000000000	13.34	0.0316866492	0.96831251	0.0001967918	6.11886909273592E-010
6917000000000000000000	12.98	0.032099325	0.9678999403	0.000196788	7.80539073477719E-010
6979000000000000000000	12.66	0.0324420889	0.9675572654	0.0001967183	0.000000001
7038000000000000000000	12.39	0.0327720326	0.9672273958	0.0001966912	1.26780162006619E-009
7095000000000000000000	12.16	0.0330448296	0.9669546566	0.0001966757	1.58634851621905E-009
7168000000000000000000	11.9	0.0333556076	0.9666439349	0.0001966525	0.000000002
7232000000000000000000	11.7	0.0336026917	0.9663968966	0.0001966023	2.65636257841813E-009
7287000000000000000000	11.55	0.0337993148	0.9662003073	0.0001966023	3.3307759881729E-009
7341000000000000000000	11.42	0.0339702641	0.966029385	0.0001965675	4.08704739809318E-009
7411000000000000000000	11.27	0.0341668522	0.9658328238	0.0001965675	5.15451590496143E-009
7478000000000000000000	11.16	0.034299744	0.9656999568	0.0001965405	6.64569825754246E-009
7536000000000000000000	11.07	0.0344014057	0.9655983132	0.0001965598	8.35855868827621E-009
7610000000000000000000	10.97	0.0345342598	0.9654654749	0.0001965131	1.06413478849343E-008
7682000000000000000000	10.9	0.0346291332	0.965370615	0.0001964938	1.38654106046164E-008
7744000000000000000000	10.85	0.0346860484	0.9653137099	0.0001964822	1.77085542337581E-008
7826000000000000000000	10.79	0.0347619248	0.9652378428	0.0001964471	2.28733071864013E-008
7901000000000000000000	10.75	0.034806698	0.9651930773	0.000196478	3.02666939339181E-008
7947000000000000000000	10.75	0.0347877282	0.9652120521	0.0001964622	3.75982621786837E-008
7975000000000000000000	10.76	0.0347619253	0.9652378576	0.0001964275	4.28383251122346E-008
7997000000000000000000	10.75	0.0347619253	0.9652378593	0.0001964078	4.67487961569926E-008
8023000000000000000000	10.75	0.0347808925	0.9652188937	0.000196404	5.08547739575567E-008
8055000000000000000000	10.74	0.0347808926	0.9652188954	0.000196404	5.62389348237747E-008
8086000000000000000000	10.73	0.0347877285	0.9652120612	0.0001964229	6.28341062829218E-008
8115000000000000000000	10.73	0.0347808927	0.9652188986	0.0001963843	6.97975881066932E-008
8141000000000000000000	10.72	0.0347877286	0.9652120638	0.0001964033	7.69260846631397E-008
8169000000000000000000	10.72	0.0347877287	0.9652120652	0.0001964033	8.45125611922805E-008
8196000000000000000000	10.72	0.0347877287	0.9652120663	0.0001963836	9.3081741925264E-008
8224000000000000000000	10.71	0.0348066987	0.9651930974	0.0001963797	1.02690570843709E-007
8251000000000000000000	10.71	0.0348066988	0.9651930984	0.0001963601	1.13244606657017E-007
8278000000000000000000	10.71	0.0348066988	0.9651930993	0.0001963404	1.24663405194608E-007
8304000000000000000000	10.7	0.0348066988	0.9651931001	0.0001963208	1.37143503410349E-007
8331000000000000000000	10.7	0.0348066989	0.965193101	0.0001963208	1.50940399430568E-007
8358000000000000000000	10.69	0.0348066989	0.9651931018	0.0001963011	1.66211322784874E-007
8384000000000000000000	10.69	0.0348066989	0.9651931026	0.0001962815	1.83093849388812E-007
8411000000000000000000	10.68	0.0348256682	0.9651741339	0.0001962383	2.01642977270061E-007
8427000000000000000000	10.69	0.0348256682	0.9651741345	0.0001962187	2.18741358512573E-007
8436000000000000000000	10.69	0.034806699	0.9651931039	0.0001962225	2.29948265435406E-007
8446000000000000000000	10.69	0.0348256682	0.9651741348	0.000196199	2.38591203359069E-007
8459000000000000000000	10.68	0.0348256682	0.9651741352	0.000196199	2.48810925511787E-007
8474000000000000000000	10.68	0.0348256683	0.9651741354	0.0001961794	2.62175177496842E-007
8489000000000000000000	10.67	0.0348256683	0.9651741358	0.0001961597	2.7770129379275E-007
8501000000000000000000	10.67	0.0348446368	0.9651551675	0.0001961362	2.92828588802015E-007
8513000000000000000000	10.67	0.0348446368	0.9651551678	0.0001961165	3.0737175369353E-007
8525000000000000000000	10.66	0.0348446368	0.965155168	0.0001960969	3.22307977094803E-007
8537000000000000000000	10.66	0.0348636046	0.9651362005	0.0001960734	3.38809775941495E-007
8551000000000000000000	10.65	0.0348636046	0.9651362007	0.0001960537	3.56890112096784E-007
8563000000000000000000	10.65	0.0348825716	0.9651172339	0.0001960302	3.75945686934096E-007
8575000000000000000000	10.64	0.0348825716	0.9651172342	0.0001960106	3.95204796969555E-007
8587000000000000000000	10.64	0.0349015379	0.9650982681	0.0001959871	4.15438350398482E-007
8599000000000000000000	10.63	0.0349015379	0.9650982683	0.0001959674	4.36858776317627E-007
8611000000000000000000	10.62	0.0349205034	0.965079303	0.0001959243	4.59645793062465E-007
8622000000000000000000	10.62	0.0349205034	0.9650793032	0.0001959046	4.83620477542219E-007
8634000000000000000000	10.61	0.0349394682	0.9650603386	0.0001958811	0.000000509
8645000000000000000000	10.6	0.0349584322	0.9650413748	0.000195838	5.3528257075183E-007
8657000000000000000000	10.6	0.0349584322	0.965041375	0.0001958183	0.000000563
8667000000000000000000	10.59	0.0349773955	0.9650224119	0.0001957752	5.92257696889174E-007
8678000000000000000000	10.58	0.034996358	0.9650034495	0.000195732	6.23096301861192E-007
8689000000000000000000	10.57	0.0349963581	0.9650034497	0.0001956927	6.5571502985762E-007
8699000000000000000000	10.56	0.0350153198	0.9649844881	0.0001956496	6.89892188483531E-007
8709000000000000000000	10.55	0.0350342809	0.9649655272	0.0001956261	7.25639929133682E-007
8720000000000000000000	10.54	0.0350532412	0.9649465671	0.0001955633	7.63547619563522E-007
8730000000000000000000	10.54	0.0350722008	0.9649276077	0.0001955202	8.03418649538757E-007
8739000000000000000000	10.53	0.0350911596	0.9649086491	0.000195477	8.45252903333896E-007
8750000000000000000000	10.51	0.0351101177	0.9648896912	0.0001954142	8.8944321562602E-007
8759000000000000000000	10.5	0.035129075	0.964870734	0.0001953711	9.35792976210391E-007
8768000000000000000000	10.49	0.0351480316	0.9648517776	0.0001953083	9.84694992762966E-007
8778000000000000000000	10.48	0.0351738978	0.9648259115	0.0001952839	1.03635272044082E-006
8787000000000000000000	10.47	0.0351928565	0.964806953	0.0001952211	1.09036940576661E-006
8795000000000000000000	10.46	0.0352307716	0.9647690381	0.0001951545	1.14730884182828E-006
8804000000000000000000	10.44	0.035249728	0.9647500818	0.0001950917	1.20741125311198E-006
8813000000000000000000	10.43	0.0352686837	0.9647311263	0.0001950289	1.27045854638918E-006
8821000000000000000000	10.42	0.0352876387	0.9647121715	0.0001949465	1.33684350614519E-006
8830000000000000000000	10.4	0.0353255464	0.9646742641	0.0001948603	1.40673477202279E-006
8838000000000000000000	10.38	0.0353444991	0.9646553115	0.0001947779	1.48038243836998E-006
8845000000000000000000	10.37	0.0353824023	0.9646174085	0.0001946916	1.55792587566401E-006
8853000000000000000000	10.35	0.0354013528	0.9645984582	0.0001946092	1.63942446718669E-006
8861000000000000000000	10.33	0.0354392515	0.9645605597	0.0001945033	1.72520790941286E-006
8868000000000000000000	10.32	0.0354771473	0.9645226641	0.0001943975	1.81530630128196E-006
8875000000000000000000	10.3	0.0355150401	0.9644847716	0.0001942916	1.9103084324692E-006
8883000000000000000000	10.28	0.0355529299	0.964446882	0.0001941858	2.00942802497916E-006
8890000000000000000000	10.26	0.0355978087	0.9644020033	0.0001940984	2.11583002148486E-006
8896000000000000000000	10.24	0.0356356997	0.9643641125	0.0001939926	2.22772235398848E-006
8903000000000000000000	10.21	0.0356735878	0.9643262247	0.0001938474	2.34353470369454E-006
8909000000000000000000	10.19	0.0357114728	0.9642883398	0.000193722	2.4652309360328E-006
8916000000000000000000	10.17	0.0357493549	0.964250458	0.0001935769	2.59477460783288E-006
8923000000000000000000	10.14	0.0358061725	0.9641936407	0.000193428	2.73211113093762E-006
8928000000000000000000	10.11	0.0358440471	0.9641557662	0.0001932632	2.87341594219389E-006
8934000000000000000000	10.09	0.0359008535	0.9640989601	0.0001930947	3.02447015392942E-006
8941000000000000000000	10.06	0.0359647161	0.9640350978	0.0001929642	0.000003184
8947000000000000000000	10.03	0.0360215198	0.9639782943	0.000192776	3.35074769772209E-006
8952000000000000000000	9.996	0.0360783168	0.9639214975	0.0001925879	3.52534451502235E-006
8957000000000000000000	9.963	0.0361351072	0.9638647074	0.0001923998	3.70974008201775E-006
8963000000000000000000	9.928	0.0361918909	0.963807924	0.0001921725	3.90589641567089E-006
8969000000000000000000	9.892	0.036267592	0.9637322231	0.000191961	4.10980346971333E-006
8974000000000000000000	9.854	0.0363314937	0.9636683217	0.0001917517	4.32639354523268E-006
8979000000000000000000	9.814	0.0364071883	0.9635926273	0.0001915207	4.55188039553835E-006
8983000000000000000000	9.773	0.0364828711	0.9635169448	0.0001912504	4.79107671769684E-006
8988000000000000000000	9.73	0.0365585419	0.9634412743	0.0001909801	0.000005042
8994000000000000000000	9.684	0.0366531138	0.9633467027	0.0001906865	5.30459097330779E-006
8998000000000000000000	9.637	0.0367548821	0.9632449346	0.0001904303	5.58391478587441E-006
9002000000000000000000	9.587	0.0368494347	0.9631503823	0.0001901172	5.8758848230339E-006
9007000000000000000000	9.535	0.0369439688	0.9630558486	0.0001897844	6.18350167740077E-006
9011000000000000000000	9.481	0.0370384842	0.9629613334	0.0001894321	6.50676074232397E-006
9015000000000000000000	9.424	0.0371591711	0.9628406467	0.0001890937	6.84882979911974E-006
9019000000000000000000	9.365	0.0372725599	0.9627272583	0.0001887181	7.20720589687044E-006
9024000000000000000000	9.304	0.037385922	0.9626138965	0.0001883034	7.58316023689401E-006
9028000000000000000000	9.239	0.0375255074	0.9624743114	0.0001879219	0.000007982
9032000000000000000000	9.172	0.037657718	0.9623421011	0.0001874644	8.39890740750155E-006
9035000000000000000000	9.102	0.0377898923	0.9622099271	0.000187007	8.83726246263536E-006
9039000000000000000000	9.03	0.0379483489	0.9620514709	0.0001865434	9.30068115835967E-006
9042000000000000000000	8.954	0.0380993418	0.9619004783	0.0001860237	9.78576297271016E-006
9047000000000000000000	8.875	0.0382577918	0.9617420285	0.0001855012	1.02982127861402E-005
9050000000000000000000	8.796	0.0384275809	0.9615722398	0.0001849389	1.08338708287417E-005
9054000000000000000000	8.711	0.0385973101	0.9614025109	0.0001843375	1.13967972074924E-005
9057000000000000000000	8.624	0.0387934347	0.9612063867	0.0001837295	1.19871320863968E-005
9060000000000000000000	8.534	0.0389819139	0.9610179078	0.000183066	1.26063744731723E-005
9063000000000000000000	8.44	0.03919684	0.960802982	0.0001823957	0.000013265
9067000000000000000000	8.343	0.0394305924	0.96056923	0.0001817023	1.39605080985031E-005
9070000000000000000000	8.243	0.0396565511	0.9603432716	0.0001809146	1.46864498694535E-005
9074000000000000000000	8.14	0.0398902213	0.9601096017	0.0001801431	1.54483947965763E-005
9077000000000000000000	8.036	0.0401348209	0.9598650026	0.0001792937	1.62420603131425E-005
9080000000000000000000	7.929	0.0404060126	0.9595938111	0.000178437	1.70814360865646E-005
9082000000000000000000	7.819	0.0406771619	0.9593226622	0.0001775413	1.79657465068088E-005
9085000000000000000000	7.707	0.0409482687	0.9590515558	0.000176587	1.88969402559663E-005
9088000000000000000000	7.593	0.0412488176	0.9587510072	0.0001755523	1.98605418040476E-005
9091000000000000000000	7.478	0.0415385447	0.9584612805	0.0001744971	2.08965710310123E-005
9094000000000000000000	7.362	0.041846978	0.9581528474	0.0001733996	2.19515500097095E-005
9098000000000000000000	7.244	0.042174093	0.9578257328	0.0001722402	2.30841483850948E-005
9100000000000000000000	7.127	0.0425011183	0.9574987079	0.000171042	2.42555898393944E-005
9103000000000000000000	7.008	0.0428384043	0.9571614222	0.0001697293	2.54995161142349E-005
9106000000000000000000	6.89	0.0431839008	0.956815926	0.0001683918	2.68064993589073E-005
9109000000000000000000	6.773	0.0435480009	0.9564518262	0.0001669927	2.81516501927385E-005
9112000000000000000000	6.656	0.0439119729	0.9560878546	0.0001655354	2.95745670244058E-005
9115000000000000000000	6.54	0.0442758167	0.9557240111	0.0001640004	3.10752087910321E-005
9118000000000000000000	6.426	0.0446395324	0.9553602956	0.0001624073	0.000032634
9122000000000000000000	6.313	0.0450217896	0.9549780387	0.0001607139	3.42697339174138E-005
9124000000000000000000	6.202	0.0454038974	0.9545959312	0.0001589625	3.6002573819546E-005
9128000000000000000000	6.094	0.0457672086	0.9542326203	0.0001571171	3.77940996848836E-005
9131000000000000000000	5.987	0.0461490289	0.9538508003	0.0001551913	3.96819126454878E-005
9134000000000000000000	5.884	0.0465307	0.9534691294	0.000153188	4.16666595586237E-005
9137000000000000000000	5.782	0.046912222	0.9530876076	0.0001510683	4.37287531454648E-005
9141000000000000000000	5.684	0.047293595	0.9527062348	0.0001488518	4.59072014373692E-005
9145000000000000000000	5.59	0.0476748191	0.952325011	0.0001465581	4.8162890571207E-005
9148000000000000000000	5.502	0.0480187309	0.9519810994	0.0001442514	5.0439187222941E-005
9152000000000000000000	5.126	0.0496528507	0.9503469805	0.0001415282	5.29877436057052E-005
9154000000000000000000	5.06	0.0499405154	0.9500593159	0.0001391548	5.53226247757914E-005
9156000000000000000000	5.024	0.0501169962	0.9498828351	0.0001378315	5.66497564326503E-005
9159000000000000000000	4.982	0.0503021947	0.9496976367	0.0001362254	5.8237463371109E-005
9164000000000000000000	4.932	0.0505526985	0.949447133	0.0001341703	6.02811198188782E-005
9169000000000000000000	4.868	0.0508487704	0.9491510612	0.0001314584	6.29129286564208E-005
9174000000000000000000	4.798	0.0511916043	0.9488082274	0.0001281057	6.62548361729932E-005
9180000000000000000000	4.731	0.0515343313	0.9484655005	0.0001244033	6.99269244317723E-005
9186000000000000000000	4.677	0.0518030656	0.9481967663	0.0001209453	7.336981758782E-005
9191000000000000000000	4.631	0.052034824	0.947965008	0.0001177261	7.65813901830378E-005
9197000000000000000000	4.589	0.0522563845	0.9477434476	0.0001143681	0.000079894
9205000000000000000000	4.541	0.0525065156	0.9474933166	0.0001106026	8.36481766665371E-005
9213000000000000000000	4.503	0.0526910107	0.9473088215	0.000106414	8.78183511813472E-005
9221000000000000000000	4.472	0.0528672874	0.9471325449	0.0001022685	9.1967660554777E-005
9228000000000000000000	4.448	0.0529779316	0.9470219007	0.000098382	9.58314513872304E-005
9235000000000000000000	4.43	0.0530701153	0.9469297171	9.47513760909045E-005	9.94626629234501E-005
9244000000000000000000	4.416	0.0531541967	0.9468456357	9.12772432723529E-005	0.0001029595
9251000000000000000000	4.406	0.0531910662	0.9468087663	8.78665013857006E-005	0.0001063627
9260000000000000000000	4.401	0.0532279328	0.9467718998	8.45923073100876E-005	0.0001096293
9268000000000000000000	4.398	0.0532279328	0.9467718999	8.14578167610474E-005	0.0001127833
9277000000000000000000	4.399	0.0532094999	0.9467903329	7.84611359603739E-005	0.0001157837
9284000000000000000000	4.402	0.0531910662	0.9468087667	7.5581156333267E-005	0.0001186675
9292000000000000000000	4.407	0.0531541967	0.9468456364	7.28193024895981E-005	0.0001214369
9302000000000000000000	4.414	0.0531069838	0.9468928495	7.01409320885275E-005	0.0001241045
9310000000000000000000	4.423	0.0530516801	0.9469481535	6.75751858690662E-005	0.0001266621
9319000000000000000000	4.433	0.0529779317	0.9470219021	6.5127225791527E-005	0.0001291447
9328000000000000000000	4.445	0.0529041718	0.9470956622	6.27567705473165E-005	0.0001315302
9337000000000000000000	4.458	0.0528304004	0.9471694339	6.04638382461149E-005	0.0001338383
9346000000000000000000	4.473	0.0527279012	0.9472719334	5.82577106822163E-005	0.000136045
9356000000000000000000	4.488	0.0526356699	0.9473641651	5.61408198976993E-005	0.0001381808
9365000000000000000000	4.505	0.0525434205	0.9474564148	5.40819417063407E-005	0.0001402586
9376000000000000000000	4.523	0.0524326976	0.9475671382	5.21015846797424E-005	0.0001422617
9385000000000000000000	4.542	0.0523302152	0.947669621	5.02074040889581E-005	0.0001441564
9396000000000000000000	4.561	0.0522194652	0.9477803715	4.83823765482198E-005	0.0001460041
9406000000000000000000	4.581	0.0521086893	0.947891148	4.66153620439983E-005	0.0001477939
9417000000000000000000	4.602	0.0519692931	0.9480305448	0.000044879	0.0001495189
9429000000000000000000	4.624	0.0518584815	0.948141357	4.32283885606139E-005	0.0001511922
9440000000000000000000	4.646	0.0517291685	0.9482706707	4.16366226261993E-005	0.0001528105
9452000000000000000000	4.669	0.0515897673	0.9484100726	4.00950683942258E-005	0.0001543407
9463000000000000000000	4.693	0.0514604076	0.9485394331	3.86196622100945E-005	0.0001558621
9476000000000000000000	4.718	0.0513310126	0.9486688289	3.71828292019023E-005	0.0001573255
9489000000000000000000	4.743	0.0511916049	0.9488082376	3.57970986342977E-005	0.0001586998
9502000000000000000000	4.768	0.0510621631	0.9489376803	3.44767047946629E-005	0.0001600662
9516000000000000000000	4.795	0.0509326861	0.9490671584	3.31949347030627E-005	0.0001613746
9530000000000000000000	4.821	0.0507747704	0.9492250751	3.1965690413642E-005	0.0001625962
9544000000000000000000	4.848	0.0506452416	0.9493546051	3.08004163461329E-005	0.000163788
9558000000000000000000	4.875	0.0504971653	0.9495026826	2.969389292726E-005	0.0001649444
9574000000000000000000	4.903	0.050357741	0.9496421081	2.86198853343237E-005	0.0001659875
9589000000000000000000	4.93	0.0502096054	0.9497902449	2.75909093933854E-005	0.0001670469
9605000000000000000000	4.958	0.0500701844	0.9499296673	2.6614408781731E-005	0.000168012
9621000000000000000000	4.985	0.0499405164	0.9500593366	0.000025682	0.0001689709
9637000000000000000000	5.013	0.0497922811	0.9502075734	2.48083750702931E-005	0.0001698945
9655000000000000000000	5.04	0.0496528519	0.9503470041	2.39488225127134E-005	0.0001707426
9672000000000000000000	5.068	0.0495230966	0.9504767609	2.31328840233113E-005	0.0001715851
9690000000000000000000	5.094	0.0493933058	0.9506065532	2.2355737943892E-005	0.0001723889
9709000000000000000000	5.121	0.0492538701	0.9507459906	2.1613183372582E-005	0.00017312
9727000000000000000000	5.148	0.0491425828	0.9508572794	2.0893888925388E-005	0.0001738621
9747000000000000000000	5.174	0.0490127148	0.9509871492	2.02138425639839E-005	0.0001745688
9765000000000000000000	5.2	0.0488918305	0.9511080351	1.95684381366928E-005	0.0001752185
9785000000000000000000	5.227	0.0487619206	0.9512379466	0.000018937	0.0001758668
9805000000000000000000	5.25	0.048650541	0.9513493278	1.83478694983181E-005	0.0001764924
9826000000000000000000	5.276	0.0485296637	0.9514702068	1.77707940391891E-005	0.0001770445
9847000000000000000000	5.299	0.0484182526	0.9515816196	1.72205828784384E-005	0.0001776312
9868000000000000000000	5.323	0.0483253901	0.9516744839	1.66913867636762E-005	0.0001781755
9891000000000000000000	5.345	0.0482139312	0.9517859445	1.61858266031641E-005	0.0001787039
9912000000000000000000	5.41	0.0479443974	0.9520554801	1.56853922140803E-005	0.0001792254
9933000000000000000000	5.59	0.0472005724	0.9527993073	1.51815163243528E-005	0.0001797996
