NH	T	H	H2	C	CO
921060000000	88.5	0.9881030809	0.0118969147	4.83492148721774E-005	3.37900535440234E-005
4604810000000	88.52	0.9880999192	0.0119000764	4.8349060163942E-005	3.37899454223182E-005
19340200000000	88.51	0.9880967575	0.0119032381	4.83489054568514E-005	3.3789837301413E-005
78282300000000	88.52	0.9880904341	0.0119095615	4.83485960456404E-005	3.37896210616785E-005
154946000000000	88.51	0.9880714644	0.0119285312	4.83476678359227E-005	0.000033789
254538000000000	88.48	0.9880430114	0.0119569842	4.83462755879374E-005	0.000033788
383992000000000	88.46	0.9879980753	0.0120019203	4.83597373450376E-005	3.37974074363731E-005
552322000000000	88.43	0.9879379991	0.0120619965	4.83567967813161E-005	3.37953523501454E-005
771180000000000	88.38	0.9878519139	0.0121480817	4.83682515196903E-005	3.38033577794791E-005
1055770000000000	88.27	0.9877412497	0.0122587459	4.8362833062119E-005	3.37675637859269E-005
1425360000000000	88.19	0.9875823876	0.012417608	4.84027413289352E-005	3.37730767870546E-005
1905430000000000	88.05	0.9873593618	0.0126406338	4.8423203213189E-005	3.37553281658077E-005
2530510000000000	87.85	0.9870570854	0.0129429102	4.84718393470477E-005	3.37348624140391E-005
3341360000000000	87.57	0.9866344475	0.0133655482	4.85146006324575E-005	3.36782333320428E-005
4396090000000000	87.2	0.9860225251	0.0139774705	4.85796463599722E-005	0.000033637
5582740000000000	86.7	0.9851268268	0.0148731689	4.86787425497085E-005	3.3564907519443E-005
6539100000000000	86.12	0.9839458048	0.0160541909	4.88116811745254E-005	3.34837207266988E-005
7171000000000000	85.68	0.9828270633	0.0171729325	4.89322410230276E-005	3.34257714812134E-005
7644500000000000	85.39	0.9819925069	0.0180074888	4.89708394437688E-005	3.33877452354952E-005
8147900000000000	85.17	0.9813049446	0.0186950512	0.000049033	0.000033376
8801600000000000	84.95	0.9805280817	0.0194719141	4.90747694930667E-005	3.33721329995558E-005
9614300000000000	84.67	0.9794271843	0.0205728115	4.9148850136689E-005	0.000033336
10364800000000000	84.38	0.9779081902	0.0220918056	4.92185781114933E-005	3.33186828844055E-005
10887400000000000	84.06	0.9763898785	0.0236101173	4.93050989725853E-005	3.33448798041778E-005
11297500000000000	83.88	0.9751750025	0.0248249934	4.93583093635475E-005	0.000033316
11718200000000000	83.72	0.9741713178	0.0258286781	4.93735846051165E-005	3.33482555677134E-005
12242500000000000	83.56	0.9730961757	0.0269038202	4.94178304786028E-005	3.33456714201873E-005
12911400000000000	83.34	0.9716441168	0.0283558792	4.94927157197389E-005	3.33636835272353E-005
13561000000000000	83.09	0.9696685298	0.0303314662	4.95586637687289E-005	3.33975216061454E-005
14047000000000000	82.83	0.9675839742	0.0324160218	4.96196909839606E-005	3.33953578135471E-005
14429900000000000	82.64	0.9658217459	0.0341782501	4.96811118217119E-005	3.3458707961561E-005
14803100000000000	82.47	0.9643722537	0.0356277423	4.97413057168545E-005	3.34665006205565E-005
15249900000000000	82.32	0.9628755045	0.0371244915	4.97835495871389E-005	3.34841924429966E-005
15822200000000000	82.13	0.960893851	0.0391061451	4.98521194233533E-005	3.35524152480183E-005
16396300000000000	81.9	0.9582948968	0.0417050993	4.99407034557255E-005	3.36012648580739E-005
16856800000000000	81.66	0.9554329475	0.0445670486	5.00181702123584E-005	3.36648054467591E-005
17223700000000000	81.47	0.9528854713	0.0471145249	5.00943612953707E-005	3.37383702313171E-005
17560400000000000	81.3	0.9508327215	0.0491672747	5.01625636731578E-005	3.38066484014205E-005
17971400000000000	81.14	0.9487401068	0.0512598894	5.02293728564866E-005	3.38408349225038E-005
18489600000000000	80.95	0.9461125702	0.0538874261	5.02882658818751E-005	3.39254172748501E-005
19030900000000000	80.71	0.9425064348	0.0574935614	0.000050403	0.000034048
19478100000000000	80.44	0.9384754773	0.061524519	5.05152215093536E-005	3.41355350664535E-005
19820500000000000	80.2	0.9349319648	0.0650680316	5.06533744600785E-005	3.42516501501994E-005
20152700000000000	80.03	0.9320230946	0.0679769018	0.000050721	0.000034343
20540600000000000	79.84	0.9290746478	0.0709253486	0.00005084	3.44465518324224E-005
21037500000000000	79.59	0.9253721166	0.0746278798	5.09413442052924E-005	3.45612722193345E-005
21558700000000000	79.32	0.9204192381	0.0795807583	5.1107848644252E-005	3.47205625058145E-005
21985300000000000	78.98	0.9149541976	0.0850457989	5.12539021815533E-005	3.4855398002984E-005
22336800000000000	78.68	0.9099996521	0.0900003444	5.14287682166659E-005	3.50211987319923E-005
22668300000000000	78.44	0.9057883233	0.0942116732	5.15863403373056E-005	3.51520602164336E-005
23067100000000000	78.2	0.9016080266	0.0983919699	0.000051714	3.52863541990665E-005
23558800000000000	77.91	0.8963350754	0.1036649211	5.1902268580871E-005	3.54624780619804E-005
24086800000000000	77.48	0.8894585263	0.1105414702	5.21455156573221E-005	3.56766625642015E-005
24529500000000000	77.04	0.8816976097	0.1183023869	5.24491598561958E-005	3.59328027066048E-005
24895000000000000	76.63	0.8747019649	0.1252980317	5.26671646908342E-005	3.61552968418159E-005
25252000000000000	76.29	0.8686319375	0.1313680591	5.29121349100466E-005	0.000036348
25669000000000000	75.94	0.86249685	0.1375031467	5.31237634440738E-005	3.6542818997413E-005
26184000000000000	75.54	0.8549391628	0.1450608338	5.34110658700568E-005	3.67902663891374E-005
26739000000000000	74.97	0.8452915589	0.1547084378	5.37846421698273E-005	3.70613793634587E-005
27219000000000000	74.36	0.834439036	0.1655609607	5.4216423232387E-005	3.74097005988258E-005
27631000000000000	73.8	0.8244433679	0.1755566288	5.46035756298874E-005	3.77281342847758E-005
28036000000000000	73.3	0.8155085195	0.1844914772	5.49541110767864E-005	3.79846411941795E-005
28509000000000000	72.8	0.8064759578	0.1935240389	5.53249300028493E-005	0.000038267
29099000000000000	72.18	0.7953679694	0.2046320274	5.57671794621253E-005	3.85875360622493E-005
29726000000000000	71.41	0.7814426608	0.2185573359	5.633477170411E-005	3.8995067691217E-005
30299000000000000	70.56	0.7661699281	0.2338300687	5.6994616340986E-005	3.94398063796967E-005
30806000000000000	69.77	0.7518648592	0.2481351375	5.76232385562714E-005	3.98626513300234E-005
31334000000000000	69.03	0.7387315493	0.2612684475	0.000058197	4.02074190969641E-005
31969000000000000	68.28	0.7249123067	0.2750876901	5.87832115197036E-005	4.0559609594528E-005
32744000000000000	67.31	0.7079826761	0.2920173207	5.95636896531664E-005	4.09755697682619E-005
33558000000000000	66.19	0.6873936303	0.3126063665	6.05205261439487E-005	4.14553151302891E-005
34325000000000000	65.04	0.6654569985	0.3345429983	6.15663767125447E-005	4.19107096304999E-005
35056000000000000	63.93	0.6448710237	0.3551289731	6.26017651609994E-005	4.22915415564041E-005
35871000000000000	62.85	0.6251902071	0.3748097897	6.36494063438998E-005	4.26068430444138E-005
36895000000000000	61.76	0.6036386097	0.3963613871	6.48238097368882E-005	4.28905765650133E-005
38129000000000000	60.41	0.5775718573	0.4224281395	6.63038097827581E-005	4.31334621442922E-005
39476000000000000	58.86	0.547158541	0.4528414558	6.8130656280177E-005	4.32581429220598E-005
40833000000000000	57.3	0.5157203174	0.4842796794	7.01548566501848E-005	4.32144531700035E-005
42282000000000000	55.85	0.4861111096	0.5138888872	7.2174329271186E-005	4.30268197858218E-005
43941000000000000	54.44	0.4567286557	0.5432713411	0.000074291	4.26319127846082E-005
45819000000000000	53.01	0.4262254279	0.573774569	7.65862152339033E-005	4.20253793145103E-005
47564000000000000	51.58	0.395230846	0.6047691508	7.90461692087606E-005	4.12024351825638E-005
48890000000000000	50.42	0.36952263	0.6304773668	8.12454889727174E-005	0.000040365
49940000000000000	49.62	0.3516781311	0.6483218658	8.27600581140899E-005	3.96862621246092E-005
51040000000000000	49.06	0.3384477947	0.6615522023	8.39157162050152E-005	3.91466553367165E-005
52470000000000000	48.48	0.325461957	0.67453804	0.000085085	3.8550325503291E-005
54290000000000000	47.81	0.3101052735	0.6898947235	8.65173940635797E-005	3.78025970108563E-005
56170000000000000	47.06	0.2921930668	0.7078069302	8.81654246372695E-005	3.68372744825529E-005
57730000000000000	46.37	0.275899672	0.724100325	8.97491818513383E-005	3.58887676151585E-005
59060000000000000	45.86	0.2635509905	0.7364490066	9.08891204997112E-005	3.51035201349942E-005
60510000000000000	45.46	0.2537972928	0.7462027043	9.1853078994638E-005	0.000034449
62360000000000000	45.07	0.2440988607	0.7559011364	9.28075531919655E-005	3.37628435579867E-005
64730000000000000	44.61	0.2325750371	0.7674249601	0.000093902	3.29048123825941E-005
67180000000000000	44.1	0.2195067006	0.7804932966	9.5224687199797E-005	3.18673273130486E-005
69290000000000000	43.63	0.2074380628	0.7925619344	9.63773453902824E-005	3.08464197805016E-005
71170000000000000	43.27	0.19815353	0.8018464673	9.73385761311618E-005	3.0016526960353E-005
73260000000000000	42.99	0.1904571195	0.8095428779	9.80605295158662E-005	2.92922935309939E-005
75940000000000000	42.71	0.1828525452	0.8171474521	9.87817489624288E-005	2.85541890979819E-005
79280000000000000	42.37	0.1738352285	0.8261647689	9.96478260775326E-005	0.000027637
82680000000000000	42.02	0.164054336	0.8359456614	0.0001006037	2.65935213526864E-005
85680000000000000	41.72	0.1552418175	0.84475818	0.0001013943	2.56169417704302E-005
88500000000000000	41.47	0.1483629118	0.8516370857	0.0001020324	0.000024817
91720000000000000	41.27	0.1424375914	0.8575624061	0.0001025551	2.40998530974562E-005
95870000000000000	41.07	0.1364065076	0.86359349	0.0001031007	2.33612355004878E-005
100870000000000000	40.83	0.1294061979	0.8705937997	0.0001036196	2.24745681975226E-005
105930000000000000	40.6	0.1222235417	0.8777764559	0.0001042285	2.15227461182754E-005
110550000000000000	40.39	0.1158245946	0.8841754031	0.000104683	2.0662535699987E-005
115160000000000000	40.23	0.1107392575	0.8892607402	0.0001050619	1.99605569370541E-005
120970000000000000	40.09	0.106265724	0.8937342737	0.0001053672	1.93183179143892E-005
128520000000000000	39.93	0.1011708193	0.8988291784	0.0001056139	0.000018583
137200000000000000	39.75	0.0955621122	0.9044378856	0.0001059192	1.77455289544001E-005
145590000000000000	39.58	0.0900857382	0.9099142596	0.000106207	1.69182465516078E-005
153450000000000000	39.43	0.0856796849	0.9143203129	0.0001064487	1.62337268799125E-005
161850000000000000	39.34	0.0820845718	0.9179154261	0.0001065947	1.56706909815769E-005
172380000000000000	39.22	0.078755469	0.9212445289	0.0001067088	1.51312590833098E-005
185890000000000000	39.13	0.0750776349	0.9249223631	0.0001068623	1.45466723194696E-005
201180000000000000	39.01	0.0711149059	0.928885092	0.0001069163	1.38936325648096E-005
216300000000000000	38.92	0.0674651673	0.9325348307	0.0001070032	1.32852603006676E-005
231370000000000000	38.82	0.0644707034	0.9355292946	0.0001070838	1.27716891926086E-005
248530000000000000	38.74	0.0618297689	0.9381702292	0.0001070531	1.23230589866006E-005
270210000000000000	38.68	0.059336074	0.940663924	0.0001070749	1.1885623097562E-005
294810000000000000	38.59	0.0566675474	0.9433324507	0.0001071159	1.14183172203136E-005
321870000000000000	38.52	0.054136384	0.9458636141	0.0001070789	1.10032800395163E-005
351510000000000000	38.45	0.0518202709	0.9481797272	0.0001070784	1.05784573858359E-005
384230000000000000	38.4	0.0496571118	0.9503428864	0.0001069984	1.0181804707366E-005
420040000000000000	38.33	0.047683705	0.9523162932	0.0001069581	9.81323983220646E-006
459450000000000000	38.28	0.0458593136	0.9541406846	0.00010697	9.46725083385585E-006
502870000000000000	38.23	0.0441663212	0.955833677	0.0001069668	0.00000915
550490000000000000	38.18	0.0425498994	0.9574500988	0.0001068853	0.000008838
602840000000000000	38.14	0.0410526119	0.9589473863	0.0001068594	8.54256101847579E-006
660320000000000000	38.09	0.0396299878	0.9603700104	0.0001068249	8.26451403435842E-006
723540000000000000	38.05	0.0382825587	0.9617174395	0.0001067817	7.99776631956714E-006
793110000000000000	38.02	0.0369988637	0.9630011345	0.0001067311	7.74871319090093E-006
869550000000000000	37.98	0.0357673167	0.9642326816	0.0001067366	7.49889720795187E-006
953550000000000000	37.95	0.0345882235	0.9654117747	0.000106674	0.000007267
1045940000000000000	37.91	0.03344985	0.9665501482	0.0001066066	7.04076427158848E-006
1147930000000000000	37.88	0.0323584318	0.9676415665	0.0001065961	6.8201617805349E-006
1259400000000000000	37.85	0.0312961083	0.96870389	0.0001065201	6.60536521384326E-006
1382100000000000000	37.82	0.0302690582	0.9697309401	0.0001065022	6.40259092097621E-006
1517100000000000000	37.79	0.0292713927	0.9707286056	0.0001064188	6.20381561351156E-006
1665300000000000000	37.76	0.0283148309	0.9716851674	0.0001064613	6.01471871273222E-006
1828800000000000000	37.73	0.0273635875	0.9726364108	0.0001064347	5.82708407758934E-006
2007500000000000000	37.7	0.0264420826	0.9735579157	0.0001064049	5.64538776012541E-006
2204500000000000000	37.67	0.0255321805	0.9744678179	0.0001063737	5.46850614005869E-006
2421900000000000000	37.64	0.0246675997	0.9753323987	0.0001064056	5.29966009340971E-006
2660600000000000000	37.61	0.02379881	0.9762011884	0.0001063697	5.13286834835074E-006
2922600000000000000	37.58	0.0229540169	0.9770459815	0.0001063311	4.97086989432161E-006
3211000000000000000	37.55	0.0221410294	0.977858969	0.0001064196	4.81672181872268E-006
3527700000000000000	37.53	0.0213194666	0.9786805319	0.0001063783	4.6631248870856E-006
3875900000000000000	37.5	0.0205343564	0.9794656421	0.0001063956	4.51555565978765E-006
4259400000000000000	37.47	0.0197552206	0.9802447778	0.0001064803	4.37258069901418E-006
4680400000000000000	37.44	0.0190121214	0.9809878771	0.0001064929	4.23591317043647E-006
5143900000000000000	37.41	0.0182565439	0.9817434546	0.0001065069	4.09926446930645E-006
5653800000000000000	37.38	0.0175548589	0.9824451396	0.0001066458	3.97366770559465E-006
6213300000000000000	37.35	0.016835439	0.9831645595	0.0001067185	3.84675674251648E-006
6829200000000000000	37.32	0.0161568627	0.9838431358	0.0001068549	3.72831371994364E-006
7506700000000000000	37.29	0.0154861704	0.9845138282	0.0001069851	3.61176647225838E-006
8251800000000000000	37.26	0.0148370933	0.9851629052	0.0001071184	3.50112706142599E-006
9071400000000000000	37.22	0.0141906317	0.9858093669	0.0001073088	3.39193770699349E-006
9971600000000000000	37.2	0.0135774467	0.9864225518	0.0001075012	3.29037891974696E-006
10964500000000000000	37.16	0.0129677565	0.9870322421	0.0001076877	0.000003191
12048000000000000000	37.13	0.0123844848	0.9876155138	0.0001080028	3.09737850821947E-006
13252100000000000000	37.09	0.0117931052	0.9882068934	0.0001082501	3.00422439167101E-006
14566900000000000000	37.05	0.0112585697	0.9887414289	0.0001086232	2.92093841973823E-006
16012400000000000000	37.01	0.0107042679	0.9892957308	0.0001089294	2.83707122789722E-006
17608700000000000000	36.97	0.0101875798	0.9898124188	0.0001093639	2.76115505006043E-006
19355600000000000000	36.92	0.0096641168	0.9903358818	0.0001098624	2.68643560564031E-006
21283300000000000000	36.88	0.0091842451	0.9908157535	0.0001103494	0.000002618
23401700000000000000	36.82	0.0086975142	0.9913024845	0.0001109705	2.55257240766308E-006
25730900000000000000	36.79	0.0082238706	0.9917761281	0.0001115827	2.49108975403394E-006
28300800000000000000	36.73	0.0077865134	0.9922134852	0.0001123249	2.43612034759273E-006
31111500000000000000	36.67	0.0073487704	0.9926512283	0.0001131307	2.38425371227124E-006
34213000000000000000	36.6	0.0069250594	0.9930749393	0.0001139894	2.33523840431223E-006
37625200000000000000	36.54	0.0065244114	0.9934755874	0.0001149809	2.29331483934361E-006
41368200000000000000	36.46	0.0061190526	0.9938809462	0.0001160999	2.25262864200753E-006
45351000000000000000	36.39	0.005746746	0.9942532528	0.0001172046	2.21862853300771E-006
49654200000000000000	36.29	0.005383041	0.9946169577	0.0001185089	2.18853572815003E-006
54237400000000000000	36.22	0.005051085	0.9949489138	0.0001198734	2.16592239765639E-006
59241000000000000000	36.12	0.00473147	0.9952685288	0.0001214265	2.14768472006938E-006
64644900000000000000	36.01	0.0044195444	0.9955804544	0.0001229649	2.13248538393591E-006
70328300000000000000	35.9	0.0041229813	0.9958770175	0.0001247055	2.12176079389066E-006
76200900000000000000	35.8	0.0038501381	0.9961498607	0.0001265072	2.11729190920039E-006
82343000000000000000	35.67	0.0035909874	0.9964090115	0.0001284345	2.11594841411901E-006
88824800000000000000	35.57	0.0033549926	0.9966450063	0.0001304228	2.12087067876571E-006
97251100000000000000	35.42	0.0031219518	0.996878047	0.0001327066	2.13580648074847E-006
106988700000000000000	35.25	0.0028474736	0.9971525253	0.000135585	2.15028774460277E-006
117616200000000000000	35.06	0.0025766244	0.9974233745	0.000138717	2.17361230625537E-006
129343400000000000000	34.85	0.0023194966	0.9976805023	0.0001422279	2.20576480908943E-006
142270100000000000000	34.62	0.0020716966	0.9979283023	0.0001459288	2.24739268077005E-006
156496100000000000000	34.37	0.0018333415	0.9981666574	0.0001499145	2.29641506303604E-006
172121200000000000000	34.1	0.0016031221	0.9983968769	0.000154246	2.34876024767523E-006
188243500000000000000	33.82	0.0013835262	0.9986164727	0.000158641	0.000002403
201759700000000000000	33.56	0.0011966675	0.9988033314	0.0001625268	2.45591831811745E-006
212070800000000000000	33.36	0.0010697405	0.9989302585	0.000165519	2.51249927036828E-006
222080600000000000000	33.18	0.0009825779	0.9990174211	0.0001679361	2.56962455653655E-006
235092200000000000000	32.96	0.0008960318	0.9991039671	0.0001706697	2.63055221730461E-006
250104000000000000000	32.71	0.0007906457	0.9992093533	0.0001736134	2.69805485714646E-006
261512000000000000000	32.47	0.0006965417	0.9993034573	0.0001762213	2.77415741570746E-006
269117000000000000000	32.31	0.0006409551	0.9993590439	0.0001778745	2.8495323022572E-006
276621000000000000000	32.16	0.0006059577	0.9993940413	0.0001792082	2.91347699968694E-006
286327000000000000000	32	0.0005672302	0.9994327688	0.0001806691	2.97933373771815E-006
297733000000000000000	31.78	0.0005206017	0.9994793974	0.000182258	3.06165637027318E-006
307237000000000000000	31.58	0.0004762437	0.9995237554	0.000183657	3.15915256527526E-006
314441000000000000000	31.41	0.0004458479	0.9995541511	0.0001846741	3.25345076644937E-006
321544000000000000000	31.26	0.0004237293	0.9995762698	0.0001855001	0.000003337
330047000000000000000	31.09	0.0004010409	0.9995989582	0.0001863263	3.42493836601695E-006
339151000000000000000	30.88	0.0003757601	0.999624239	0.0001871529	3.53314373666049E-006
347053000000000000000	30.7	0.0003528167	0.9996471825	0.0001878527	3.65335953210106E-006
353756000000000000000	30.55	0.000335561	0.9996644381	0.000188425	3.76976557885346E-006
360758000000000000000	30.38	0.000321086	0.9996789131	0.0001888704	3.88237098461464E-006
368660000000000000000	30.19	0.0003063577	0.9996936414	0.0001893158	4.00762700775988E-006
376663000000000000000	30	0.0002913762	0.999708623	0.0001897613	4.15565153080185E-006
383965000000000000000	29.79	0.000278101	0.9997218982	0.00019008	4.31631984618396E-006
390866000000000000000	29.62	0.0002671013	0.9997328979	0.0001903982	4.47887926346663E-006
398168000000000000000	29.41	0.000257429	0.9997425702	0.0001905898	4.64839192513991E-006
405770000000000000000	29.2	0.0002478829	0.9997521163	0.0001907813	4.83877494880475E-006
413472000000000000000	28.98	0.0002387159	0.9997612833	0.0001909095	5.05445410324648E-006
422374000000000000000	28.72	0.0002302443	0.999769755	0.0001910376	5.2998547225525E-006
431676000000000000000	28.44	0.0002213931	0.9997786061	0.0001911025	5.5996455138042E-006
440078000000000000000	28.14	0.0002135534	0.9997864459	0.0001910408	5.93990770784599E-006
447279000000000000000	27.87	0.0002073574	0.9997926419	0.0001909787	6.28016491245413E-006
453781000000000000000	27.61	0.0002026155	0.9997973838	0.0001908532	6.60207760072381E-006
460182000000000000000	27.37	0.000198569	0.9998014302	0.0001906642	6.91829705685809E-006
467083000000000000000	27.1	0.000194649	0.9998053503	0.0001904753	7.27246143470517E-006
473985000000000000000	26.82	0.0001907922	0.9998092071	0.0001902863	7.66457153091488E-006
480586000000000000000	26.54	0.0001873779	0.9998126214	0.0001899707	8.10094856433629E-006
486487000000000000000	26.24	0.0001845959	0.9998154034	0.0001896551	8.54364712230602E-006
492088000000000000000	25.96	0.0001823197	0.9998176796	0.000189276	8.98634359758194E-006
497589000000000000000	25.69	0.0001802964	0.999819703	0.0001889602	9.44168764400097E-006
503190000000000000000	25.4	0.0001783995	0.9998215998	0.0001885812	9.92232821075276E-006
508791000000000000000	25.1	0.0001766924	0.999823307	0.0001881388	1.04598845653826E-005
514092000000000000000	24.8	0.0001751749	0.9998248245	0.0001876332	1.10353846854343E-005
519193000000000000000	24.49	0.0001738471	0.9998261523	0.0001870642	1.16235323717845E-005
523894000000000000000	24.19	0.0001727722	0.9998272272	0.0001865585	1.22243265670018E-005
528694000000000000000	23.9	0.0001718237	0.9998281757	0.0001859895	1.28504165274358E-005
533495000000000000000	23.59	0.0001710017	0.9998289977	0.0001853573	1.35144501456733E-005
538196000000000000000	23.28	0.000170243	0.9998297564	0.000184725	1.42354002640282E-005
542697000000000000000	22.96	0.0001696107	0.9998303887	0.0001839663	1.50006178500962E-005
547098000000000000000	22.65	0.0001690416	0.9998309578	0.0001832707	1.57911315729047E-005
551298000000000000000	22.34	0.000168599	0.9998314004	0.0001824487	1.66069402754378E-005
555499000000000000000	22.03	0.0001682196	0.9998317798	0.0001816899	1.74606928785177E-005
559700000000000000000	21.73	0.0001679035	0.999832096	0.0001808046	0.000018365
563800000000000000000	21.41	0.0001676506	0.9998323489	0.000179856	1.93326216990186E-005
567901000000000000000	21.1	0.0001673977	0.9998326018	0.0001788442	2.03507989418742E-005
571802000000000000000	20.8	0.000167208	0.9998327915	0.0001778324	2.14132437200161E-005
575702000000000000000	20.5	0.0001670183	0.9998329812	0.0001767573	2.25136332269695E-005
579603000000000000000	20.2	0.0001668918	0.9998331077	0.000175619	2.36646140987222E-005
583404000000000000000	19.91	0.0001667654	0.9998332342	0.0001744807	2.48851598762922E-005
587304000000000000000	19.62	0.0001666389	0.9998333606	0.0001732159	2.61815946427488E-005
591105000000000000000	19.33	0.0001665124	0.9998334871	0.0001718246	2.75412703119379E-005
594906000000000000000	19.05	0.0001664492	0.9998335503	0.0001704334	2.89578610182622E-005
598606000000000000000	18.77	0.0001663227	0.9998336768	0.0001689788	3.04376944114371E-005
602407000000000000000	18.5	0.0001661963	0.9998338033	0.0001674611	3.19870928332102E-005
606107000000000000000	18.23	0.0001660698	0.9998339297	0.0001658801	0.000033625
609908000000000000000	17.97	0.0001658801	0.9998341194	0.0001641726	3.53515036534808E-005
613709000000000000000	17.71	0.0001656904	0.9998343091	0.0001623387	3.71665163487306E-005
617509000000000000000	17.45	0.0001655008	0.9998344988	0.0001605047	3.90637425630807E-005
621310000000000000000	17.21	0.0001652478	0.9998347517	0.0001585443	4.104318493892E-005
625111000000000000000	16.97	0.0001649317	0.9998350679	0.0001564574	4.31238161166123E-005
629011000000000000000	16.73	0.0001646155	0.9998353841	0.0001543073	4.53246059301576E-005
632912000000000000000	16.49	0.0001642361	0.9998357634	0.0001519674	4.76455575066765E-005
636913000000000000000	16.27	0.0001638568	0.9998361428	0.0001496276	5.0029751587299E-005
640913000000000000000	16.06	0.0001633509	0.9998366487	0.0001472245	5.24329263390853E-005
645114000000000000000	15.85	0.0001628451	0.9998371545	0.000144695	5.49752332973674E-005
649615000000000000000	15.64	0.0001622128	0.9998377868	0.0001419125	5.77578653206144E-005
654215000000000000000	15.43	0.0001615172	0.9998384824	0.0001389402	6.07555237205061E-005
658716000000000000000	15.24	0.0001606952	0.9998393044	0.0001358415	6.38733521458381E-005
663317000000000000000	15.05	0.0001598732	0.9998401264	0.0001327428	6.69722133993018E-005
668018000000000000000	14.87	0.000158988	0.9998410116	0.0001295177	7.01975662809055E-005
673018000000000000000	14.7	0.0001579763	0.9998420233	0.000126166	7.36126575046018E-005
678419000000000000000	14.53	0.0001569014	0.9998430983	0.0001224982	7.72807252415638E-005
683820000000000000000	14.36	0.0001556367	0.9998443629	0.0001186406	8.11385400115644E-005
689421000000000000000	14.21	0.0001543721	0.9998456275	0.0001146566	8.51860885685053E-005
695322000000000000000	14.06	0.000152981	0.9998470186	0.000110546	8.92336586508834E-005
701523000000000000000	13.93	0.0001515267	0.999848473	0.0001063722	0.000093471
708224000000000000000	13.79	0.0001498827	0.999850117	0.0001018823	9.7961279646794E-005
715325000000000000000	13.66	0.0001481754	0.9998518243	9.72025461031639E-005	0.0001027046
722926000000000000000	13.54	0.0001462784	0.9998537212	9.22698658625938E-005	0.0001076376
731027000000000000000	13.44	0.0001443814	0.9998556182	8.72106829556648E-005	0.0001126972
739828000000000000000	13.33	0.0001422947	0.9998577049	0.000082025	0.0001178833
749630000000000000000	13.24	0.0001401448	0.9998598548	7.66495979805129E-005	0.0001232591
760431000000000000000	13.15	0.0001378684	0.9998621313	7.10212000883904E-005	0.000128888
770733000000000000000	13.09	0.0001355288	0.9998644709	6.53927807031407E-005	0.0001345169
780434000000000000000	13.04	0.0001333788	0.9998666209	0.000060422	0.0001395133
789635000000000000000	13	0.000131545	0.9998684547	0.000056128	0.0001438141
798736000000000000000	12.96	0.0001299009	0.9998700988	5.22892218631996E-005	0.0001476721
807737000000000000000	12.94	0.0001283833	0.9998716164	0.000048792	0.0001511507
816639000000000000000	12.91	0.0001269921	0.9998730076	4.5604581009294E-005	0.0001543763
825340000000000000000	12.9	0.0001257274	0.9998742723	4.26954535869553E-005	0.0001572857
833941000000000000000	12.88	0.0001245892	0.9998754105	4.00456110014069E-005	0.0001599421
842542000000000000000	12.86	0.0001235142	0.9998764855	3.76107872189576E-005	0.0001623455
851043000000000000000	12.85	0.0001225656	0.999877434	0.000035372	0.0001646225
859444000000000000000	12.83	0.0001216803	0.9998783193	3.33103042882356E-005	0.0001666464
867845000000000000000	12.82	0.0001208583	0.9998791414	3.14067034549289E-005	0.0001685438
876246000000000000000	12.8	0.0001200994	0.9998799002	2.9642233348586E-005	0.0001703148
884647000000000000000	12.79	0.0001194038	0.9998805958	2.8004245909856E-005	0.0001719592
893048000000000000000	12.77	0.0001187082	0.9998812914	2.6480094669299E-005	0.0001734772
901349000000000000000	12.75	0.0001181391	0.9998818606	2.5057127966599E-005	0.0001749319
909750000000000000000	12.73	0.00011757	0.9998824297	2.37353495167193E-005	0.0001762601
918151000000000000000	12.71	0.0001170641	0.9998829356	2.24957849577998E-005	0.0001774618
926652000000000000000	12.69	0.0001166214	0.9998833782	2.13384346498101E-005	0.0001786635
935053000000000000000	12.67	0.0001161788	0.9998838209	2.02506514513673E-005	0.0001797388
943654000000000000000	12.65	0.0001157994	0.9998842003	1.92324342385343E-005	0.0001807507
952155000000000000000	12.62	0.0001154832	0.9998845165	1.82711345232038E-005	0.0001816994
960856000000000000000	12.6	0.0001151038	0.9998848959	1.73667547384397E-005	0.0001826482
969557000000000000000	12.57	0.0001148508	0.9998851488	0.000016513	0.0001834704
978358000000000000000	12.54	0.0001145346	0.999885465	1.57034510415847E-005	0.0001842926
987259000000000000000	12.51	0.0001143449	0.9998856547	1.49382031404258E-005	0.0001850516
996260000000000000000	12.47	0.000114092	0.9998859077	1.42172265685363E-005	0.0001857473
1005161000000000000000	12.43	0.0001139023	0.9998860974	1.3534195119769E-005	0.000186443
1015162000000000000000	12.4	0.0001137758	0.9998862239	1.28827845542729E-005	0.0001870755
1024163000000000000000	12.35	0.0001135861	0.9998864136	1.22566721665165E-005	0.000187708
1034164000000000000000	12.31	0.0001134596	0.9998865401	1.16685051638667E-005	0.0001883404
1046165000000000000000	12.25	0.0001134596	0.9998865401	1.10613634317701E-005	0.0001889096
1062167000000000000000	12.16	0.0001133964	0.9998866033	1.03340588854301E-005	0.0001896686
1078169000000000000000	12.08	0.0001133331	0.9998866665	9.54351030866515E-006	0.0001904275
1092171000000000000000	12	0.0001133331	0.9998866665	8.86680016750079E-006	0.0001911232
1104172000000000000000	11.93	0.0001133331	0.9998866665	8.3418754785604E-006	0.0001916291
1117174000000000000000	11.85	0.0001134596	0.9998865401	7.89284251738469E-006	0.0001920718
1130175000000000000000	11.77	0.0001135228	0.9998864768	7.45013453322116E-006	0.0001925145
1142176000000000000000	11.69	0.0001136493	0.9998863504	7.05169690477642E-006	0.0001929572
1153178000000000000000	11.61	0.000113839	0.9998861606	6.70385408149082E-006	0.0001932734
1164179000000000000000	11.53	0.0001139655	0.9998860342	6.40028252107838E-006	0.0001935896
1175180000000000000000	11.45	0.0001141552	0.9998858445	6.11694869553963E-006	0.0001938425
1186181000000000000000	11.37	0.0001144082	0.9998855915	0.000005857	0.0001941587
1196183000000000000000	11.3	0.0001145979	0.9998854018	5.61731950592159E-006	0.0001943484
1207184000000000000000	11.22	0.0001148508	0.9998851489	5.39786195164086E-006	0.0001946013
1217185000000000000000	11.14	0.0001151038	0.9998848959	5.19548034153156E-006	0.000194791
1226186000000000000000	11.06	0.0001152935	0.9998847062	5.00827766506388E-006	0.0001949807
1236187000000000000000	10.99	0.0001156097	0.99988439	4.83435564665767E-006	0.0001951703
1245188000000000000000	10.91	0.0001158626	0.9998841371	4.67181791310804E-006	0.0001952968
1254189000000000000000	10.84	0.0001161155	0.9998838841	4.52066413903288E-006	0.0001954865
1263190000000000000000	10.76	0.0001164317	0.999883568	4.37962916387971E-006	0.0001956129
1272191000000000000000	10.69	0.0001166847	0.999883315	4.24681623042373E-006	0.0001957393
1281192000000000000000	10.62	0.0001170009	0.9998829988	4.1228572228811E-006	0.0001958658
1290193000000000000000	10.55	0.0001172538	0.9998827459	4.00522291568378E-006	0.0001959922
1298194000000000000000	10.48	0.00011757	0.9998824297	3.89517766259107E-006	0.0001961186
1306195000000000000000	10.41	0.0001178862	0.9998821135	3.79019197113037E-006	0.0001961818
1315196000000000000000	10.34	0.0001182023	0.9998817973	3.69153070911082E-006	0.0001963082
1323197000000000000000	10.27	0.0001185185	0.9998814812	3.5979289983238E-006	0.0001963714
1331198000000000000000	10.2	0.0001188347	0.999881165	3.50875439806508E-006	0.0001964978
1339199000000000000000	10.13	0.0001191509	0.9998808488	3.42463933983916E-006	0.000196561
1347200000000000000000	10.06	0.0001194671	0.9998805326	3.34368651233321E-006	0.0001966242
1354201000000000000000	9.998	0.0001197832	0.9998802164	3.2671607831562E-006	0.0001966874
1362202000000000000000	9.933	0.0001200994	0.9998799003	3.19316484279477E-006	0.0001968138
1370203000000000000000	9.868	0.0001204156	0.9998795841	0.000003123	0.000196877
1377204000000000000000	9.805	0.0001207318	0.9998792679	3.05592449244168E-006	0.0001969402
1385205000000000000000	9.742	0.000121048	0.9998789517	2.99141520664146E-006	0.0001970033
1392206000000000000000	9.68	0.0001214274	0.9998785723	2.92943551358964E-006	0.0001970665
1400207000000000000000	9.618	0.0001217436	0.9998782561	2.86935335111708E-006	0.0001971297
1407207000000000000000	9.557	0.0001220597	0.99987794	2.81243339596552E-006	0.0001971929
1414208000000000000000	9.497	0.0001223759	0.9998776238	2.75677834414105E-006	0.0001972561
1421209000000000000000	9.438	0.0001227553	0.9998772444	2.70365289038533E-006	0.000197256
1428210000000000000000	9.379	0.0001230715	0.9998769282	2.6517925110248E-006	0.0001973192
1436211000000000000000	9.321	0.0001233877	0.999876612	2.60182946353663E-006	0.0001973823
1443212000000000000000	9.264	0.0001237671	0.9998762326	2.55376358461217E-006	0.0001974455
1450213000000000000000	9.207	0.0001240833	0.9998759164	0.000002507	0.0001974455
1457214000000000000000	9.151	0.0001243995	0.9998756003	2.46142684136306E-006	0.0001975086
1463214000000000000000	9.096	0.0001247156	0.9998752841	2.41778824227484E-006	0.0001975718
1470215000000000000000	9.042	0.000125095	0.9998749047	2.37478195258111E-006	0.000197635
1477216000000000000000	8.988	0.0001254112	0.9998745885	0.000002333	0.0001976349
1484217000000000000000	8.934	0.0001257274	0.9998742723	2.29256434987475E-006	0.0001976981
1491218000000000000000	8.882	0.0001261068	0.9998738929	2.25335273904448E-006	0.000197698
1498219000000000000000	8.83	0.000126423	0.9998735767	2.21477372910652E-006	0.0001977612
1504220000000000000000	8.778	0.0001267392	0.9998732606	2.17745960537688E-006	0.0001978244
1511220000000000000000	8.727	0.0001271186	0.9998728811	2.14077780056115E-006	0.0001978243
1518221000000000000000	8.677	0.0001274347	0.999872565	2.10472858711811E-006	0.0001978875
1524222000000000000000	8.628	0.0001277509	0.9998722488	2.06994425700342E-006	0.0001978874
1531223000000000000000	8.579	0.0001281303	0.9998718694	2.03579225020275E-006	0.0001979506
1538224000000000000000	8.53	0.0001284465	0.9998715532	2.00227282573502E-006	0.0001979505
1544225000000000000000	8.483	0.0001287627	0.999871237	1.96938585209087E-006	0.0001980137
1551226000000000000000	8.435	0.0001290788	0.9998709209	1.93713132867033E-006	0.0001980137
1557226000000000000000	8.389	0.0001294583	0.9998705415	1.90550913436346E-006	0.0001980768
1564227000000000000000	8.343	0.0001297744	0.9998702253	1.87451951155013E-006	0.0001980768
1570228000000000000000	8.298	0.0001300906	0.9998699091	1.84416233712051E-006	0.0001981399
1577229000000000000000	8.253	0.0001304068	0.9998695929	1.81443761047474E-006	0.0001981399
1583230000000000000000	8.209	0.0001307229	0.9998692768	1.78534533101262E-006	0.0001982031
1590231000000000000000	8.165	0.0001311024	0.9998688974	1.75625295887885E-006	0.000198203
1596231000000000000000	8.122	0.0001314185	0.9998685812	1.72779314599919E-006	0.0001982662
1603232000000000000000	8.08	0.0001317347	0.999868265	0.0000017	0.0001982661
1609233000000000000000	8.038	0.0001320509	0.9998679489	1.67277085687134E-006	0.0001983293
1616234000000000000000	7.996	0.000132367	0.9998676327	1.64557595207817E-006	0.0001983292
1622235000000000000000	7.956	0.0001326832	0.9998673165	1.6196459187741E-006	0.0001983292
1629236000000000000000	7.915	0.0001329994	0.9998670003	1.59308347492366E-006	0.0001983923
1635237000000000000000	7.876	0.0001333156	0.9998666842	1.56778590136238E-006	0.0001983923
1641237000000000000000	7.837	0.0001336317	0.999866368	1.54248834379992E-006	0.0001984554
1648238000000000000000	7.798	0.0001339479	0.9998660518	1.51782322858142E-006	0.0001984554
1654239000000000000000	7.76	0.0001342641	0.9998657357	1.49315812896183E-006	0.0001984553
1661240000000000000000	7.723	0.0001345802	0.9998654195	1.46912547088625E-006	0.0001985185
1667241000000000000000	7.686	0.0001348332	0.9998651666	1.44572534518628E-006	0.0001985185
1673242000000000000000	7.649	0.0001351493	0.9998648504	1.42232514137387E-006	0.0001985184
1680243000000000000000	7.614	0.0001354655	0.9998645342	1.39892495236022E-006	0.0001985816
1686243000000000000000	7.578	0.0001357817	0.999864218	1.37678962851611E-006	0.0001985815
1692244000000000000000	7.544	0.0001360346	0.9998639651	0.000001354	0.0001985815
1699245000000000000000	7.509	0.0001363508	0.9998636489	1.33251910709647E-006	0.0001986446
1705246000000000000000	7.476	0.000136667	0.9998633328	0.000001311	0.0001986446
1712247000000000000000	7.443	0.0001369199	0.9998630798	1.28951348500353E-006	0.0001986445
1718248000000000000000	7.41	0.0001372361	0.9998627637	1.26864307648489E-006	0.0001987077
1724249000000000000000	7.378	0.000137489	0.9998625107	1.24840518418279E-006	0.0001987077
1731250000000000000000	7.346	0.0001378052	0.9998621946	1.22816722444757E-006	0.0001987076
1737250000000000000000	7.315	0.0001380581	0.9998619416	1.2079293539036E-006	0.0001987708
1743251000000000000000	7.285	0.000138311	0.9998616887	0.000001189	0.0001987707
1750252000000000000000	7.255	0.0001386272	0.9998613725	1.16935083985699E-006	0.0001987707
1756253000000000000000	7.225	0.0001388801	0.9998611196	1.15037784728135E-006	0.0001988339
1762254000000000000000	7.196	0.0001391331	0.9998608667	0.000001132	0.0001988338
1769255000000000000000	7.167	0.0001394492	0.9998605505	1.11369666630587E-006	0.0001988337
1775256000000000000000	7.139	0.0001397022	0.9998602976	0.000001096	0.0001988337
1781257000000000000000	7.111	0.0001399551	0.9998600446	1.07828044029084E-006	0.0001988969
1788258000000000000000	7.084	0.000140208	0.9998597917	1.06057234072213E-006	0.0001988968
1794258000000000000000	7.057	0.000140461	0.9998595388	1.04349667233818E-006	0.0001988968
1801259000000000000000	7.031	0.0001407139	0.9998592858	1.02705343465912E-006	0.0001988967
1807260000000000000000	7.005	0.0001409668	0.9998590329	1.01061020529928E-006	0.0001989599
1813261000000000000000	6.98	0.0001412198	0.99985878	9.94166984258734E-007	0.0001989599
1820262000000000000000	6.955	0.0001414727	0.999858527	9.78356193123068E-007	0.0001989598
1826263000000000000000	6.93	0.0001416624	0.9998583373	9.63177892325769E-007	0.0001989598
1833264000000000000000	6.906	0.0001419153	0.9998580844	9.47367116028687E-007	0.000199023
1839265000000000000000	6.882	0.0001421683	0.9998578315	9.32821190022395E-007	0.0001990229
1846266000000000000000	6.859	0.0001424212	0.9998575785	9.17642850389609E-007	0.0001990229
1852267000000000000000	6.836	0.0001426109	0.9998573888	9.03096996375573E-007	0.0001990228
1858268000000000000000	6.813	0.0001428638	0.9998571359	8.8918351239305E-007	0.000199086
1865268000000000000000	6.791	0.0001430535	0.9998569462	8.75270090803726E-007	0.000199086
1871269000000000000000	6.769	0.0001433065	0.9998566933	8.61356620019855E-007	0.000199086
1878270000000000000000	6.747	0.0001434962	0.9998565036	8.48075630175195E-007	0.0001990859
1884271000000000000000	6.726	0.0001437491	0.9998562507	8.34794592575977E-007	0.0001990859
1891272000000000000000	6.705	0.0001439388	0.999856061	8.21513613650208E-007	0.0001991491
1897273000000000000000	6.684	0.0001441917	0.999855808	8.08865008515602E-007	0.000199149
1904274000000000000000	6.664	0.0001443814	0.9998556183	7.96216460134662E-007	0.000199149
1910275000000000000000	6.644	0.0001445711	0.9998554286	7.84200336179173E-007	0.0001991489
1917276000000000000000	6.624	0.0001447608	0.9998552389	7.72184216783208E-007	0.0001991489
1923277000000000000000	6.605	0.0001450138	0.999854986	7.60168053872265E-007	0.0001991489
1930278000000000000000	6.586	0.0001452035	0.9998547963	7.48151944355273E-007	0.0001992121
1937279000000000000000	6.567	0.0001453932	0.9998546066	7.36768258503764E-007	0.000199212
1943280000000000000000	6.548	0.0001455829	0.9998544169	7.25384576971845E-007	0.000199212
1950281000000000000000	6.53	0.0001457725	0.9998542272	7.14633318625505E-007	0.0001992119
1956282000000000000000	6.512	0.0001459622	0.9998540375	7.03882064358688E-007	0.0001992119
1963283000000000000000	6.494	0.0001461519	0.9998538478	6.9313081417148E-007	0.0001992119
1970284000000000000000	6.476	0.0001464049	0.9998535949	6.82379524908845E-007	0.0001992751
1977285000000000000000	6.459	0.0001465946	0.9998534052	6.72260701906797E-007	0.000199275
1983286000000000000000	6.441	0.0001467843	0.9998532155	6.62141882744292E-007	0.000199275
1990287000000000000000	6.424	0.000146974	0.9998530258	0.000000652	0.0001992749
1997288000000000000000	6.407	0.0001471004	0.9998528993	6.41904296533256E-007	0.0001992749
2003289000000000000000	6.39	0.0001472901	0.9998527096	6.32417906155714E-007	0.0001992749
2010290000000000000000	6.374	0.0001474798	0.9998525199	6.22868277599201E-007	0.0001992748
2017291000000000000000	6.357	0.0001476695	0.9998523302	6.13508377966107E-007	0.000199338
2024292000000000000000	6.341	0.0001478592	0.9998521405	6.04211723639242E-007	0.000199338
2031293000000000000000	6.325	0.0001480489	0.9998519508	5.95104798067852E-007	0.000199338
2038294000000000000000	6.309	0.0001482386	0.9998517611	5.86124359413362E-007	0.0001993379
2045295000000000000000	6.293	0.0001484283	0.9998515715	5.77270407603705E-007	0.0001993379
2052296000000000000000	6.277	0.000148618	0.9998513818	5.68542942566924E-007	0.0001993379
2059297000000000000000	6.261	0.0001487445	0.9998512553	5.59941999642708E-007	0.0001993378
2066298000000000000000	6.246	0.0001489342	0.9998510656	5.51404265713126E-007	0.0001993378
2073299000000000000000	6.23	0.0001491239	0.9998508759	0.000000543	0.000199401
2080300000000000000000	6.215	0.0001493136	0.9998506862	5.34771499211319E-007	0.000199401
2087301000000000000000	6.199	0.0001495033	0.9998504965	5.26613224820444E-007	0.0001994009
2094302000000000000000	6.184	0.000149693	0.9998503068	5.18518195163852E-007	0.0001994009
2102303000000000000000	6.169	0.0001498194	0.9998501803	5.10549684120204E-007	0.0001994009
2109304000000000000000	6.154	0.0001500091	0.9998499907	5.02644384926872E-007	0.0001994008
2116305000000000000000	6.138	0.0001501988	0.999849801	4.94802330339865E-007	0.0001994008
2124307000000000000000	6.123	0.0001503885	0.9998496113	4.87086761917763E-007	0.0001994007
2131308000000000000000	6.108	0.0001505782	0.9998494216	4.79497679588634E-007	0.0001994007
2139309000000000000000	6.093	0.0001507679	0.9998492319	4.71908600139141E-007	0.0001994007
2146310000000000000000	6.078	0.0001508944	0.9998491054	4.64446036058921E-007	0.0001994639
2154311000000000000000	6.063	0.0001510841	0.9998489157	0.000000457	0.0001994639
2162312000000000000000	6.047	0.0001512738	0.999848726	4.4964733978229E-007	0.0001994638
2170313000000000000000	6.032	0.0001514635	0.9998485363	4.42311237382125E-007	0.0001994638
2178315000000000000000	6.017	0.0001516532	0.9998483466	4.35101620794958E-007	0.0001994637
2186316000000000000000	6.001	0.0001518428	0.9998481569	0.000000428	0.0001994637
2194317000000000000000	5.986	0.0001520325	0.9998479672	4.20935361790229E-007	0.0001994637
2202318000000000000000	5.97	0.0001522222	0.9998477775	4.13852236319392E-007	0.0001994636
2211320000000000000000	5.954	0.0001524119	0.9998475878	4.06769113536231E-007	0.0001994636
2219321000000000000000	5.939	0.0001526016	0.9998473981	3.99812476350058E-007	0.0001994635
2228322000000000000000	5.923	0.0001527913	0.9998472085	3.92919083246249E-007	0.0001994635
2236324000000000000000	5.906	0.0001530443	0.9998469555	0.000000386	0.0001994635
2245325000000000000000	5.891	0.0001532339	0.9998467658	3.79069039494162E-007	0.0001994634
2254326000000000000000	5.874	0.0001534236	0.9998465761	3.72238896087999E-007	0.0001995266
2264328000000000000000	5.857	0.0001536133	0.9998463864	3.65471996664226E-007	0.0001995266
2273329000000000000000	5.84	0.0001538663	0.9998461335	3.58578594373766E-007	0.0001995265
2283331000000000000000	5.823	0.000154056	0.9998459438	3.51811700537296E-007	0.0001995265
2293332000000000000000	5.806	0.0001543089	0.9998456909	0.000000345	0.0001995264
2303334000000000000000	5.788	0.0001544986	0.9998455012	3.38214657839596E-007	0.0001995264
2313335000000000000000	5.77	0.0001547515	0.9998452483	3.31447751184939E-007	0.0001995264
2324337000000000000000	5.752	0.0001550044	0.9998449954	3.24744089256532E-007	0.0001995263
2334339000000000000000	5.733	0.0001552574	0.9998447424	0.000000318	0.0001995263
2346341000000000000000	5.713	0.0001555103	0.9998444895	3.11147051762443E-007	0.0001995262
2358342000000000000000	5.693	0.0001557632	0.9998442366	3.04190435038054E-007	0.0001995262
2370344000000000000000	5.672	0.0001560161	0.9998439837	2.97233821833247E-007	0.0001995261
2383346000000000000000	5.651	0.0001563323	0.9998436675	2.90213952571805E-007	0.000199526
2396348000000000000000	5.629	0.0001565852	0.9998434146	2.83194105659348E-007	0.000199526
2410350000000000000000	5.606	0.0001569014	0.9998430984	2.76111003650171E-007	0.0001995259
2424353000000000000000	5.582	0.0001572175	0.9998427823	2.68838182632348E-007	0.0001995259
2439355000000000000000	5.557	0.0001575969	0.9998424029	2.6150210853354E-007	0.0001995258
2456358000000000000000	5.53	0.0001579763	0.9998420235	0.000000254	0.0001995257
2473360000000000000000	5.502	0.0001583557	0.9998416441	2.46324048312175E-007	0.0001995256
2491363000000000000000	5.473	0.0001587351	0.9998412647	2.38482062573527E-007	0.0001995256
2511367000000000000000	5.442	0.0001591777	0.9998408221	2.3057682716151E-007	0.0001995255
2532370000000000000000	5.408	0.0001596835	0.9998403163	2.22292138626255E-007	0.0001995254
2552373000000000000000	5.374	0.0001601262	0.9998398737	2.14133953965375E-007	0.0001995253
2572376000000000000000	5.344	0.0001605688	0.999839431	2.06734667936241E-007	0.0001995252
2592380000000000000000	5.311	0.0001610746	0.9998389252	1.99588339526984E-007	0.0001995251
2612383000000000000000	5.279	0.0001615172	0.9998384826	1.92884716754138E-007	0.000199525
2632386000000000000000	5.247	0.0001619598	0.99983804	1.86244340779166E-007	0.0001995249
2652389000000000000000	5.215	0.0001624657	0.9998375341	1.79920163478812E-007	0.0001995248
2672392000000000000000	5.184	0.0001629083	0.9998370915	1.73785725964173E-007	0.0001995247
2692396000000000000000	5.152	0.0001634142	0.9998365857	1.67841005590621E-007	0.0001994614
2711399000000000000000	5.121	0.00016392	0.9998360798	1.62149254187267E-007	0.0001994613
2731402000000000000000	5.09	0.0001643626	0.9998356372	1.56647240569878E-007	0.0001994612
2751405000000000000000	5.059	0.0001648684	0.9998351314	1.5139818498034E-007	0.0001994611
2770409000000000000000	5.028	0.0001653743	0.9998346255	1.46212375348804E-007	0.000199461
2790412000000000000000	4.997	0.0001658169	0.9998341829	1.4127954235824E-007	0.0001993977
2810415000000000000000	4.966	0.0001663227	0.9998336771	1.36473186285954E-007	0.0001993976
2829418000000000000000	4.935	0.0001668286	0.9998331713	1.31793316186528E-007	0.0001993975
2849422000000000000000	4.904	0.0001673344	0.9998326654	1.27239931867995E-007	0.0001993974
2868425000000000000000	4.873	0.0001678403	0.9998321596	1.22876273629173E-007	0.000199334
2888428000000000000000	4.842	0.0001683461	0.9998316538	1.18575860264503E-007	0.0001993339
2907432000000000000000	4.812	0.0001688519	0.9998311479	1.14465172531606E-007	0.0001993338
2926435000000000000000	4.781	0.0001693578	0.9998306421	1.10417729352887E-007	0.0001992705
2946438000000000000000	4.75	0.0001698636	0.9998301362	1.06496770995194E-007	0.0001992704
2965441000000000000000	4.72	0.0001704327	0.9998295672	1.02702290771612E-007	0.0001992703
2984445000000000000000	4.689	0.0001709385	0.9998290613	0.000000099	0.0001992069
3003448000000000000000	4.659	0.0001714444	0.9998285555	9.5429556626641E-008	0.0001992068
3023451000000000000000	4.628	0.0001720134	0.9998279864	0.000000092	0.0001991435
3042455000000000000000	4.597	0.0001725825	0.9998274174	8.85995073851917E-008	0.0001991434
3061458000000000000000	4.567	0.0001730883	0.9998269116	8.53109743003503E-008	0.00019908
3080461000000000000000	4.536	0.0001736574	0.9998263425	8.21489196015863E-008	0.0001990799
3099465000000000000000	4.506	0.0001742264	0.9998257734	7.90501085891109E-008	0.0001990166
3118468000000000000000	4.475	0.0001747955	0.9998252044	7.60777812058249E-008	0.0001989532
3137471000000000000000	4.445	0.0001753646	0.9998246353	7.31686972208714E-008	0.0001989531
3156475000000000000000	4.414	0.0001759336	0.9998240663	7.03228565262596E-008	0.0001988897
3175478000000000000000	4.384	0.0001765027	0.9998234972	6.7603498956905E-008	0.0001988264
3194481000000000000000	4.353	0.000177135	0.9998228649	6.49473802826717E-008	0.0001988263
3213485000000000000000	4.323	0.000177704	0.9998222959	6.24114246543014E-008	0.0001987629
3232488000000000000000	4.293	0.0001782731	0.9998217268	5.993871174356E-008	0.0001986995
3251491000000000000000	4.262	0.0001789054	0.9998210945	5.75418857625101E-008	0.0001986362
3270495000000000000000	4.232	0.0001794744	0.9998205255	5.52209540062226E-008	0.0001985728
3289498000000000000000	4.202	0.0001801067	0.9998198932	0.000000053	0.0001985095
3308502000000000000000	4.172	0.000180739	0.9998192609	5.08257267545464E-008	0.0001984461
3327505000000000000000	4.142	0.0001813713	0.9998186286	4.87261387321614E-008	0.0001983827
3346509000000000000000	4.112	0.0001819403	0.9998180596	4.67214157123965E-008	0.0001983194
3365512000000000000000	4.083	0.0001825726	0.9998174273	4.47736077498323E-008	0.000198256
3384516000000000000000	4.053	0.0001832049	0.999816795	4.28953657217035E-008	0.0001981927
3403519000000000000000	4.024	0.0001838372	0.9998161627	4.10930134439295E-008	0.0001981293
3423523000000000000000	3.995	0.0001844694	0.9998155305	3.93539028847357E-008	0.0001980659
3442526000000000000000	3.966	0.0001851017	0.9998148982	3.76717099842413E-008	0.0001979393
3461530000000000000000	3.938	0.000185734	0.9998142659	3.60654064421637E-008	0.000197876
3481533000000000000000	3.909	0.0001863663	0.9998136336	3.45096963869236E-008	0.0001977494
3500537000000000000000	3.882	0.0001869985	0.9998130014	0.000000033	0.000197686
3520541000000000000000	3.853	0.000187694	0.9998123059	3.15879978988364E-008	0.0001975594
3540545000000000000000	3.828	0.0001882631	0.9998117368	3.02409849809425E-008	0.000197496
3560548000000000000000	3.799	0.0001889586	0.9998110413	2.88813221108882E-008	0.0001973694
3580552000000000000000	3.773	0.0001895276	0.9998104723	2.76165232919463E-008	0.0001972428
3600556000000000000000	3.746	0.0001901599	0.99980984	2.64023155095177E-008	0.0001971162
3620560000000000000000	3.721	0.0001907922	0.9998092077	2.52450243979556E-008	0.0001970528
3641564000000000000000	3.694	0.0001914245	0.9998085755	2.4100382549926E-008	0.0001969262
3662568000000000000000	3.67	0.0001920567	0.9998079432	0.000000023	0.0001967364
3683572000000000000000	3.645	0.0001926258	0.9998073742	0.000000022	0.0001966098
3704576000000000000000	3.622	0.0001931948	0.9998068051	0.000000021	0.0001964832
3726580000000000000000	3.596	0.0001938271	0.9998061729	0.00000002	0.0001963566
3747584000000000000000	3.574	0.0001943961	0.9998056038	1.91360642453565E-008	0.0001961668
3769589000000000000000	3.551	0.0001950284	0.9998049716	1.82570332252668E-008	0.0001960402
3791593000000000000000	3.529	0.0001955342	0.9998044658	1.74222726322721E-008	0.0001958504
3814597000000000000000	3.506	0.0001961664	0.9998038335	1.65938346558712E-008	0.0001957238
3837602000000000000000	3.485	0.0001966723	0.9998033277	1.58223145216559E-008	0.000195534
3860607000000000000000	3.465	0.0001972413	0.9998027587	1.50887373949806E-008	0.0001953441
3884611000000000000000	3.444	0.0001977471	0.9998022528	1.43741335908807E-008	0.0001951543
3907616000000000000000	3.425	0.0001982529	0.999801747	1.36974736501313E-008	0.0001949645
3931620000000000000000	3.407	0.0001987587	0.9998012412	1.30650813686626E-008	0.0001947747
3954625000000000000000	3.389	0.0001992013	0.9998007987	1.24643097668751E-008	0.0001945849
3977630000000000000000	3.372	0.0001996439	0.9998003561	1.19014817844888E-008	0.0001943951
4001634000000000000000	3.356	0.0002000865	0.9997999135	1.13639496808742E-008	0.0001942053
4024639000000000000000	3.34	0.0002004658	0.9997995341	1.08580379514044E-008	0.0001940155
4048644000000000000000	3.326	0.0002008452	0.9997991548	1.03774219671344E-008	0.0001938257
4071649000000000000000	3.312	0.0002012245	0.9997987754	9.92210169927042E-009	0.0001936359
4095653000000000000000	3.298	0.0002016039	0.9997983961	9.48575328349646E-009	0.0001934461
4118658000000000000000	3.285	0.00020192	0.99979808	9.07470110520907E-009	0.0001932564
4142663000000000000000	3.273	0.0002022361	0.9997977638	8.68894451295596E-009	0.0001930666
4165668000000000000000	3.262	0.0002025523	0.9997974477	8.31583582369504E-009	0.0001928768
4189672000000000000000	3.251	0.0002028684	0.9997971316	0.000000008	0.000192687
4213677000000000000000	3.24	0.0002031213	0.9997968787	7.62653406502303E-009	0.0001924973
4237682000000000000000	3.23	0.0002033742	0.9997966258	7.31034091962874E-009	0.0001923075
4261687000000000000000	3.221	0.0002036271	0.9997963729	0.000000007	0.000192181
4285692000000000000000	3.212	0.0002038168	0.9997961832	6.71589846018499E-009	0.0001919912
4310697000000000000000	3.203	0.0002040697	0.9997959303	6.43764868464245E-009	0.0001918015
4334702000000000000000	3.195	0.0002042593	0.9997957406	6.17647374993745E-009	0.0001916749
4359707000000000000000	3.188	0.0002043858	0.9997956142	5.92541739708429E-009	0.0001914852
4384712000000000000000	3.181	0.0002045755	0.9997954245	5.68511123733519E-009	0.0001913587
4409717000000000000000	3.174	0.0002047019	0.999795298	5.45492361856728E-009	0.0001912322
4435723000000000000000	3.168	0.0002048916	0.9997951084	5.23548621265909E-009	0.0001910424
4461728000000000000000	3.162	0.0002049548	0.9997950451	0.000000005	0.000190916
4487733000000000000000	3.157	0.0002050813	0.9997949187	4.82443734013138E-009	0.0001908527
4513739000000000000000	3.152	0.0002052077	0.9997947922	4.63156044176303E-009	0.0001907262
4540744000000000000000	3.148	0.0002052709	0.999794729	4.44690482890322E-009	0.0001905997
4567750000000000000000	3.143	0.0002053342	0.9997946658	4.26920543251829E-009	0.0001905365
4595756000000000000000	3.14	0.0002053342	0.9997946658	4.09972727285326E-009	0.0001904732
4623761000000000000000	3.137	0.0002053974	0.9997946026	3.9365726761744E-009	0.00019041
4652767000000000000000	3.134	0.0002053974	0.9997946026	3.77974215028228E-009	0.0001903467
4682773000000000000000	3.132	0.0002053974	0.9997946026	3.62923543591796E-009	0.0001902835
4712779000000000000000	3.13	0.0002053974	0.9997946026	3.48442015192862E-009	0.0001902835
4742786000000000000000	3.129	0.0002053342	0.9997946658	3.34529650986451E-009	0.0001902835
4774792000000000000000	3.128	0.0002052709	0.999794729	3.21186428129945E-009	0.0001902835
4806799000000000000000	3.128	0.0002052077	0.9997947923	3.08349108604036E-009	0.0001903468
4840806000000000000000	3.128	0.0002051445	0.9997948555	0.000000003	0.00019041
4875813000000000000000	3.129	0.000205018	0.9997949819	2.84128959760445E-009	0.0001904733
4910820000000000000000	3.131	0.0002048284	0.9997951716	2.72682908283754E-009	0.0001905365
4948828000000000000000	3.133	0.0002047019	0.9997952981	2.6167950305884E-009	0.0001906631
4987836000000000000000	3.136	0.0002045122	0.9997954877	2.51118778101738E-009	0.0001907896
5027844000000000000000	3.14	0.0002042593	0.9997957406	2.40937493473616E-009	0.0001909793
5070853000000000000000	3.144	0.0002040064	0.9997959935	2.31135632914271E-009	0.0001911691
5116862000000000000000	3.15	0.0002037535	0.9997962464	2.21776434930893E-009	0.0001913589
5164872000000000000000	3.156	0.0002034374	0.9997965626	2.12859913320283E-009	0.0001916119
5213882000000000000000	3.165	0.0002030581	0.9997969419	0.000000002	0.0001918649
5263892000000000000000	3.174	0.0002026155	0.9997973845	0.000000002	0.0001921812
5313902000000000000000	3.184	0.0002021729	0.9997978271	1.90094387614647E-009	0.0001924342
5364913000000000000000	3.195	0.0002017303	0.9997982697	1.83960352082494E-009	0.0001926872
5413922000000000000000	3.207	0.0002012245	0.9997987755	1.78648421294943E-009	0.0001930035
5460932000000000000000	3.22	0.0002007819	0.999799218	1.74095335057727E-009	0.0001932566
5507941000000000000000	3.232	0.0002003394	0.9997996606	1.70174629141554E-009	0.0001935096
5555951000000000000000	3.244	0.0001998968	0.9998001032	1.66633350533428E-009	0.0001936994
5605961000000000000000	3.257	0.000199391	0.999800609	1.63408271579731E-009	0.0001939525
5655971000000000000000	3.271	0.0001988852	0.9998011148	1.60499381998773E-009	0.0001941423
5706981000000000000000	3.285	0.0001983794	0.9998016206	1.57969920829624E-009	0.0001943321
5759991000000000000000	3.3	0.0001979368	0.9998020632	1.55693401619976E-009	0.0001945219
5814002000000000000000	3.315	0.000197431	0.999802569	1.53606605954202E-009	0.0001947117
5872013000000000000000	3.331	0.0001968619	0.9998031381	1.51772772379509E-009	0.0001949015
5932025000000000000000	3.348	0.0001963561	0.9998036439	1.50128643296879E-009	0.0001950913
5996038000000000000000	3.365	0.0001957871	0.9998042129	1.48674238110086E-009	0.0001952179
6064051000000000000000	3.384	0.000195218	0.9998047819	1.47346308786017E-009	0.0001954078
6137065000000000000000	3.403	0.0001945858	0.9998054142	1.46208103581775E-009	0.0001955344
6217081000000000000000	3.424	0.0001939535	0.9998060465	1.45259613455311E-009	0.000195661
6303097000000000000000	3.447	0.0001933213	0.9998066787	1.44437599887436E-009	0.0001957876
6399116000000000000000	3.472	0.0001926258	0.9998073742	1.43805311131293E-009	0.0001959142
6505136000000000000000	3.498	0.000191867	0.9998081329	1.43299508491768E-009	0.0001960408
6626159000000000000000	3.527	0.0001910451	0.9998089549	1.4298343118394E-009	0.0001961674
6765186000000000000000	3.559	0.0001902231	0.9998097768	1.42793831506548E-009	0.0001962941
6926216000000000000000	3.595	0.0001892747	0.9998107253	1.42857206093977E-009	0.0001963575
7118252000000000000000	3.634	0.0001882631	0.9998117369	1.4311030743695E-009	0.0001964842
7342294000000000000000	3.679	0.000187125	0.999812875	1.43616384508625E-009	0.0001965477
7569337000000000000000	3.729	0.0001859237	0.9998140763	1.44375429234709E-009	0.0001966744
7799379000000000000000	3.776	0.0001847856	0.9998152144	1.4519770602563E-009	0.0001967378
7937404000000000000000	3.821	0.0001837107	0.9998162893	1.46146454428311E-009	0.0001968013
7999416000000000000000	3.847	0.0001831417	0.9998168583	1.46652453792235E-009	0.0001968014
