NH	T	H	H2	C	CO
183100466100000000	3671	0.997238772	0.000002538	6.38371934261905E-009	1.30425172304624E-011
915502308000000000	3586	0.9972734881	2.50709622297815E-006	6.34283645263485E-009	1.2612948459402E-011
1844004538000000000	3292	0.9975803289	2.396406121344E-006	5.82422493141002E-009	1.11014406808798E-011
2154005238000000000	2925	0.9979086563	2.24908880623844E-006	5.34684264213299E-009	9.03366613162268E-012
2437005864000000000	2839	0.9979809584	2.20940841444742E-006	5.25552710005956E-009	8.52204905815915E-012
2695006425000000000	2754	0.9980450587	2.17571292894765E-006	5.18313007346687E-009	8.03559091926743E-012
2929006933000000000	2728	0.9980665348	2.16216124796016E-006	5.15794207316515E-009	7.8776417561339E-012
3233007583000000000	2667	0.9981107553	2.13221251980909E-006	5.11073187779812E-009	7.51113131792731E-012
3510008167000000000	2588	0.9981691834	2.10482126611337E-006	0.000000005	7.08459749976552E-012
3763008691000000000	2515	0.9982231331	2.0723327254809E-006	0.000000005	6.66852260915351E-012
3992009161000000000	2451	0.9982720843	2.04650520418558E-006	4.93602383147974E-009	6.31153335530658E-012
4201009582000000000	2385	0.9983156818	2.01244250829008E-006	4.89196819661337E-009	5.93234152349495E-012
4391009962000000000	2342	0.998347272	1.99226728333769E-006	4.8636620345609E-009	5.69535456712886E-012
4638010450000000000	2320	0.9983621182	1.98470720734684E-006	4.85108485670817E-009	5.58475609970445E-012
4959011090000000000	2298	0.9983813853	1.97683941706581E-006	4.83220385422582E-009	5.47417858093252E-012
5377011900000000000	2203	0.998447108	1.93079493004751E-006	4.76926904915913E-009	4.96535305515904E-012
5757012610000000000	2068	0.9985382646	1.87123161800853E-006	4.68914580856142E-009	4.2907423211179E-012
6103013250000000000	2001	0.998585659	1.83875098385628E-006	4.64826130054813E-009	3.96525147679412E-012
6418013810000000000	1928	0.9986359051	1.80121282945612E-006	4.60422380563222E-009	3.62076666033577E-012
6704014320000000000	1864	0.9986785689	1.77124720223859E-006	4.56963436392567E-009	3.3363074421741E-012
6965014780000000000	1810	0.9987158614	0.000001747	4.54134254895116E-009	3.10746740153162E-012
7202015190000000000	1764	0.998747152	1.72582748847846E-006	4.50985889420979E-009	2.92192049955149E-012
7418015550000000000	1704	0.9987860353	1.69521632345557E-006	4.48473273630598E-009	2.68166776242161E-012
7614015880000000000	1688	0.9987961584	1.68068485930666E-006	4.48161544154599E-009	2.60958426310487E-012
7870016310000000000	1672	0.9988059566	1.67532462064144E-006	4.47533384596496E-009	2.55362865528771E-012
8202016860000000000	1604	0.9988546871	1.64167569971949E-006	4.43303029854917E-009	2.30441689128576E-012
8504017350000000000	1562	0.9988840849	1.61706021214513E-006	4.4141886119566E-009	2.15333986013069E-012
8779017790000000000	1520	0.9989128495	1.5956043807348E-006	4.38585667078709E-009	2.01268765029271E-012
9029018180000000000	1483	0.9989375021	1.58141388027251E-006	4.37331612960785E-009	1.89984694914562E-012
9257018540000000000	1451	0.9989596315	1.56437268021331E-006	4.35760168452384E-009	1.79901277091844E-012
9464018860000000000	1437	0.9989688039	0.000001553	4.3576416961883E-009	1.75222733226265E-012
9733019280000000000	1406	0.9989912465	1.54007197550095E-006	4.33244067030042E-009	1.66340422815914E-012
9978019650000000000	1371	0.9990162293	1.51544342219873E-006	4.31357434866248E-009	1.55782017899644E-012
10200019990000000000	1358	0.9990238165	1.51071122865646E-006	4.31676957738342E-009	1.52304485602041E-012
10490020420000000000	1326	0.9990468998	1.49145463099566E-006	4.29156898698285E-009	1.43484513588365E-012
10760020810000000000	1294	0.9990690346	1.47377705015781E-006	4.27268840077941E-009	1.35170023870697E-012
11000021160000000000	1282	0.9990785191	1.4684145502452E-006	4.26956632098001E-009	1.32198423864418E-012
11310021610000000000	1248	0.9991012867	1.4513693589094E-006	4.25385004953833E-009	1.23946753488035E-012
11590022020000000000	1236	0.9991104596	1.4422107299112E-006	4.24440087618603E-009	1.20943285771501E-012
11960022550000000000	1205	0.9991331846	1.42692660195275E-006	4.23050696523994E-009	1.13856917651936E-012
12300023030000000000	1176	0.9991537345	1.41146274391727E-006	4.2116227036241E-009	1.07535501614306E-012
12600023450000000000	1151	0.9991720743	1.39536277340962E-006	4.19589032475541E-009	1.01909227706757E-012
12880023840000000000	1140	0.9991787171	1.38715095953502E-006	4.19908017839642E-009	9.95068171793187E-013
13240024340000000000	1129	0.9991866197	1.38305135274036E-006	4.19278942325954E-009	9.74839350822711E-013
13710024980000000000	1089	0.9992163456	1.35653105147482E-006	4.16445546571641E-009	8.92338141552902E-013
14140025560000000000	1079	0.9992251964	1.35274854114244E-006	4.15500603801114E-009	8.74954467821676E-013
14700026300000000000	1039	0.9992533427	1.32812153146832E-006	4.1393121064096E-009	8.00351332415791E-013
15210026970000000000	1031	0.9992606148	1.32370409291829E-006	4.12985557895673E-009	7.88024510165403E-013
15860027830000000000	1005	0.9992795928	1.30538802499664E-006	4.11412262723021E-009	7.42502684760687E-013
16460028610000000000	977.4	0.9993014102	1.29245090617248E-006	4.0952383740968E-009	6.98878517896056E-013
17010029300000000000	954.5	0.9993181731	1.27855802971833E-006	4.08265747308031E-009	6.62838889510172E-013
17500029930000000000	939	0.9993295599	1.26876904885797E-006	4.07637912257709E-009	6.394444209349E-013
18150030750000000000	930.1	0.9993365183	1.26308546021613E-006	4.07324504947015E-009	6.27115289836903E-013
18990031790000000000	908.4	0.9993539164	1.24729488809877E-006	4.06066591358729E-009	5.94868581266175E-013
19750032740000000000	888.6	0.9993694112	1.23909156741142E-006	0.000000004	5.69893569289275E-013
20450033600000000000	880.1	0.9993770036	1.23214329299231E-006	0.000000004	5.58196332682606E-013
21350034700000000000	859.2	0.9993928164	1.22267488229887E-006	0.000000004	5.32904080877804E-013
22170035700000000000	843.7	0.9994064209	1.2094082764307E-006	0.000000004	5.12353924638527E-013
23240036980000000000	826.5	0.9994197072	1.19867110450765E-006	0.000000004	4.92119324172532E-013
24210038140000000000	810.2	0.9994333049	0.000001193	0.000000004	4.75363372537741E-013
25090039190000000000	802.6	0.9994401254	1.18725013315105E-006	0.000000004	4.66995591654887E-013
26240040540000000000	785.7	0.9994537272	1.17367043198691E-006	0.000000004	4.47714798408798E-013
27290041760000000000	771.4	0.9994660587	1.16672880630562E-006	0.000000004	4.33491922342822E-013
28650043330000000000	757.2	0.999478077	1.15725712178404E-006	0.000000004	4.19268563793891E-013
30420045380000000000	751	0.9994847133	1.15758099822615E-006	0.000000004	4.15793229354653E-013
32720048020000000000	730.8	0.9995027374	1.14748352866998E-006	0.000000004	3.98093624302976E-013
34810050400000000000	711.2	0.9995198147	1.13675220935737E-006	3.94305981938424E-009	3.81341631289286E-013
36710052540000000000	694.2	0.999534998	1.12412113825989E-006	3.93047137793825E-009	3.66485625666165E-013
38450054490000000000	681.3	0.9995460638	1.12065525152724E-006	3.92735277200009E-009	3.57635747595177E-013
40700056990000000000	669.5	0.9995571355	1.11149741575349E-006	3.92107196453578E-009	3.48785675555077E-013
43630060240000000000	658.6	0.9995672528	1.10866269802144E-006	3.92427383983061E-009	3.42464832275306E-013
47430064430000000000	644.2	0.9995808534	1.0998235394162E-006	3.92748946508029E-009	3.33299025458505E-013
50900068230000000000	627.6	0.9995963446	1.09731076106701E-006	3.92438805326847E-009	3.24766037929631E-013
54050071660000000000	612.6	0.9996105801	1.08657448689028E-006	3.91811929353042E-009	3.15536677246542E-013
56920074780000000000	606.8	0.9996159517	1.08879396450217E-006	3.9371143938577E-009	3.14905904691044E-013
60650078800000000000	587.3	0.9996342977	1.07774555090888E-006	3.91821225814583E-009	3.03274056138971E-013
64040082470000000000	581.5	0.999640618	0.00000108	3.93088670717579E-009	3.03054604303022E-013
68450087210000000000	568.6	0.9996529512	1.07586818731398E-006	3.93409766319399E-009	2.97808663137442E-013
72470091530000000000	556	0.9996659152	1.07366839040832E-006	3.93414868237984E-009	2.93511526697486E-013
76120095410000000000	542.6	0.9996785706	1.06419436573662E-006	3.9310359483228E-009	2.87316666054004E-013
79450098970000000000	538.8	0.9996831185	1.06894303715774E-006	3.94686659873629E-009	2.88804373234453E-013
83770103600000000000	533.6	0.9996885861	1.07084642597792E-006	0.000000004	2.89248712699173E-013
89390109600000000000	520.3	0.9997019639	1.06674935912882E-006	0.000000004	2.85299317186512E-013
94500115000000000000	503.8	0.9997180966	1.05885991374046E-006	0.000000004	2.79611125967128E-013
99150120000000000000	496.5	0.9997259944	1.06550992572957E-006	0.000000004	2.80815156739472E-013
105200126400000000000	487.7	0.9997352909	1.06488729024971E-006	0.000000004	2.80438241836775E-013
113100134800000000000	476.6	0.9997470536	1.06458354390301E-006	0.000000004	2.80315031182781E-013
120200142400000000000	460.3	0.9997636346	1.06363215271771E-006	0.000000004	2.78333942936206E-013
126700149400000000000	455.9	0.9997696913	1.07628590418793E-006	0.000000004	2.83394552268991E-013
135200158500000000000	440.6	0.9997853076	0.000001076	0.000000004	2.8241879721361E-013
142900166900000000000	436.3	0.9997909536	1.08864018126649E-006	4.08832923141902E-009	2.88427991098255E-013
152900177800000000000	420.7	0.999806981	0.000001089	4.09788060511445E-009	2.88875287101278E-013
162000187800000000000	409.7	0.9998189559	1.09562703425273E-006	4.12322554881836E-009	2.927679858628E-013
170300197000000000000	405.9	0.9998240977	0.000001107	4.1738387379305E-009	2.99441309456075E-013
181100208900000000000	395.4	0.9998354458	1.10860944749901E-006	4.19918239098312E-009	3.03207529722419E-013
190900219900000000000	383.9	0.9998479257	1.11684467857528E-006	4.22453140027344E-009	3.0836549562475E-013
199800230000000000000	381.5	0.9998517968	1.13455668782261E-006	4.28146531580774E-009	3.17473499045123E-013
211500243300000000000	372.9	0.9998611483	1.14152395490707E-006	4.32577498701627E-009	3.23800700782505E-013
222000255500000000000	364.7	0.9998703685	1.15355063384717E-006	4.36692276683921E-009	3.32025264676406E-013
231600266700000000000	357.5	0.9998785081	1.17126818282071E-006	4.40174219893744E-009	3.40565829616065E-013
240400277100000000000	355	0.999881877	1.18550194716418E-006	4.46816284700717E-009	3.49737304231417E-013
251700290700000000000	348.4	0.9998894578	1.19310022908717E-006	4.51246760378316E-009	3.57645470208742E-013
266500308500000000000	340.7	0.9998978529	1.208605184673E-006	4.57891236893383E-009	3.69348732521734E-013
280000325100000000000	333.8	0.9999058615	1.23138311974496E-006	4.65484322615453E-009	3.8389807585269E-013
292200340500000000000	328.3	0.9999121952	1.25321063560256E-006	4.72760509771845E-009	3.97814529292964E-013
308100360700000000000	325.2	0.9999161908	1.27345430114704E-006	4.84146643917585E-009	4.13943799404388E-013
328800387600000000000	316.5	0.9999256845	1.29750002643937E-006	4.94903129753257E-009	4.34186579649343E-013
347700412700000000000	308.4	0.99993523	1.33324697333584E-006	5.06292316012968E-009	4.59173293473347E-013
364800436100000000000	304	0.9999406035	1.36709147020202E-006	5.19893216981754E-009	4.83525990733031E-013
387100467300000000000	301	0.9999442375	1.40125013161387E-006	5.3950185613479E-009	5.11989158899311E-013
416000509200000000000	293.6	0.9999525389	1.44806536236511E-006	5.61643171775592E-009	5.50574753412898E-013
442400549100000000000	286.2	0.9999611378	1.51385640946471E-006	5.8441751508059E-009	5.9738348808833E-013
466300587100000000000	285	0.9999637543	1.58533153080242E-006	6.13829742925893E-009	6.45770394154906E-013
497500638300000000000	279.8	0.9999695386	1.64194871733575E-006	6.44509145980405E-009	6.98587195029791E-013
534500702800000000000	277.5	0.9999724982	1.74346881173995E-006	6.91631832264696E-009	7.75120997201999E-013
582500791800000000000	270.7	0.999979762	1.8544849222302E-006	7.48561700361337E-009	8.76642599662706E-013
626200881100000000000	268.7	0.999982124	2.04139298237245E-006	8.27625938786784E-009	1.01294836909976E-012
674000986600000000000	266.2	0.9999845992	0.00000221	9.16810674621685E-009	1.16190493913766E-012
731201125000000000000	263.6	0.9999869227	0.000002426	1.03477457654538E-008	1.36082976860476E-012
790601287000000000000	259.6	0.9999904748	2.71945543729339E-006	1.17930565480487E-008	1.6249054584037E-012
823501388000000000000	258	0.9999918796	3.07935513326953E-006	1.30991978658749E-008	1.89277400355532E-012
848901471000000000000	256.8	0.9999923656	3.24475701188037E-006	1.40574511869476E-008	2.06228659595243E-012
881901583000000000000	255.5	0.9999931911	3.41237398215944E-006	1.50821237450587E-008	2.24571525925062E-012
911101691000000000000	254.6	0.999993433	3.69067785043467E-006	1.62933781366233E-008	2.481957135408E-012
949001840000000000000	253.5	0.9999934147	3.93735547515716E-006	1.77607938542029E-008	2.7431824410854E-012
998302054000000000000	251.4	0.999993606	4.32634804867019E-006	1.98828583201678E-008	3.1302772650393E-012
1043002276000000000000	249.7	0.9999932742	0.000004943	2.24381792559272E-008	3.6464017874678E-012
1080002478000000000000	248.2	0.9999930427	5.57554628195995E-006	2.49144376683383E-008	4.15240627805639E-012
1111002674000000000000	246.6	0.9999927739	6.1701008916397E-006	2.72199171575309E-008	4.61729743813119E-012
1138002859000000000000	245.1	0.9999923403	6.81209203388075E-006	2.94115394220478E-008	5.06637485528179E-012
1166003063000000000000	243.7	0.9999918559	7.45091971028324E-006	3.16094832361125E-008	5.5122890725907E-012
1196003311000000000000	242.1	0.9999911652	8.25419652459389E-006	3.41236706897962E-008	6.02461470473232E-012
1227003601000000000000	240.5	0.9999901143	9.35158370614957E-006	3.70964074647056E-008	6.64446309320941E-012
1253003884000000000000	239	0.9999888227	1.07430804260938E-005	4.00691283481331E-008	7.29593363055588E-012
1274004133000000000000	237.9	0.9999874132	1.22041474620275E-005	4.26307094553332E-008	7.88098872126784E-012
1291004363000000000000	236.7	0.9999861189	1.35703366097183E-005	4.48444122875333E-008	8.36800528299105E-012
1308004616000000000000	235.6	0.9999847787	1.49428465511759E-005	0.000000047	8.82339510640866E-012
1326004922000000000000	234.6	0.9999831289	1.66094604454364E-005	4.92717809862717E-008	9.33570587108305E-012
1344005267000000000000	233.5	0.9999809417	1.88136831814428E-005	5.18332942248862E-008	9.91442204972655E-012
1360005603000000000000	232.5	0.9999782905	2.14827720665067E-005	5.42998964201266E-008	1.04994558016785E-011
1373005909000000000000	231.7	0.999975542	2.42467187878755E-005	5.64186074312898E-008	1.10085859006906E-011
1384006206000000000000	231	0.9999729047	2.68968044106105E-005	5.82843157304588E-008	1.1441815209593E-011
1395006539000000000000	230.2	0.9999701157	2.96955072307569E-005	6.0086755844982E-008	1.1862390588133E-011
1407006933000000000000	229.4	0.9999667094	3.31108521432269E-005	0.000000062	1.23209054393517E-011
1418007364000000000000	228.7	0.9999623833	3.74432467380486E-005	6.40709610568298E-008	1.28110297749861E-011
1428007788000000000000	228	0.9999571725	0.000042661	0.000000066	1.32916508415261E-011
1436008181000000000000	227.4	0.9999515512	4.82898804141669E-005	6.76121573840792E-008	1.371217560418E-011
1443008558000000000000	227	0.9999461499	5.3697297990796E-005	0.000000069	1.40599638908763E-011
1450008971000000000000	226.5	0.999940115	5.97370928918768E-005	7.03942661605705E-008	1.43919274616692E-011
1457009432000000000000	226.1	0.9999327507	6.71049113528489E-005	7.17219316438555E-008	1.47365168192402E-011
1461009746000000000000	225.8	0.9999236793	7.61801436855453E-005	7.28280908708223E-008	1.5049452212516E-011
1464009950000000000000	225.6	0.9999172634	8.25991110657293E-005	7.34600823145824E-008	1.5220119508398E-011
1465010080000000000000	225.5	0.9999128703	8.69943170872238E-005	7.38708559490203E-008	1.53244078736709E-011
1467010200000000000000	225.4	0.999909899	8.99665927449606E-005	7.41552407686934E-008	1.54065813656748E-011
1468010370000000000000	225.2	0.9999070224	0.000092844	7.45028761790287E-008	1.54855935759212E-011
1471010600000000000000	225.1	0.9999029128	9.69545329150781E-005	7.49136622556491E-008	1.55962086215644E-011
1473010880000000000000	224.9	0.9998972866	0.0001025828	7.54508199170589E-008	1.57162856239641E-011
1476011140000000000000	224.8	0.9998900152	0.0001098551	0.000000076	1.58647950861632E-011
1478011350000000000000	224.6	0.9998829347	0.0001169376	7.64300143345675E-008	1.59816835931694E-011
1479011530000000000000	224.6	0.9998770227	0.0001228502	7.67457790655772E-008	1.60922649223207E-011
1481011720000000000000	224.4	0.9998721139	0.0001277597	7.71176277653369E-008	1.61510503433064E-011
1482011980000000000000	224.3	0.9998663901	0.0001334842	7.74651309515476E-008	1.62521781473684E-011
1485012310000000000000	224.1	0.9998585801	0.0001412961	7.79389921326495E-008	1.63595968875837E-011
1487012640000000000000	224	0.9998482073	0.0001516695	7.84442756772437E-008	1.64922763460141E-011
1489012910000000000000	223.9	0.9998375818	0.0001622957	7.8854637499909E-008	1.6599644508605E-011
1490013140000000000000	223.8	0.9998287275	0.0001711507	7.91386104465702E-008	1.67133660111781E-011
1491013380000000000000	223.7	0.9998215185	0.0001783611	7.94543389617014E-008	1.67638533637348E-011
1493013700000000000000	223.6	0.9998130439	0.0001868363	7.98015915757714E-008	1.68680890952671E-011
1495014120000000000000	223.4	0.9998018191	0.0001980626	8.02435056987297E-008	1.6953298799574E-011
1497014560000000000000	223.3	0.9997868941	0.0002129885	8.06851112583666E-008	1.70795609876589E-011
1499014930000000000000	223.2	0.9997709262	0.0002289573	8.10949906602611E-008	1.7193150125943E-011
1500015240000000000000	223.1	0.9997573312	0.0002425542	8.14101667372246E-008	1.72783116117116E-011
1501015580000000000000	223.1	0.9997451581	0.0002547279	8.169382294465E-008	1.73761464675922E-011
1503016010000000000000	222.9	0.9997328277	0.0002670593	8.2072340646284E-008	1.74296982389854E-011
1505016610000000000000	222.8	0.9997160127	0.0002838751	8.2508207630184E-008	1.75488124127542E-011
1507017260000000000000	222.6	0.9996927364	0.0003071524	0.000000083	1.76749472097397E-011
1509017820000000000000	222.5	0.9996670893	0.0003328006	8.3421585902714E-008	1.78010338974051E-011
1510018300000000000000	222.4	0.9996446377	0.0003552535	8.37676898896883E-008	1.78955370734882E-011
1512018810000000000000	222.3	0.9996256654	0.000374227	8.40824372985514E-008	1.79742817430538E-011
1513019500000000000000	222.2	0.9996051129	0.0003947808	8.44603054277587E-008	1.80593214864073E-011
1516020450000000000000	222	0.9995769723	0.0004229223	8.49007782791175E-008	1.81790153789154E-011
1518021490000000000000	221.9	0.9995373055	0.0004625905	8.54621798702619E-008	1.8329596741519E-011
1520022410000000000000	221.8	0.9994939809	0.0005059167	8.59330690771145E-008	1.84648523981605E-011
1521023230000000000000	221.6	0.9994560355	0.0005438635	8.63094670760925E-008	1.85748856746239E-011
1522023820000000000000	221.6	0.9994225196	0.0005773808	8.66229458257762E-008	1.86596835091464E-011
1523024320000000000000	221.5	0.9993976677	0.0006022336	8.68381000667415E-008	1.87410797593019E-011
1524024930000000000000	221.4	0.9993780603	0.0006218423	8.70895637060583E-008	1.87723579907099E-011
1525025750000000000000	221.4	0.9993518119	0.0006480914	8.73404370095943E-008	1.886363568892E-011
1527026790000000000000	221.2	0.9993189241	0.0006809798	8.768564719984E-008	1.89104809695505E-011
1528027890000000000000	221.1	0.9992746564	0.0007252494	8.80614746252836E-008	1.90393781106838E-011
1530028800000000000000	221	0.999228567	0.0007713399	8.84018177869491E-008	1.91363190239848E-011
1531029570000000000000	221.1	0.9991899845	0.0008099231	8.86199542821752E-008	1.92368600759665E-011
1532030390000000000000	220.9	0.9991596274	0.0008402815	8.8902103053297E-008	1.9267924648931E-011
1533031490000000000000	220.7	0.9991264258	0.000873484	8.91839806132635E-008	1.93337451230102E-011
1534032960000000000000	220.7	0.9990825019	0.0009174085	8.95565398558573E-008	1.94118311204E-011
1536034550000000000000	220.6	0.9990205174	0.0009793946	8.99308393536922E-008	1.95530726746834E-011
1537035830000000000000	220.5	0.9989556942	0.0010442189	9.0304835095166E-008	1.96530922224285E-011
1538036870000000000000	220.5	0.9989028621	0.0010970518	9.05503069881292E-008	1.97627628048917E-011
1539037960000000000000	220.3	0.9988623831	0.0011375317	9.08315745514611E-008	1.9796787580003E-011
1540039430000000000000	220.3	0.9988181127	0.0011818029	9.10808149025697E-008	1.98877191247112E-011
1542041430000000000000	220.2	0.9987611231	0.0012387931	9.14844922192903E-008	1.99498892690041E-011
1544043680000000000000	220	0.9986785841	0.0013213335	9.18885621786417E-008	2.00907280159711E-011
1545045530000000000000	219.9	0.9985892888	0.0014106301	9.23212108098924E-008	2.02093189083336E-011
1546047000000000000000	219.9	0.9985181357	0.0014817844	9.25996520405107E-008	2.02933847563472E-011
1547048550000000000000	219.8	0.9984593232	0.0015405977	9.28475336393325E-008	2.03840236710908E-011
1548050600000000000000	219.7	0.9984000114	0.0015999107	9.31882244143971E-008	2.04462946497258E-011
1550053400000000000000	219.6	0.9983215896	0.0016783332	9.35609763823831E-008	2.05302047701627E-011
1551055810000000000000	219.5	0.9982097361	0.0017901883	0.000000094	2.06833112247205E-011
1552057330000000000000	219.5	0.9981158625	0.0018840625	9.42664981295539E-008	2.08020020242192E-011
1553058470000000000000	219.4	0.9980617851	0.0019381409	9.44514978261153E-008	2.08293910335083E-011
1553060000000000000000	219.4	0.9980187802	0.0019811465	9.46375268715392E-008	2.08791865444742E-011
1554062040000000000000	219.3	0.9979599565	0.0020399709	9.48838396213062E-008	2.09447994675088E-011
1556064790000000000000	219.2	0.9978846912	0.0021152367	9.51935729517214E-008	2.10129354941033E-011
1557068040000000000000	219.1	0.9977809119	0.0022190166	9.55942576323672E-008	2.11188507494848E-011
1558070960000000000000	219	0.9976601184	0.0023398109	0.000000096	2.12272156065002E-011
1559073290000000000000	218.9	0.9975496425	0.0024502888	9.62681367752765E-008	2.13457238407873E-011
1560075370000000000000	218.9	0.9974637865	0.0025361452	9.65123892622929E-008	2.14362767346374E-011
1561077910000000000000	218.8	0.9973897893	0.0026101431	9.67588568666334E-008	2.14885823015086E-011
1562081330000000000000	218.7	0.9972959765	0.0027039564	9.70976241694277E-008	2.15916957207587E-011
1564085570000000000000	218.6	0.9971711266	0.002828807	9.7496947940508E-008	2.17005243269016E-011
1565089800000000000000	218.5	0.9970234517	0.0029764829	9.78630525382175E-008	2.18114736020045E-011
1567093650000000000000	218.4	0.9968710354	0.0031289	9.82915475282545E-008	2.19356031850729E-011
1568097090000000000000	218.3	0.9967388052	0.0032611314	9.85952961985166E-008	2.20380155306015E-011
1569100900000000000000	218.3	0.996617593	0.0033823443	9.89319851953995E-008	2.21375388296441E-011
1570105800000000000000	218.1	0.9964868466	0.0035130922	9.92995969068437E-008	2.22368895981545E-011
1572111900000000000000	218	0.9963181012	0.0036818382	9.97587700520927E-008	2.2367166801053E-011
1573118200000000000000	217.9	0.9961113601	0.00388858	1.00214262709179E-007	2.25188463623349E-011
1575123800000000000000	217.8	0.99590011	0.0040998311	1.00701506661039E-007	2.26713357317299E-011
1576129000000000000000	217.7	0.995715349	0.0042845933	1.01064313889075E-007	2.27855244450102E-011
1577134900000000000000	217.6	0.9955495127	0.0044504303	1.01460917153395E-007	2.29033566899178E-011
1579142500000000000000	217.5	0.9953614895	0.0046384544	1.0191891663849E-007	2.30302439748259E-011
1581152000000000000000	217.3	0.9951165025	0.0048834421	1.02434725547243E-007	2.31939670128684E-011
1583161600000000000000	217.2	0.9948192582	0.0051806881	0.000000103	2.33830200721311E-011
1584170100000000000000	217.1	0.9945281348	0.0054718124	1.03554288206507E-007	2.35628133220271E-011
1586178300000000000000	217	0.994271595	0.005728353	0.000000104	2.37149360601932E-011
1587187700000000000000	216.9	0.9940325727	0.0059673763	1.0452451308138E-007	2.38536008398439E-011
1589199700000000000000	216.7	0.9937567522	0.006243198	1.05071559264981E-007	2.40245388386011E-011
1591213700000000000000	216.5	0.9934111616	0.0065887892	1.0573892595198E-007	2.42289194565464E-011
1593227700000000000000	216.4	0.9930220452	0.0069779067	1.06404318570375E-007	2.44592986118073E-011
1595240500000000000000	216.3	0.9926443182	0.0073556346	0.000000107	2.46631974043374E-011
1597253300000000000000	216.1	0.9923074993	0.0076924544	1.0757964411385E-007	2.48459266930001E-011
1598268300000000000000	216	0.9919768005	0.0080231543	1.08154797050734E-007	2.50257386279195E-011
1601287100000000000000	215.8	0.9915921471	0.0084078087	1.08820064248369E-007	2.5236179564191E-011
1603308300000000000000	215.6	0.9911254442	0.0088745123	1.09607564408958E-007	2.55006655961935E-011
1605329300000000000000	215.5	0.9906078591	0.009392099	1.10425800347073E-007	2.57755973403372E-011
1607349000000000000000	215.3	0.9901211053	0.0098788535	1.11149078912508E-007	2.60274093120123E-011
1609369500000000000000	215.1	0.9896782986	0.010321661	1.11810007915636E-007	2.62497952869367E-011
1611394100000000000000	214.9	0.9892223906	0.01077757	1.12569992239676E-007	2.64900651812163E-011
1614424100000000000000	214.7	0.9886838165	0.011316145	1.13449229658186E-007	2.67667277753289E-011
1617457000000000000000	214.5	0.9880461398	0.0119538225	1.144188146321E-007	2.71072762182089E-011
1619488900000000000000	214.3	0.9873688161	0.012631147	1.15390523663229E-007	2.74528883941492E-011
1622519800000000000000	214.1	0.9867355975	0.0132643671	1.16267513725028E-007	2.77561448834748E-011
1624553200000000000000	213.9	0.9861439376	0.0138560276	1.17144666704525E-007	2.80518837893978E-011
1627593600000000000000	213.7	0.9855060974	0.014493869	1.1811957847191E-007	2.83621725494339E-011
1630641500000000000000	213.4	0.9847582088	0.0152417581	1.19249820263887E-007	2.87528847728355E-011
1633692500000000000000	213.1	0.9839015137	0.0160984539	1.20465276776807E-007	2.91732261364798E-011
1636742300000000000000	212.9	0.9830213853	0.0169785833	1.21583377745057E-007	2.96096202665031E-011
1639792100000000000000	212.6	0.9821873645	0.0178126051	1.22741238799941E-007	2.99901836490994E-011
1641847100000000000000	212.4	0.9813773131	0.0186226571	1.23839703606733E-007	3.0404338154683E-011
1645913000000000000000	212.1	0.9805027654	0.0194972056	1.25166449694021E-007	3.08337650289522E-011
1648990400000000000000	211.8	0.979465091	0.020534881	1.26604334497229E-007	3.13428829119828E-011
1653071000000000000000	211.5	0.9782826156	0.0217173571	1.28165361161362E-007	3.19169549511747E-011
1656147000000000000000	211.2	0.9771038525	0.0228961211	1.29633639214047E-007	3.24730972482293E-011
1660225000000000000000	210.8	0.9760014774	0.0239984968	1.31083410108664E-007	3.29975283845674E-011
1663314000000000000000	210.6	0.974905954	0.0250940209	1.32537929496041E-007	3.3523536961572E-011
1667420000000000000000	210.2	0.9736750479	0.0263249277	1.34204877430017E-007	3.41110825100236E-011
1671541000000000000000	209.8	0.9722023355	0.0277976408	1.36095325264498E-007	3.48120595553564E-011
1675661000000000000000	209.4	0.9706051576	0.0293948195	0.000000138	3.55758362585355E-011
1679776000000000000000	209.1	0.9690472015	0.0309527762	1.39846683964508E-007	3.62903612153176E-011
1682897000000000000000	208.7	0.9675744814	0.032425497	1.4157795295978E-007	3.69532494236732E-011
1687037000000000000000	208.3	0.9660335213	0.0339664578	1.43482948384786E-007	3.76605961584127E-011
1692201000000000000000	207.9	0.9642658085	0.0357341711	1.45655232691379E-007	3.85182265898497E-011
1696382000000000000000	207.4	0.9612036213	0.0387963594	1.4818829582199E-007	3.95519193459712E-011
1699503000000000000000	207	0.9589176199	0.0410823615	1.5024030268398E-007	4.04898274104503E-011
1702617000000000000000	206.7	0.9575765393	0.0424234425	1.51728909129473E-007	4.10389945396901E-011
1705769000000000000000	206.4	0.9562633927	0.0437365894	1.53358637294898E-007	4.16900471165426E-011
1709973000000000000000	205.9	0.9546791674	0.045320815	1.55498989036802E-007	4.24779338674086E-011
1716252000000000000000	205.4	0.9522231633	0.0477768198	1.58339404913146E-007	4.36021462368068E-011
1721548000000000000000	204.8	0.9489147983	0.0510851855	1.61697740587064E-007	4.50360613556982E-011
1726794000000000000000	204.2	0.9455854746	0.0544145097	1.6484395580456E-007	4.64457181302088E-011
1730008000000000000000	203.8	0.9429106081	0.0570893768	1.67390865835108E-007	4.75633390741531E-011
1734253000000000000000	203.3	0.9406089701	0.0593910151	1.6979867769302E-007	4.8537834676896E-011
1739585000000000000000	202.7	0.9378253871	0.0621745985	1.72852773708917E-007	4.97463967864177E-011
1745995000000000000000	202.1	0.9340344361	0.06596555	1.76627226461182E-007	5.14039160979584E-011
1751388000000000000000	201.4	0.9293743105	0.0706256762	1.80762456976218E-007	5.33247555230461E-011
1755713000000000000000	200.8	0.9251580331	0.074841954	1.84317855018854E-007	5.50608381210664E-011
1760027000000000000000	200.3	0.9216762595	0.078323728	1.87438194548669E-007	5.64326381622791E-011
1764411000000000000000	199.7	0.9182660944	0.0817338934	1.90701013798632E-007	5.78535009568508E-011
1769925000000000000000	199	0.9140541732	0.085945815	1.94725815791194E-007	5.96435799734268E-011
1776508000000000000000	198.3	0.9082749233	0.0917250654	1.99675490539804E-007	6.20361093533935E-011
1782028000000000000000	197.6	0.9018300419	0.0981699472	2.04743547444229E-007	6.45900607609001E-011
1786469000000000000000	196.8	0.896335069	0.1036649204	2.09144849439472E-007	6.67015699731027E-011
1790934000000000000000	196.2	0.8916304408	0.1083695489	0.000000213	6.85546046487485E-011
1795535000000000000000	195.5	0.8865884915	0.1134114985	2.1731628948995E-007	7.063131508698E-011
1802280000000000000000	194.8	0.8798526409	0.1201473494	2.22796824126989E-007	7.33564742077892E-011
1808020000000000000000	193.8	0.8717216689	0.1282783217	2.29081175367812E-007	7.65388039196194E-011
1812690000000000000000	193	0.8639580336	0.1360419573	2.3483133744887E-007	7.95344318665745E-011
1817340000000000000000	192.2	0.8572151274	0.1427848638	0.00000024	8.21798988064813E-011
1822100000000000000000	191.5	0.8507158877	0.1492841037	2.45293987269027E-007	8.48172098201347E-011
1828010000000000000000	190.6	0.8430604781	0.1569395135	2.51600861432233E-007	8.79285733015786E-011
1834000000000000000000	189.8	0.834040036	0.1659599559	2.58581908585597E-007	9.16264142072163E-011
1839960000000000000000	188.8	0.8246924527	0.1753075394	2.65804435407758E-007	9.53655175134659E-011
1844900000000000000000	188.1	0.8159520626	0.1840479297	2.72608123729531E-007	9.90076757061647E-011
1849930000000000000000	187.3	0.8074979196	0.1925020729	2.79474992257669E-007	1.02549595674575E-010
1856120000000000000000	186.3	0.7984039463	0.2015960464	0.000000287	1.06365190184111E-010
1862420000000000000000	185.4	0.7880413896	0.2119586033	2.95438863385507E-007	1.10770409338884E-010
1867750000000000000000	184.4	0.7770557694	0.2229442237	3.04362959166084E-007	1.15417342756589E-010
1874080000000000000000	183.6	0.7662596024	0.2337403909	3.13097419016221E-007	1.20088953985287E-010
1879500000000000000000	182.6	0.7556080235	0.2443919701	0.000000322	1.24675323870651E-010
1886060000000000000000	181.7	0.7446217307	0.2553782631	3.31348731744885E-007	1.29514963067029E-010
1891780000000000000000	180.7	0.7325772407	0.2674227531	3.41722436098091E-007	1.34853523803222E-010
1898570000000000000000	179.7	0.7197506333	0.2802493608	3.52710195051744E-007	1.40509249055963E-010
1904400000000000000000	178.7	0.7067195575	0.2932804367	3.63911494366744E-007	1.46292584327921E-010
1911330000000000000000	177.8	0.69368699	0.3063130044	3.75433810489637E-007	1.52164930563809E-010
1918920000000000000000	176.7	0.6804906505	0.3195093441	3.88309410432575E-007	1.58336113956336E-010
1929430000000000000000	175.3	0.6623805058	0.337619489	0.000000406	1.66864054615744E-010
1941880000000000000000	173.6	0.6387741015	0.3612258935	4.28934226491804E-007	1.77944213980644E-010
1953570000000000000000	171.8	0.6103884661	0.3896115292	4.55703987983658E-007	1.90850763723532E-010
1965050000000000000000	170.1	0.5830159059	0.4169840895	4.8173873857478E-007	2.03092089601944E-010
1975880000000000000000	168.6	0.5587457819	0.4412542137	5.07246374612879E-007	2.142466493311E-010
1989190000000000000000	166.9	0.533395174	0.4666048218	5.36641927274846E-007	2.26298700360758E-010
2004940000000000000000	165	0.499999998	0.499999998	0.000000575	2.43453509483522E-010
2019900000000000000000	162.9	0.4630970296	0.5369029668	6.16588112999607E-007	2.59219667679504E-010
2032510000000000000000	161.1	0.4295218693	0.5704781272	6.56372571109847E-007	2.72925871663451E-010
2045100000000000000000	159.5	0.400606979	0.5993930178	6.94486593604793E-007	2.84572583803391E-010
2058000000000000000000	158	0.3736178955	0.6263821014	7.32321931414431E-007	2.94934429540854E-010
2071300000000000000000	156.5	0.3473035107	0.6526964864	7.71843643245974E-007	3.04400082729032E-010
2083800000000000000000	155	0.321943972	0.6780560253	8.12287773661084E-007	3.12818335304099E-010
2095400000000000000000	153.6	0.2983588908	0.7016411066	8.53376376579539E-007	3.19989237800663E-010
2108000000000000000000	152.3	0.2766421361	0.7233578614	8.94521665817634E-007	3.26137911431256E-010
2119900000000000000000	150.9	0.2562985826	0.7437014151	9.36104523958054E-007	3.30944373222627E-010
2130800000000000000000	149.6	0.2374581934	0.7625418043	9.79933108172056E-007	3.35117056105256E-010
2142900000000000000000	148.3	0.2199020652	0.7800979327	1.0243710227441E-006	3.3815500574981E-010
2154000000000000000000	147	0.2036353305	0.7963646675	1.07015052323242E-006	3.40528258321568E-010
2165200000000000000000	145.7	0.1886781638	0.8113218342	1.1178593916132E-006	3.42290722988069E-010
2176600000000000000000	144.4	0.1747460754	0.8252539227	1.16574330344539E-006	3.43201753742066E-010
2187900000000000000000	143.2	0.1616279067	0.8383720915	1.21686046292593E-006	3.4372092961386E-010
2199400000000000000000	141.9	0.1518092006	0.8481907976	1.2679020261978E-006	3.414976319524E-010
2209800000000000000000	140.7	0.1408914498	0.8591085485	1.32247441856858E-006	3.41408913926597E-010
2221300000000000000000	139.5	0.1308974812	0.8691025172	1.37933072969624E-006	3.40901028179534E-010
2232000000000000000000	138.3	0.1214731213	0.8785268771	1.43866943640825E-006	3.40005939471544E-010
2242600000000000000000	137.1	0.1128214305	0.8871785679	1.50050712736066E-006	3.38941590080951E-010
2254300000000000000000	135.9	0.1049068359	0.8950931627	1.56491522145934E-006	3.37846743254565E-010
2265000000000000000000	134.8	0.0975815183	0.9024184802	1.63277583689953E-006	3.36722415590519E-010
2275700000000000000000	133.6	0.0908542106	0.909145788	1.70238454334263E-006	3.35405975986228E-010
2285500000000000000000	132.4	0.0846307626	0.915369236	1.77621614829317E-006	3.3416126446061E-010
2296300000000000000000	131.3	0.07886742	0.9211325787	1.85320208769055E-006	3.3284724709406E-010
2307100000000000000000	130.1	0.0734649122	0.9265350865	1.93287036784007E-006	3.31505847519246E-010
2318000000000000000000	129	0.0685885298	0.9314114689	2.01673486579298E-006	3.30299883531448E-010
2331800000000000000000	127.7	0.0640303623	0.9359696364	2.12047012464571E-006	3.30680704772983E-010
2349600000000000000000	125.9	0.0582717383	0.9417282605	2.26407680882353E-006	3.30587137080117E-010
2371500000000000000000	123.8	0.0516800482	0.9483199505	2.46168824068491E-006	3.30463930783309E-010
2393100000000000000000	121.6	0.0446273428	0.955372656	2.69359436229425E-006	3.27856687531775E-010
2412700000000000000000	119.6	0.0390397837	0.9609602151	2.93061866900933E-006	3.26106498815085E-010
2430400000000000000000	117.7	0.0347982274	0.9652017714	3.17217633061221E-006	3.26105196056471E-010
2449500000000000000000	115.9	0.0311634133	0.9688365856	3.43264530604903E-006	3.26888950784644E-010
2468000000000000000000	114.1	0.0278366715	0.9721633273	3.72090992573757E-006	3.28190865412382E-010
2487500000000000000000	112.4	0.0248564771	0.9751435218	0.000004038	3.30274426632562E-010
2505700000000000000000	110.7	0.0222694858	0.9777305131	4.37632928323776E-006	3.33166520333395E-010
2524600000000000000000	109.1	0.0200068881	0.9799931108	4.7377813904841E-006	3.3701743911691E-010
2542400000000000000000	107.4	0.0180166066	0.9819833923	5.12736956967359E-006	3.41720193882059E-010
2560200000000000000000	105.9	0.0162617948	0.9837382041	0.000005548	3.47508030122869E-010
2577900000000000000000	104.4	0.0147009878	0.9852990111	5.9990831438547E-006	3.54054545850024E-010
2596500000000000000000	102.9	0.013302516	0.9866974828	6.47539850276388E-006	3.61202878655626E-010
2613900000000000000000	101.5	0.0120787823	0.9879212165	6.99463304071024E-006	3.69276403838395E-010
2631200000000000000000	100.2	0.0109910851	0.9890089138	7.54339495923081E-006	3.78365114969258E-010
2648400000000000000000	98.76	0.0100131537	0.9899868451	8.13136048266918E-006	3.88001837272875E-010
2665500000000000000000	97.53	0.0091405837	0.9908594151	0.000008744	3.98861833171881E-010
2683500000000000000000	96.27	0.008348759	0.9916512398	9.40652033140873E-006	4.10512132267636E-010
2700300000000000000000	95.05	0.0076427262	0.9923572726	1.01125931586295E-005	4.23279756010426E-010
2717000000000000000000	93.85	0.0070064015	0.9929935972	1.08561419287801E-005	4.3676596546897E-010
2733600000000000000000	92.7	0.0064367265	0.9935632722	1.16441076377034E-005	4.51642594025485E-010
2750100000000000000000	91.53	0.005927849	0.9940721497	1.24763623858408E-005	4.67516673426955E-010
2766500000000000000000	90.48	0.0054627026	0.994537296	0.000013332	4.84340293810406E-010
2782800000000000000000	89.41	0.0050435522	0.9949564464	1.42398015190955E-005	5.02462469198389E-010
2798900000000000000000	88.37	0.0046629992	0.9953369994	0.000015192	5.21652523775973E-010
2814900000000000000000	87.36	0.0043165213	0.9956834772	1.61593497160704E-005	5.41631620315301E-010
2830800000000000000000	86.38	0.0040073241	0.9959926744	1.71805580464035E-005	5.63133500698061E-010
2846600000000000000000	85.42	0.0037281276	0.9962718709	1.82271032397561E-005	5.85956858912975E-010
2863200000000000000000	84.48	0.0034752065	0.9965247919	1.93116147891472E-005	6.10103042766355E-010
2878800000000000000000	83.57	0.0032440335	0.9967559649	2.04211877554838E-005	6.35045282287996E-010
2894200000000000000000	82.69	0.0030357215	0.9969642769	2.15872125572277E-005	6.61696366188202E-010
2909500000000000000000	81.82	0.0028474735	0.9971525248	2.28606215321053E-005	6.90239208137876E-010
2924800000000000000000	81	0.0026755329	0.9973244655	2.41972769298174E-005	7.20044262594411E-010
2940000000000000000000	80.18	0.0025173959	0.9974826024	2.55972102910171E-005	7.51744329869457E-010
2955100000000000000000	79.29	0.0023730758	0.9976269225	2.70793476235021E-005	7.84075370993142E-010
2970100000000000000000	78.52	0.0022425846	0.9977574137	2.85615168452549E-005	8.18931987421469E-010
2985000000000000000000	77.78	0.0021208881	0.9978791102	3.03408334886164E-005	8.55686076725405E-010
3000000000000000000000	77.04	0.0020079852	0.997992013	3.21947170276477E-005	8.93771328116962E-010
3015000000000000000000	76.31	0.0019027019	0.9980972963	0.000034169	9.34294874150991E-010
3030000000000000000000	75.61	0.0018037028	0.9981962954	0.000036251	0.000000001
3045000000000000000000	74.93	0.0017135145	0.9982864836	3.85035305769411E-005	0.000000001
3059000000000000000000	74.27	0.0016296185	0.9983703796	4.08763163660779E-005	1.06724529822701E-009
3074000000000000000000	73.63	0.001550756	0.9984492421	0.000043363	1.11535627364104E-009
3089000000000000000000	73.02	0.0014769294	0.9985230687	0.000045951	1.16536489791152E-009
3108000000000000000000	72.27	0.0014062475	0.9985937505	4.90954193299165E-005	1.22738548324791E-009
3133000000000000000000	71.34	0.0013172499	0.9986827481	5.33852815865981E-005	1.31156120402784E-009
3165000000000000000000	70.17	0.0012124522	0.9987875458	5.93267159306102E-005	1.42801333284228E-009
3207000000000000000000	68.73	0.0010931076	0.9989068903	6.76474919406167E-005	1.5925610485833E-009
3255000000000000000000	67.1	0.0009611007	0.9990388972	7.84688146449532E-005	1.80838686450094E-009
3295000000000000000000	65.68	0.0008410642	0.9991589337	8.98610661232476E-005	0.000000002
3325000000000000000000	64.64	0.0007590692	0.9992409286	9.94184681058945E-005	2.22664502947913E-009
3351000000000000000000	63.83	0.0007034896	0.9992965082	0.0001072616	2.39047400004509E-009
3376000000000000000000	63.08	0.000655484	0.9993445137	0.0001145991	2.54734876048735E-009
3403000000000000000000	62.35	0.0006077898	0.999392208	0.0001221269	2.7092947523235E-009
3429000000000000000000	61.64	0.0005619863	0.9994380114	0.0001295287	2.87314722439496E-009
3453000000000000000000	60.99	0.0005211704	0.9994788273	0.0001364248	0.000000003
3476000000000000000000	60.41	0.0004843952	0.9995156025	0.000142815	3.18441498394244E-009
3500000000000000000000	59.83	0.0004502715	0.9995497261	0.0001488893	3.33499355177293E-009
3523000000000000000000	59.26	0.0004177255	0.9995822722	0.000154774	3.48873812641611E-009
3547000000000000000000	58.69	0.000386631	0.9996133667	0.000160406	3.64691328213323E-009
3571000000000000000000	58.13	0.0003572411	0.9996427566	0.0001657219	3.81331148950703E-009
3596000000000000000000	57.56	0.0003296825	0.9996703151	0.0001707217	0.000000004
3621000000000000000000	56.98	0.0003039557	0.999696042	0.0001754052	4.18089198598673E-009
3648000000000000000000	56.39	0.000279871	0.9997201266	0.0001797726	4.39978029169266E-009
3678000000000000000000	55.75	0.0002573025	0.9997426952	0.0001838237	4.66167182091428E-009
3710000000000000000000	55.06	0.00023644	0.9997635578	0.0001875584	0.000000005
3746000000000000000000	54.29	0.0002176629	0.9997823349	0.0001908503	5.42133710108933E-009
3782000000000000000000	53.5	0.0002024258	0.999797572	0.0001935092	0.000000006
3816000000000000000000	52.73	0.0001914244	0.9998085734	0.0001953453	6.60847539055029E-009
3860000000000000000000	51.85	0.0001826358	0.9998173621	0.0001968647	7.46226747180057E-009
3902000000000000000000	50.93	0.0001757439	0.9998242541	0.0001980044	8.59431474559858E-009
3940000000000000000000	50.09	0.0001715076	0.9998284905	0.0001986377	9.84650828376104E-009
3990000000000000000000	49.15	0.0001682829	0.9998317152	0.0001991442	1.14781439794715E-008
4055000000000000000000	47.97	0.000165564	0.9998344342	0.0001995242	0.000000014
4112000000000000000000	46.83	0.0001634774	0.9998365209	0.0001997143	1.74228312143169E-008
4165000000000000000000	45.82	0.0001620863	0.999837912	0.0001997779	2.11414177090604E-008
4229000000000000000000	44.75	0.0001608849	0.9998391134	0.0001998413	0.000000026
4301000000000000000000	43.57	0.0001594938	0.9998405046	0.0001999049	3.29485707078125E-008
4371000000000000000000	42.41	0.0001579131	0.9998420854	0.0001999052	4.2093288555719E-008
4436000000000000000000	41.39	0.0001562058	0.9998437927	0.0001999055	5.28886378162302E-008
4499000000000000000000	40.46	0.0001544986	0.9998455001	0.0001999059	6.54547813133834E-008
4573000000000000000000	39.51	0.0001525384	0.9998474603	0.000199843	8.18976888746765E-008
4643000000000000000000	38.61	0.000150262	0.9998497367	0.0001998435	1.03336778610501E-007
4706000000000000000000	37.84	0.0001481122	0.9998518867	0.0001998439	1.27748311899902E-007
4768000000000000000000	37.15	0.0001461519	0.999853847	0.000199781	1.55701465606552E-007
4849000000000000000000	36.38	0.000144002	0.999855997	0.0001997182	0.000000194
4923000000000000000000	35.64	0.0001416624	0.9998583366	0.0001997187	0.000000247
4968000000000000000000	35.14	0.0001399551	0.999860044	0.0001996558	2.99262348396933E-007
4994000000000000000000	34.85	0.0001390066	0.9998609925	0.0001995927	3.36449113232093E-007
5010000000000000000000	34.68	0.0001384375	0.9998615616	0.0001995929	3.61240306139648E-007
5022000000000000000000	34.58	0.0001380581	0.999861941	0.0001995297	3.77873187714354E-007
5034000000000000000000	34.48	0.0001377419	0.9998622572	0.0001995298	3.92419057943352E-007
5050000000000000000000	34.35	0.0001374258	0.9998625734	0.0001995298	4.10506512585105E-007
5068000000000000000000	34.2	0.0001371096	0.9998628896	0.0001995299	4.33653373427722E-007
5085000000000000000000	34.05	0.0001367302	0.999863269	0.0001994667	4.5888727892919E-007
5099000000000000000000	33.92	0.000136414	0.9998635852	0.0001994668	4.83109293307789E-007
5114000000000000000000	33.79	0.0001361611	0.9998638381	0.0001994036	5.0650913849173E-007
5129000000000000000000	33.65	0.0001359082	0.9998640911	0.0001994036	5.31363573256325E-007
5144000000000000000000	33.51	0.0001356552	0.999864344	0.0001994037	5.58937449236597E-007
5160000000000000000000	33.37	0.0001354023	0.999864597	0.0001993405	5.88851313240419E-007
5174000000000000000000	33.23	0.0001351493	0.9998648499	0.0001993405	6.19903558432117E-007
5189000000000000000000	33.09	0.0001348964	0.9998651029	0.0001992774	6.51398517356088E-007
5203000000000000000000	32.95	0.0001347067	0.9998652926	0.0001992774	6.84917211795248E-007
5218000000000000000000	32.81	0.0001345802	0.999865419	0.0001992142	7.19700725408104E-007
5232000000000000000000	32.66	0.0001343905	0.9998656088	0.000199151	7.57646425861289E-007
5246000000000000000000	32.52	0.0001342641	0.9998657352	0.000199151	7.97489368833E-007
5260000000000000000000	32.37	0.0001341376	0.9998658617	0.0001990878	8.38597174334432E-007
5274000000000000000000	32.22	0.0001340111	0.9998659882	0.0001990246	8.81602269150561E-007
5288000000000000000000	32.07	0.0001338847	0.9998661147	0.0001990246	9.27769506770752E-007
5302000000000000000000	31.92	0.0001338214	0.9998661779	0.0001989614	9.75833973751217E-007
5315000000000000000000	31.76	0.0001337582	0.9998662411	0.0001988981	1.02642815267115E-006
5328000000000000000000	31.6	0.000133695	0.9998663044	0.0001988349	1.08018447051683E-006
5341000000000000000000	31.44	0.000133695	0.9998663044	0.0001987717	1.13583800296353E-006
5354000000000000000000	31.27	0.000133695	0.9998663044	0.0001987084	1.19528609444023E-006
5367000000000000000000	31.1	0.000133695	0.9998663044	0.0001986452	1.25726389193847E-006
5379000000000000000000	30.93	0.0001337582	0.9998662412	0.0001985819	0.000001323
5392000000000000000000	30.75	0.0001338214	0.9998661779	0.0001985187	0.000001392
5404000000000000000000	30.57	0.0001338847	0.9998661147	0.0001984554	1.46469950771102E-006
5416000000000000000000	30.38	0.0001339479	0.9998660515	0.0001983921	1.54122300283683E-006
5428000000000000000000	30.19	0.0001340744	0.999865925	0.0001983289	1.62154094356397E-006
5439000000000000000000	30	0.0001342008	0.9998657986	0.0001982024	1.70628584726923E-006
5450000000000000000000	29.79	0.0001343905	0.9998656089	0.0001981391	1.79545759872317E-006
5461000000000000000000	29.59	0.000134517	0.9998654824	0.0001980126	1.88905641742568E-006
5472000000000000000000	29.38	0.0001347699	0.9998652295	0.0001979493	1.98834679410049E-006
5483000000000000000000	29.16	0.0001349596	0.9998650398	0.0001978228	2.09206423250464E-006
5493000000000000000000	28.94	0.0001352126	0.9998647868	0.0001976962	2.20210574813793E-006
5504000000000000000000	28.71	0.0001354655	0.9998645339	0.0001976329	2.31720661117881E-006
5514000000000000000000	28.48	0.0001357817	0.9998642178	0.0001975064	2.43863151401314E-006
5523000000000000000000	28.24	0.0001360979	0.9998639016	0.0001973798	0.000002567
5533000000000000000000	27.99	0.0001364773	0.9998635222	0.0001972533	2.70171851157195E-006
5542000000000000000000	27.74	0.0001368567	0.9998631428	0.0001970635	2.84338057557994E-006
5552000000000000000000	27.48	0.0001372361	0.9998627634	0.0001969369	2.99326404752919E-006
5560000000000000000000	27.22	0.0001376787	0.9998623208	0.0001967471	3.15073629477523E-006
5569000000000000000000	26.95	0.0001381213	0.9998618781	0.0001966205	3.31642991076703E-006
5578000000000000000000	26.67	0.000138564	0.9998614355	0.0001964307	0.000003491
5586000000000000000000	26.39	0.0001390698	0.9998609296	0.0001962409	0.000003675
5594000000000000000000	26.11	0.0001395757	0.9998604238	0.0001960511	3.86853017851102E-006
5602000000000000000000	25.82	0.0001401448	0.9998598547	0.0001958612	4.07216799764126E-006
5610000000000000000000	25.53	0.0001407139	0.9998592856	0.0001956081	4.28718918213929E-006
5617000000000000000000	25.23	0.0001413462	0.9998586533	0.0001954183	4.51359342711883E-006
5624000000000000000000	24.92	0.0001419786	0.9998580209	0.0001951652	4.75138096851536E-006
5631000000000000000000	24.61	0.0001426109	0.9998573886	0.0001949121	5.0018166264632E-006
5638000000000000000000	24.3	0.0001433065	0.999856693	0.000194659	5.26616488485471E-006
5645000000000000000000	23.99	0.000144002	0.9998559975	0.0001944059	5.54379359515509E-006
5651000000000000000000	23.67	0.0001447608	0.9998552387	0.0001940895	5.83659961916821E-006
5658000000000000000000	23.35	0.0001455196	0.9998544799	0.0001937732	6.14521567440772E-006
5664000000000000000000	23.03	0.0001462784	0.9998537211	0.0001934568	6.46964172487936E-006
5670000000000000000000	22.71	0.0001471004	0.9998528991	0.0001930772	6.81114213997128E-006
5675000000000000000000	22.38	0.0001479225	0.9998520771	0.0001927609	7.17161451872375E-006
5681000000000000000000	22.06	0.0001487445	0.9998512551	0.0001923812	7.55105881434361E-006
5686000000000000000000	21.74	0.0001495665	0.9998504331	0.0001919384	7.94947498003872E-006
5692000000000000000000	21.42	0.0001504517	0.9998495478	0.0001915588	8.36686243988243E-006
5697000000000000000000	21.09	0.000151337	0.9998486626	0.0001911159	8.80954577448889E-006
5702000000000000000000	20.77	0.0001522222	0.9998477773	0.0001906731	9.27120076880368E-006
5707000000000000000000	20.46	0.0001531075	0.9998468921	0.000190167	9.75815151470159E-006
5712000000000000000000	20.14	0.000154056	0.9998459436	0.0001896608	1.027039729548E-005
5716000000000000000000	19.83	0.0001550044	0.9998449951	0.0001890915	1.0814262755741E-005
5721000000000000000000	19.51	0.0001558897	0.9998441099	0.0001885222	1.13834244011357E-005
5725000000000000000000	19.21	0.0001568381	0.9998431614	0.0001879528	1.19778807574663E-005
5730000000000000000000	18.9	0.0001577866	0.999842213	0.0001873202	1.26102806619919E-005
5734000000000000000000	18.6	0.0001587351	0.9998412645	0.0001866244	0.000013268
5738000000000000000000	18.3	0.0001596835	0.999840316	0.0001859286	1.39636142810208E-005
5742000000000000000000	18.01	0.000160632	0.9998393676	0.0001852327	1.46971960168999E-005
5746000000000000000000	17.71	0.0001615172	0.9998384824	0.0001844737	1.54623977822311E-005
5750000000000000000000	17.43	0.0001624657	0.9998375339	0.0001836514	1.62718657478568E-005
5754000000000000000000	17.14	0.0001634142	0.9998365855	0.0001827658	1.71192766401927E-005
5758000000000000000000	16.86	0.0001642994	0.9998357002	0.0001818803	0.000018011
5761000000000000000000	16.59	0.0001652478	0.9998347518	0.0001809315	1.89532242319972E-005
5765000000000000000000	16.32	0.0001661331	0.9998338666	0.0001799827	1.99334367324157E-005
5769000000000000000000	16.05	0.0001670183	0.9998329813	0.0001789707	2.09705639856428E-005
5772000000000000000000	15.79	0.0001679035	0.9998320961	0.0001778322	2.20582817918313E-005
5776000000000000000000	15.53	0.0001687255	0.9998312741	0.0001766938	2.31965914835692E-005
5779000000000000000000	15.28	0.0001695475	0.9998304522	0.0001754921	2.43981396864529E-005
5783000000000000000000	15.03	0.0001703695	0.9998296302	0.0001742271	2.56502781783499E-005
5786000000000000000000	14.79	0.0001711282	0.9998288714	0.0001729622	0.000026972
5790000000000000000000	14.55	0.000171887	0.9998281127	0.0001715708	2.83569212981519E-005
5793000000000000000000	14.32	0.0001726457	0.9998273539	0.0001701161	2.98177480946526E-005
5796000000000000000000	14.09	0.000173278	0.9998267216	0.0001685982	3.13418167769415E-005
5800000000000000000000	13.86	0.0001739735	0.9998260261	0.0001669539	3.29417695765724E-005
5803000000000000000000	13.64	0.0001745426	0.9998254571	0.0001653095	3.46239366059872E-005
5807000000000000000000	13.43	0.0001751116	0.999824888	0.0001635387	3.63946377637747E-005
5810000000000000000000	13.22	0.0001756175	0.9998243822	0.0001616414	3.82412273181697E-005
5814000000000000000000	13.02	0.0001760601	0.9998239396	0.0001597442	0.000040189
5817000000000000000000	12.82	0.0001764395	0.9998235602	0.0001576572	4.22316365277572E-005
5821000000000000000000	12.63	0.0001767556	0.9998232441	0.000155507	4.43754566956538E-005
5825000000000000000000	12.44	0.0001770717	0.9998229279	0.0001532935	4.66331073402088E-005
5828000000000000000000	12.25	0.0001772614	0.9998227382	0.0001508904	4.90109185410223E-005
5832000000000000000000	12.08	0.0001773247	0.999822675	0.0001485505	5.13950593283263E-005
5836000000000000000000	11.92	0.0001773879	0.9998226118	0.0001460841	5.38361157122952E-005
5840000000000000000000	11.76	0.0001773247	0.999822675	0.0001434281	5.64858705454003E-005
5844000000000000000000	11.6	0.000177135	0.9998228647	0.0001405191	5.93949167949672E-005
5848000000000000000000	11.44	0.0001768821	0.9998231176	0.0001374203	6.2468391877559E-005
5853000000000000000000	11.29	0.0001765027	0.999823497	0.0001343216	6.55798207705437E-005
5857000000000000000000	11.16	0.0001759969	0.9998240028	0.0001311597	6.87418526926956E-005
5862000000000000000000	11.03	0.0001754278	0.9998245719	0.0001278713	7.20303723832707E-005
5867000000000000000000	10.9	0.0001747323	0.9998252674	0.0001243932	7.55718655630469E-005
5872000000000000000000	10.78	0.0001738471	0.9998261526	0.0001205989	7.93663391228788E-005
5877000000000000000000	10.66	0.0001728354	0.9998271643	0.0001166149	8.32873102695772E-005
5883000000000000000000	10.56	0.0001716973	0.9998283024	0.0001125676	8.73347808749077E-005
5889000000000000000000	10.46	0.0001704959	0.9998295038	0.0001084572	9.14455067967798E-005
5895000000000000000000	10.37	0.0001691049	0.9998308948	0.000104157	0.000095746
5902000000000000000000	10.29	0.0001675241	0.9998324756	9.9603804492591E-005	0.0001003627
5909000000000000000000	10.21	0.0001657537	0.999834246	9.47344529114714E-005	0.0001051692
5917000000000000000000	10.14	0.0001638568	0.9998361429	8.97386139663784E-005	0.0001101654
5925000000000000000000	10.08	0.0001618334	0.9998381663	8.46162850417412E-005	0.0001152881
5934000000000000000000	10.04	0.0001596835	0.9998403161	7.94307044326898E-005	0.0001205374
5943000000000000000000	10	0.000157344	0.9998426557	7.4181874454905E-005	0.0001257234
5951000000000000000000	9.978	0.0001551941	0.9998448056	6.93756958698147E-005	0.0001305933
5960000000000000000000	9.963	0.0001531707	0.999846829	6.5075419798473E-005	0.0001348307
5968000000000000000000	9.956	0.0001512105	0.9998487892	6.09711712606116E-005	0.0001390049
5977000000000000000000	9.956	0.0001493768	0.9998506229	5.71451627352928E-005	0.0001427997
5985000000000000000000	9.96	0.0001476695	0.9998523302	5.36606389718098E-005	0.0001462782
5993000000000000000000	9.969	0.0001460255	0.9998539742	5.0460688552939E-005	0.0001495038
6002000000000000000000	9.98	0.0001445079	0.9998554918	0.000047501	0.0001524764
6010000000000000000000	9.994	0.0001430535	0.9998569462	4.4769053268876E-005	0.000155196
6018000000000000000000	10.01	0.0001417256	0.999858274	4.22457512373864E-005	0.0001577259
6026000000000000000000	10.03	0.000140461	0.9998595387	3.99184908813786E-005	0.0001600661
6034000000000000000000	10.05	0.0001393228	0.9998606769	3.77746225376189E-005	0.0001622165
6042000000000000000000	10.07	0.0001382478	0.9998617519	3.57888529658587E-005	0.0001641772
6050000000000000000000	10.09	0.0001371728	0.9998628269	3.39548609575101E-005	0.0001660114
6057000000000000000000	10.11	0.0001362243	0.9998637754	3.22473459238965E-005	0.0001677191
6065000000000000000000	10.13	0.000135339	0.9998646606	0.00003066	0.0001693003
6073000000000000000000	10.16	0.0001344538	0.9998655459	2.91864610650528E-005	0.0001708183
6080000000000000000000	10.18	0.0001336317	0.999866368	2.7814119457744E-005	0.0001721465
6088000000000000000000	10.2	0.0001328729	0.9998671268	2.65303137051528E-005	0.0001734747
6095000000000000000000	10.23	0.0001321773	0.9998678223	0.000025335	0.0001746132
6103000000000000000000	10.25	0.0001314818	0.9998685179	2.42156644852837E-005	0.0001757517
6110000000000000000000	10.27	0.0001308494	0.9998691503	2.31658488135798E-005	0.000176827
6117000000000000000000	10.29	0.0001302171	0.9998697826	2.21855989715603E-005	0.0001777757
6125000000000000000000	10.32	0.000129648	0.9998703517	2.12622651644243E-005	0.0001787245
6132000000000000000000	10.34	0.0001290788	0.9998709208	2.03895246601865E-005	0.00017961
6139000000000000000000	10.36	0.000128573	0.9998714267	1.95673763077386E-005	0.0001804322
6146000000000000000000	10.39	0.0001280671	0.9998719326	1.87958215285617E-005	0.0001811912
6153000000000000000000	10.41	0.0001275612	0.9998724385	1.80685360955974E-005	0.000181887
6161000000000000000000	10.43	0.0001271186	0.9998728811	1.73791946698782E-005	0.0001825827
6168000000000000000000	10.45	0.0001266759	0.9998733238	1.67277984905037E-005	0.0001832785
6175000000000000000000	10.48	0.0001262333	0.9998737664	1.61143476078691E-005	0.0001838478
6182000000000000000000	10.5	0.0001258539	0.9998741458	1.55261924603498E-005	0.0001844803
6189000000000000000000	10.52	0.0001254745	0.9998745252	1.49696584517066E-005	0.0001849863
6196000000000000000000	10.54	0.000125095	0.9998749046	1.44384212984897E-005	0.0001855555
6203000000000000000000	10.56	0.0001247156	0.9998752841	1.39388053513438E-005	0.0001860615
6210000000000000000000	10.59	0.0001243995	0.9998756002	1.34581611466346E-005	0.0001865043
6216000000000000000000	10.61	0.00012402	0.9998759796	1.30028147636782E-005	0.0001870103
6223000000000000000000	10.63	0.0001237039	0.9998762958	1.25727645545949E-005	0.0001873898
6230000000000000000000	10.65	0.0001233877	0.999876612	1.21553627340282E-005	0.0001878326
6237000000000000000000	10.67	0.0001230715	0.9998769282	1.17569336462217E-005	0.0001882121
6244000000000000000000	10.69	0.0001228186	0.9998771811	1.1377476589625E-005	0.0001885916
6251000000000000000000	10.71	0.0001225024	0.9998774973	0.000011017	0.0001889712
6257000000000000000000	10.73	0.0001222494	0.9998777502	1.06691572716006E-005	0.0001892874
6264000000000000000000	10.75	0.0001219965	0.9998780032	1.03402943402183E-005	0.0001896669
6271000000000000000000	10.77	0.0001216803	0.9998783194	1.0017756216652E-005	0.0001899832
6278000000000000000000	10.79	0.0001214274	0.9998785723	9.71419030388018E-006	0.0001902995
6284000000000000000000	10.81	0.0001212377	0.999878762	9.42327233005135E-006	0.0001905525
6291000000000000000000	10.83	0.0001209847	0.9998790149	0.000009145	0.0001908687
6298000000000000000000	10.85	0.0001207318	0.9998792679	8.87305890477263E-006	0.0001911218
6305000000000000000000	10.87	0.0001205421	0.9998794576	8.61376231019785E-006	0.0001913748
6311000000000000000000	10.89	0.0001202891	0.9998797105	8.36079049544126E-006	0.0001916278
6318000000000000000000	10.91	0.0001200994	0.9998799002	8.12679109306293E-006	0.0001918808
6325000000000000000000	10.93	0.0001198465	0.9998801532	7.89279210105911E-006	0.0001920706
6331000000000000000000	10.95	0.0001196568	0.9998803429	7.67144121398492E-006	0.0001923236
6338000000000000000000	10.97	0.0001194671	0.9998805326	7.45641459796175E-006	0.0001925134
6345000000000000000000	10.98	0.0001192774	0.9998807223	0.000007254	0.0001927031
6351000000000000000000	11	0.0001190877	0.999880912	7.05165855091166E-006	0.0001929561
6358000000000000000000	11.02	0.0001188979	0.9998811017	6.86192912948448E-006	0.0001931459
6365000000000000000000	11.04	0.0001187082	0.9998812914	6.67852399590664E-006	0.0001933357
6371000000000000000000	11.06	0.0001185185	0.9998814811	6.5014431537787E-006	0.0001934622
6378000000000000000000	11.08	0.0001183921	0.9998816076	6.33068620632404E-006	0.000193652
6385000000000000000000	11.09	0.0001182023	0.9998817973	0.000006165	0.0001938417
6391000000000000000000	11.11	0.0001180126	0.999881987	0.000006005	0.0001939683
6398000000000000000000	11.13	0.0001178862	0.9998821135	0.00000585	0.000194158
6405000000000000000000	11.15	0.0001176965	0.9998823032	5.7007837325228E-006	0.0001942845
6411000000000000000000	11.16	0.00011757	0.9998824297	5.55658888499027E-006	0.000194411
6418000000000000000000	11.18	0.0001173803	0.9998826194	5.41745383787488E-006	0.0001946008
6424000000000000000000	11.2	0.0001172538	0.9998827459	5.28337789937836E-006	0.0001947273
6431000000000000000000	11.21	0.0001171273	0.9998828723	5.15246411188613E-006	0.0001948538
6438000000000000000000	11.23	0.0001169376	0.999883062	0.000005026	0.0001949804
6445000000000000000000	11.25	0.0001168111	0.9998831885	4.90328549053749E-006	0.0001951069
6451000000000000000000	11.26	0.0001166847	0.999883315	0.000004785	0.0001952334
6458000000000000000000	11.28	0.0001165582	0.9998834415	4.67118222555459E-006	0.0001952967
6464000000000000000000	11.3	0.0001164317	0.9998835679	4.56050626713324E-006	0.0001954232
6471000000000000000000	11.31	0.0001163053	0.9998836944	0.000004453	0.0001955497
6478000000000000000000	11.33	0.0001161788	0.9998838209	4.34927326764565E-006	0.0001956129
6485000000000000000000	11.35	0.0001160523	0.9998839473	4.24808379147516E-006	0.0001957395
6491000000000000000000	11.36	0.0001159258	0.9998840738	4.14942404068351E-006	0.000195866
6498000000000000000000	11.38	0.0001157994	0.9998842003	4.05519132970393E-006	0.0001959292
6505000000000000000000	11.39	0.0001156729	0.9998843268	3.96285590859871E-006	0.0001960558
6512000000000000000000	11.41	0.0001155464	0.9998844532	3.87368265405697E-006	0.000196119
6518000000000000000000	11.43	0.0001154199	0.9998845797	3.78767156727814E-006	0.0001961823
6525000000000000000000	11.44	0.0001152935	0.9998847062	3.70419021131805E-006	0.0001963088
6532000000000000000000	11.46	0.000115167	0.9998848327	3.62260614891232E-006	0.0001963721
6539000000000000000000	11.47	0.0001151038	0.9998848959	3.54355159497745E-006	0.0001964353
6545000000000000000000	11.49	0.0001149773	0.9998850224	3.46639456518405E-006	0.0001964986
6552000000000000000000	11.5	0.0001148508	0.9998851488	3.39113483114487E-006	0.0001966251
6559000000000000000000	11.52	0.0001147243	0.9998852753	3.31840483208416E-006	0.0001966884
6566000000000000000000	11.53	0.0001146611	0.9998853385	3.24757192498858E-006	0.0001967516
6573000000000000000000	11.55	0.0001145346	0.999885465	3.17926896433985E-006	0.0001968149
6580000000000000000000	11.56	0.0001144082	0.9998855915	3.11286330252512E-006	0.0001968782
6587000000000000000000	11.58	0.0001143449	0.9998856547	3.0477223087303E-006	0.0001969414
6594000000000000000000	11.59	0.0001142185	0.9998857812	2.98447881179873E-006	0.0001970047
6601000000000000000000	11.61	0.0001141552	0.9998858444	2.92313243071097E-006	0.000197068
6608000000000000000000	11.62	0.0001140287	0.9998859709	2.86305110074243E-006	0.0001971312
6615000000000000000000	11.63	0.0001139655	0.9998860341	2.80486689525716E-006	0.0001971945
6622000000000000000000	11.65	0.000113839	0.9998861606	2.74794773425171E-006	0.0001972577
6629000000000000000000	11.66	0.0001137758	0.9998862238	2.69292570596883E-006	0.000197321
6636000000000000000000	11.68	0.0001136493	0.9998863503	2.63916871592633E-006	0.000197321
6643000000000000000000	11.69	0.0001135861	0.9998864136	2.5866764272215E-006	0.0001973843
6650000000000000000000	11.71	0.0001134596	0.99988654	2.53544917075742E-006	0.0001974476
6657000000000000000000	11.72	0.0001133964	0.9998866033	2.48485418356631E-006	0.0001975108
6665000000000000000000	11.73	0.0001132699	0.9998867297	2.43678910162495E-006	0.0001975741
6672000000000000000000	11.75	0.0001132067	0.999886793	2.38935629591614E-006	0.0001975741
6679000000000000000000	11.76	0.0001131434	0.9998868562	2.34255592371185E-006	0.0001976373
6687000000000000000000	11.78	0.000113017	0.9998869827	2.2963881303649E-006	0.0001977006
6694000000000000000000	11.79	0.0001129537	0.9998870459	2.25211750189856E-006	0.0001977639
6701000000000000000000	11.8	0.0001128905	0.9998871092	2.20911174716095E-006	0.0001977639
6709000000000000000000	11.82	0.000112764	0.9998872356	2.16673856372111E-006	0.0001978272
6716000000000000000000	11.83	0.0001127008	0.9998872989	2.12563011477711E-006	0.0001978904
6724000000000000000000	11.84	0.0001126375	0.9998873621	2.08452166063335E-006	0.0001978904
6732000000000000000000	11.86	0.0001125111	0.9998874886	2.04467821033188E-006	0.0001979537
6740000000000000000000	11.87	0.0001124478	0.9998875518	2.00609950304588E-006	0.0001979537
6747000000000000000000	11.88	0.0001123846	0.999887615	1.96815323086431E-006	0.000198017
6755000000000000000000	11.9	0.0001123213	0.9998876783	1.93083939390719E-006	0.0001980802
6763000000000000000000	11.91	0.0001122581	0.9998877415	1.89415799229474E-006	0.0001980802
6771000000000000000000	11.92	0.0001121316	0.999887868	1.8587415838053E-006	0.0001981435
6780000000000000000000	11.94	0.0001120684	0.9998879312	1.82269261085751E-006	0.0001981435
6788000000000000000000	11.95	0.0001120052	0.9998879945	1.78790851379856E-006	0.0001982068
6796000000000000000000	11.96	0.0001119419	0.9998880577	0.000001755	0.0001982068
6805000000000000000000	11.98	0.0001118787	0.9998881209	1.72150250800258E-006	0.00019827
6813000000000000000000	11.99	0.0001117522	0.9998882474	1.68861582577193E-006	0.0001982701
6821000000000000000000	12	0.000111689	0.9998883106	1.65636147093112E-006	0.0001983333
6830000000000000000000	12.01	0.0001116257	0.9998883739	1.62537199293916E-006	0.0001983333
6839000000000000000000	12.03	0.0001115625	0.9998884371	1.59375007052281E-006	0.0001983966
6849000000000000000000	12.04	0.0001114993	0.9998885003	1.56276058465124E-006	0.0001983966
6858000000000000000000	12.05	0.000111436	0.9998885636	1.53240353544383E-006	0.0001984599
6867000000000000000000	12.07	0.0001113096	0.99988869	1.50331145872105E-006	0.0001984599
6877000000000000000000	12.08	0.0001112463	0.9998887533	1.47358684069867E-006	0.0001985231
6886000000000000000000	12.09	0.0001111831	0.9998888165	1.44449465966054E-006	0.0001985231
6896000000000000000000	12.11	0.0001111198	0.9998888798	0.000001416	0.0001985864
6906000000000000000000	12.12	0.0001110566	0.999888943	1.38884004984279E-006	0.0001985864
6917000000000000000000	12.13	0.0001109934	0.9998890062	1.3603802987897E-006	0.0001986497
6927000000000000000000	12.15	0.0001108669	0.9998891327	1.33192062837315E-006	0.0001986497
6938000000000000000000	12.16	0.0001108037	0.9998891959	1.30472575028931E-006	0.0001986497
6949000000000000000000	12.17	0.0001107404	0.9998892592	1.27816330978984E-006	0.000198713
6960000000000000000000	12.18	0.0001106772	0.9998893224	1.25349818912422E-006	0.000198713
6973000000000000000000	12.2	0.0001106139	0.9998893856	0.000001225	0.0001987762
6987000000000000000000	12.21	0.0001105507	0.9998894489	1.19531376241415E-006	0.0001987763
6999000000000000000000	12.23	0.0001104875	0.9998895121	1.16811886709206E-006	0.0001988395
7011000000000000000000	12.24	0.0001104242	0.9998895753	1.14408617445168E-006	0.0001988395
7025000000000000000000	12.25	0.000110361	0.9998896386	1.11815615497837E-006	0.0001988395
7039000000000000000000	12.27	0.0001102345	0.9998897651	1.09159375995857E-006	0.0001989028
7053000000000000000000	12.28	0.0001101713	0.9998898283	1.06629617363058E-006	0.0001989028
7068000000000000000000	12.29	0.0001101081	0.9998898915	1.04226346695196E-006	0.0001989661
7086000000000000000000	12.3	0.0001100448	0.9998899548	1.01570099137671E-006	0.0001989661
7104000000000000000000	12.32	0.0001099816	0.999890018	9.87241187929851E-007	0.0001989661
7122000000000000000000	12.33	0.0001099183	0.9998900813	0.00000096	0.0001990294
7140000000000000000000	12.35	0.0001097919	0.9998902077	9.34748720443387E-007	0.0001990294
7158000000000000000000	12.36	0.0001097286	0.999890271	9.11348437990813E-007	0.0001990926
7177000000000000000000	12.37	0.0001096654	0.9998903342	8.86683269169637E-007	0.0001990926
7196000000000000000000	12.39	0.0001096022	0.9998903974	8.63915422461341E-007	0.0001990927
7215000000000000000000	12.4	0.0001095389	0.9998904607	8.42412456442195E-007	0.0001991559
7234000000000000000000	12.41	0.0001094757	0.9998905239	8.20909487702445E-007	0.0001991559
7254000000000000000000	12.42	0.0001094124	0.9998905872	8.01303841836054E-007	0.0001991559
7274000000000000000000	12.43	0.0001094124	0.9998905872	7.81065702186933E-007	0.0001992192
7293000000000000000000	12.44	0.0001093492	0.9998906504	7.61460052560055E-007	0.0001992192
7313000000000000000000	12.44	0.000109286	0.9998907137	7.43751726286115E-007	0.0001992192
7334000000000000000000	12.45	0.0001092227	0.9998907769	7.25410955787486E-007	0.0001992192
7354000000000000000000	12.45	0.0001092227	0.9998907769	7.08335022219652E-007	0.0001992825
7375000000000000000000	12.46	0.0001091595	0.9998908401	6.91259132369432E-007	0.0001992825
7396000000000000000000	12.46	0.0001091595	0.9998908401	6.74815639745065E-007	0.0001992825
7417000000000000000000	12.47	0.0001091595	0.9998908402	0.000000659	0.0001992825
7438000000000000000000	12.47	0.0001090963	0.9998909034	6.43826021286775E-007	0.0001993457
7459000000000000000000	12.47	0.0001090963	0.9998909034	6.28773900163168E-007	0.0001993457
7481000000000000000000	12.47	0.0001090963	0.9998909034	6.1410124427799E-007	0.0001993457
7502000000000000000000	12.47	0.0001090963	0.9998909034	5.99871297837503E-007	0.0001993457
7524000000000000000000	12.46	0.0001090963	0.9998909034	0.000000586	0.0001993457
7546000000000000000000	12.46	0.0001090963	0.9998909034	5.72423312258826E-007	0.000199409
7568000000000000000000	12.46	0.0001090963	0.9998909034	5.59142028914194E-007	0.000199409
7590000000000000000000	12.45	0.0001090963	0.9998909034	5.46176966601487E-007	0.000199409
7612000000000000000000	12.45	0.0001090963	0.9998909034	5.33464881114296E-007	0.000199409
7635000000000000000000	12.44	0.0001091595	0.9998908402	0.000000521	0.000199409
7657000000000000000000	12.43	0.0001091595	0.9998908402	5.0879960843786E-007	0.0001994722
7680000000000000000000	12.42	0.0001092227	0.999890777	4.96783178562148E-007	0.0001994722
7702000000000000000000	12.41	0.0001092227	0.999890777	4.85083001857015E-007	0.0001994722
7725000000000000000000	12.4	0.000109286	0.9998907137	4.73572527796326E-007	0.0001994722
7748000000000000000000	12.39	0.000109286	0.9998907137	4.62251816997422E-007	0.0001994722
7771000000000000000000	12.37	0.0001093492	0.9998906505	4.51184054441331E-007	0.0001994722
7794000000000000000000	12.36	0.0001094124	0.9998905873	4.40369270030714E-007	0.0001994722
7817000000000000000000	12.34	0.0001094757	0.999890524	4.29744219535217E-007	0.0001995354
7839000000000000000000	12.33	0.0001095389	0.9998904608	4.1937214709721E-007	0.0001995354
7862000000000000000000	12.31	0.0001096022	0.9998903976	4.09189808494333E-007	0.0001995354
7885000000000000000000	12.29	0.0001096654	0.9998903343	3.99197203690564E-007	0.0001995354
7908000000000000000000	12.27	0.0001097286	0.9998902711	3.89457576816329E-007	0.0001995353
7931000000000000000000	12.25	0.0001097919	0.9998902079	3.79844439498793E-007	0.0001995353
7954000000000000000000	12.23	0.0001098551	0.9998901446	3.70421035872404E-007	0.0001995353
7977000000000000000000	12.21	0.0001099816	0.9998900182	3.61187343058131E-007	0.0001995353
8000000000000000000000	12.19	0.0001100448	0.9998899549	3.52143407277981E-007	0.0001995985
8022000000000000000000	12.16	0.0001101713	0.9998898285	3.43225939219537E-007	0.0001995985
8045000000000000000000	12.14	0.0001102345	0.9998897652	3.34498226963222E-007	0.0001995985
8068000000000000000000	12.12	0.0001102978	0.999889702	0.000000326	0.0001995985
8091000000000000000000	12.09	0.0001104242	0.9998895755	3.17548738690562E-007	0.0001995985
8114000000000000000000	12.07	0.0001105507	0.9998894491	3.09263719535741E-007	0.0001995984
8137000000000000000000	12.04	0.0001106139	0.9998893858	3.01168453843188E-007	0.0001995984
8160000000000000000000	12.01	0.0001107404	0.9998892593	2.9326290294665E-007	0.0001995984
8183000000000000000000	11.99	0.0001108669	0.9998891329	2.85420598144408E-007	0.0001995984
8205000000000000000000	11.96	0.0001109301	0.9998890696	2.77768045152485E-007	0.0001995983
8228000000000000000000	11.93	0.0001110566	0.9998889432	2.70241964210105E-007	0.0001995983
8251000000000000000000	11.9	0.0001111831	0.9998888167	2.62842373320441E-007	0.0001995983
8274000000000000000000	11.88	0.0001113096	0.9998886902	2.5563251650194E-007	0.0001995983
8297000000000000000000	11.85	0.0001113728	0.999888627	2.48485921281008E-007	0.0001995983
8320000000000000000000	11.82	0.0001114993	0.9998885005	2.4152904386399E-007	0.0001995982
8343000000000000000000	11.79	0.0001116257	0.999888374	2.34635412253273E-007	0.0001995982
8365000000000000000000	11.76	0.0001117522	0.9998882476	2.2793151450172E-007	0.0001995982
8388000000000000000000	11.73	0.0001118787	0.9998881211	2.21354106506918E-007	0.0001995982
8411000000000000000000	11.7	0.0001120052	0.9998879946	2.14839944198441E-007	0.0001995981
8434000000000000000000	11.67	0.0001121316	0.9998878682	2.08515515581139E-007	0.0001995981
8457000000000000000000	11.64	0.0001122581	0.9998877417	2.02254332570153E-007	0.0001995981
8479000000000000000000	11.61	0.0001123846	0.9998876152	1.96182883138363E-007	0.0001995981
8502000000000000000000	11.58	0.0001125111	0.9998874888	1.90174679232896E-007	0.000199598
8525000000000000000000	11.55	0.0001126375	0.9998873623	1.84292964812198E-007	0.000199598
8547000000000000000000	11.52	0.000112764	0.9998872358	1.78600983802707E-007	0.000199598
8570000000000000000000	11.48	0.0001128905	0.9998871093	0.000000173	0.000199598
8593000000000000000000	11.45	0.000113017	0.9998869829	1.67470001937154E-007	0.0001995979
8615000000000000000000	11.42	0.0001131434	0.9998868564	1.62094244967544E-007	0.0001995979
8638000000000000000000	11.38	0.0001133331	0.9998866667	1.56844967323224E-007	0.0001995979
8660000000000000000000	11.35	0.0001134596	0.9998865402	1.51722189119163E-007	0.0001995978
8682000000000000000000	11.31	0.0001135861	0.9998864137	1.46725900055884E-007	0.0001995346
8704000000000000000000	11.28	0.0001137758	0.999886224	1.41856091113865E-007	0.0001995345
8726000000000000000000	11.24	0.0001139023	0.9998860976	1.37112780488165E-007	0.0001995345
8748000000000000000000	11.2	0.000114092	0.9998859079	1.32432706581267E-007	0.0001995345
8770000000000000000000	11.16	0.0001142185	0.9998857814	1.2794237417715E-007	0.0001995344
8792000000000000000000	11.13	0.0001144082	0.9998855917	1.23515278971807E-007	0.0001995344
8814000000000000000000	11.08	0.0001145979	0.999885402	1.19277917021699E-007	0.0001994711
8836000000000000000000	11.04	0.0001147876	0.9998852123	1.15103800525931E-007	0.0001994711
8857000000000000000000	11	0.0001149773	0.9998850226	1.11056173282957E-007	0.0001994711
8879000000000000000000	10.96	0.000115167	0.9998848328	1.07071791398335E-007	0.000199471
8900000000000000000000	10.91	0.0001153567	0.9998846431	1.03213898646506E-007	0.000199471
8921000000000000000000	10.87	0.0001156097	0.9998843902	9.9482488663836E-008	0.0001994077
8943000000000000000000	10.82	0.0001157994	0.9998842005	9.58775741896072E-008	0.0001994076
8964000000000000000000	10.77	0.0001160523	0.9998839475	9.23358990140718E-008	0.0001994076
8985000000000000000000	10.72	0.0001163053	0.9998836946	8.89207131313312E-008	0.0001994075
8989000000000000000000	10.71	0.0001163053	0.9998836946	8.68336693666121E-008	0.0001993443
