NH	T	H	H2	C	CO
52750000000	460.1	0.6541515274	0.3458484726	2.77351635035843E-006	0.0001196878
263800000000	459.9	0.6542395693	0.3457604307	2.77523553156283E-006	0.0001197174
1107700000000	460	0.6542395693	0.3457604307	2.77523553156283E-006	0.0001197308
4484000000000	459.8	0.6541515274	0.3458484726	2.7762077781606E-006	0.0001197282
8872000000000	459.7	0.6539238121	0.3460761879	0.000002777	0.0001197604
14575000000000	459.5	0.6535613303	0.3464386697	0.000002779	0.0001198061
21986000000000	459.1	0.6530172414	0.3469827586	2.78017241372727E-006	0.000119868
31610000000000	458.7	0.6522911051	0.3477088949	2.78167115896382E-006	0.0001199596
44130000000000	458.1	0.6512004316	0.3487995684	2.78527110864743E-006	0.0001200836
60360000000000	457.3	0.6497434512	0.3502565487	2.7896300296398E-006	0.0001202403
81450000000000	456.1	0.6477825852	0.3522174148	2.79340183876604E-006	0.000120457
108800000000000	454.6	0.6451700311	0.3548299688	2.80043354552431E-006	0.0001207695
144290000000000	452.5	0.6425953577	0.3574046423	2.81254241882906E-006	0.0001211212
190290000000000	449.4	0.6376021798	0.3623978202	2.82970027241341E-006	0.0001217302
241200000000000	445.2	0.6307502738	0.3692497262	2.8504928805471E-006	0.0001225219
282900000000000	440.4	0.6229688791	0.3770311209	0.000002878	0.0001234784
312000000000000	436.5	0.6164383562	0.3835616438	2.90023522893558E-006	0.0001242563
337000000000000	433.6	0.6114968064	0.3885031935	2.91724520959707E-006	0.0001248264
364600000000000	431.1	0.6074362902	0.3925637098	2.93273917275001E-006	0.0001253168
400500000000000	428.4	0.6029617211	0.3970382788	2.94914780658258E-006	0.0001258592
439500000000000	424.9	0.5966881841	0.4033118159	2.96940780234627E-006	0.0001265787
474900000000000	421	0.5896206459	0.4103793541	2.99393597511221E-006	0.0001273727
503300000000000	417.6	0.5825655563	0.4174344436	3.01488306159084E-006	0.0001281644
527900000000000	414.9	0.5767150583	0.4232849416	3.031596925637E-006	0.0001287931
554700000000000	412.4	0.5716326239	0.4283673761	3.04670761313062E-006	0.0001293387
586600000000000	409.8	0.5656913368	0.4343086632	3.0622489959166E-006	0.0001299484
620700000000000	406.8	0.5586624387	0.4413375612	3.08013836833876E-006	0.0001306861
652800000000000	403.3	0.5506595159	0.4493404841	3.10334831128254E-006	0.0001315263
677800000000000	399.9	0.5436143876	0.4563856123	3.12509101493233E-006	0.0001322703
698500000000000	397.2	0.538585209	0.461414791	3.14820227996767E-006	0.0001328997
722600000000000	395.2	0.534515609	0.465484391	3.16722849179798E-006	0.0001334017
753900000000000	392.4	0.5299911791	0.4700088209	3.19170832101367E-006	0.0001339753
788800000000000	389.5	0.5239852398	0.4760147601	3.2177121770529E-006	0.0001346863
823700000000000	385.8	0.5169805724	0.4830194275	3.25077858512995E-006	0.0001355183
851500000000000	382.2	0.5100581135	0.4899418864	3.28565042460565E-006	0.0001363731
874000000000000	379.3	0.5045610887	0.4954389113	3.31239718850406E-006	0.0001370271
896600000000000	376.3	0.50044991	0.49955009	3.34133173358166E-006	0.0001375975
919000000000000	374	0.4969186833	0.5030813167	3.36690214933386E-006	0.000138058
947400000000000	371.6	0.4920826421	0.5079173579	3.39013723413013E-006	0.0001386367
981000000000000	368.8	0.4857662023	0.5142337977	3.41762568133193E-006	0.0001393549
1013400000000000	365.4	0.4788560998	0.5211439002	0.000003453	0.0001401582
1039200000000000	361.5	0.4716490906	0.5283509094	3.49381017874225E-006	0.0001410362
1057100000000000	358.1	0.4653161449	0.5346838551	3.53130755056891E-006	0.0001418048
1071100000000000	356.6	0.4609110495	0.5390889504	3.54570637111545E-006	0.0001422592
1089300000000000	355	0.4578963603	0.5421036397	3.56415792712935E-006	0.0001426434
1113100000000000	352.7	0.4538425854	0.5461574146	3.59053657020321E-006	0.0001431421
1140300000000000	350.1	0.4486503258	0.5513496742	3.61929878987005E-006	0.0001437325
1167400000000000	346.7	0.4428526939	0.5571473061	3.65773902203341E-006	0.0001444254
1188300000000000	343.2	0.4372558212	0.5627441788	0.000003699	0.0001451321
1203800000000000	338.3	0.4334273183	0.5665726817	3.7562656640792E-006	0.000145708
1213000000000000	336.3	0.4298948029	0.570105197	3.78081331441033E-006	0.0001461454
1224400000000000	335.1	0.4279201383	0.5720798616	0.000003795	0.0001463921
1239200000000000	333.5	0.4251968504	0.5748031496	3.81417322826399E-006	0.0001467087
1258400000000000	331.6	0.421875	0.578125	3.83838383830078E-006	0.0001471117
1282200000000000	329.1	0.4173789174	0.5826210826	3.86831275711795E-006	0.0001476417
1305300000000000	325.6	0.4112787927	0.5887212073	0.000003911	0.0001483241
1320800000000000	319.5	0.406374502	0.593625498	3.98565737043091E-006	0.0001490359
1330000000000000	317.1	0.4025559105	0.5974440894	4.01757188489629E-006	0.0001494728
1338900000000000	316.4	0.4010233451	0.5989766549	0.000004031	0.0001496962
1350400000000000	314.9	0.3986226778	0.6013773222	4.05028827665687E-006	0.000149984
1365400000000000	312.9	0.3954756939	0.6045243061	4.07508422901385E-006	0.0001503129
1382300000000000	310.3	0.3912483912	0.6087516087	4.11036036027023E-006	0.0001508205
1396000000000000	295.7	0.3730881874	0.6269118125	0.000004302	0.0001529938
1408600000000000	293.4	0.3695793935	0.6304206064	4.33485490697921E-006	0.0001533746
1424800000000000	291.3	0.3665468801	0.6334531199	4.36622018938364E-006	0.0001537406
1445800000000000	288.6	0.3626985426	0.6373014573	4.40478139829734E-006	0.0001542001
1473100000000000	285.2	0.3571545917	0.6428454082	4.45375390165878E-006	0.0001548053
1508300000000000	280.1	0.3499422537	0.6500577462	4.52565583227002E-006	0.0001556014
1541200000000000	272.8	0.3407997345	0.6592002655	4.6308279408289E-006	0.0001566451
1571100000000000	266	0.3341662502	0.6658337498	0.000004731	0.0001574379
1598100000000000	259.6	0.3257994308	0.6742005692	4.82169763926838E-006	0.0001583291
1622400000000000	253.1	0.3171798755	0.6828201245	4.90493016983774E-006	0.0001591789
1644600000000000	246.6	0.3090970578	0.6909029422	4.9881636792933E-006	0.0001600101
1664600000000000	240.3	0.3018002717	0.6981997282	5.06963315206103E-006	0.0001607507
1682900000000000	233.7	0.2943885383	0.7056114617	5.14753539132378E-006	0.0001614532
1699200000000000	225.7	0.2820821165	0.7179178835	0.000005195	0.0001624807
1714100000000000	219.7	0.2759868988	0.7240131012	0.000005256	0.0001630236
1727700000000000	213.8	0.2700692041	0.7299307958	5.31314878881491E-006	0.0001635986
1739900000000000	207.7	0.2631578947	0.7368421052	5.3604307798079E-006	0.0001642001
1751000000000000	206.1	0.2631121917	0.7368878083	5.41160125031924E-006	0.0001642758
1761300000000000	202.4	0.2590529248	0.7409470752	5.44045960991306E-006	0.0001646414
1772200000000000	198.6	0.2552337753	0.7447662247	5.46755059304588E-006	0.0001649512
1783300000000000	196.2	0.252534079	0.747465921	5.48759175101954E-006	0.000165222
1797600000000000	193.8	0.2499124956	0.7500875044	0.000005504	0.0001654533
1816200000000000	190.7	0.2465369104	0.7534630896	5.52516219521691E-006	0.0001657373
1838800000000000	187	0.2422218316	0.7577781684	5.54579012116757E-006	0.00016611
1860700000000000	182.7	0.2374405077	0.7625594923	5.56848228438609E-006	0.0001665609
1878800000000000	178.5	0.2327266301	0.7672733698	5.58579254273256E-006	0.00016692
1889800000000000	175.1	0.2290116897	0.7709883103	5.59688274872919E-006	0.0001672866
1896300000000000	173.2	0.2267730496	0.7732269503	5.60106382966776E-006	0.0001674468
1901800000000000	172	0.2255145493	0.7744854507	5.60326472663716E-006	0.0001675479
1909500000000000	171	0.2242940863	0.7757059137	5.60468833232595E-006	0.0001676967
1919700000000000	169.6	0.2228540963	0.7771459037	5.6068953259869E-006	0.0001677981
1931400000000000	167.9	0.2208185053	0.7791814946	5.60854092514765E-006	0.0001679893
1945300000000000	165.8	0.2184215215	0.7815784785	5.60662747182107E-006	0.000168181
1955600000000000	164	0.2152418347	0.7847581653	5.59521684799904E-006	0.0001684633
1964500000000000	162.3	0.2133285689	0.7866714311	5.59406825073083E-006	0.000168626
1974500000000000	160.8	0.2115900554	0.7884099445	5.59112859941726E-006	0.0001687891
1985900000000000	159.3	0.2098102399	0.7901897601	5.58718224120006E-006	0.0001689223
1998800000000000	157.5	0.2078853047	0.7921146953	5.58064516117311E-006	0.0001691039
2012600000000000	155.5	0.2056343083	0.7943656917	5.57150547269839E-006	0.0001692984
2025100000000000	153.5	0.2031979878	0.7968020122	5.56234279542775E-006	0.0001694934
2036400000000000	151.6	0.2011153085	0.7988846915	5.55135815782584E-006	0.0001696888
2048700000000000	150	0.1991716189	0.800828381	5.53934810001014E-006	0.0001698721
2061300000000000	148.5	0.1972237245	0.8027762754	5.52911483673312E-006	0.0001700379
2077400000000000	146.7	0.1951263538	0.8048736462	5.51444043309783E-006	0.0001702527
2094700000000000	144.7	0.1926622086	0.8073377914	5.49430688584239E-006	0.0001704681
2110700000000000	142.4	0.1893898244	0.8106101756	5.4662321201109E-006	0.0001707586
2124300000000000	142.1	0.191681736	0.808318264	5.53345388776659E-006	0.0001706148
2136800000000000	140.6	0.1898986242	0.8101013758	5.51593048503846E-006	0.000170782
2154000000000000	139.2	0.1880775503	0.8119224497	5.49918463478085E-006	0.0001709368
2176200000000000	137.3	0.1855950653	0.8144049347	5.4716981130915E-006	0.0001711538
2200400000000000	134.8	0.1824790985	0.8175209015	5.43620501624248E-006	0.0001714649
2220000000000000	132.3	0.1791697014	0.8208302986	5.39329934438698E-006	0.0001717771
2235800000000000	130.2	0.1765134938	0.8234865062	5.35557986859579E-006	0.000172046
2252800000000000	128.6	0.1743806029	0.8256193971	0.000005324	0.0001722627
2274600000000000	127	0.1721503254	0.8278496746	5.28990275634085E-006	0.0001724793
2303400000000000	124.9	0.1693670932	0.8306329067	5.24340455125244E-006	0.0001727724
2334600000000000	122.3	0.165826012	0.834173988	5.17965554546053E-006	0.0001731076
2362100000000000	119.6	0.1621333529	0.837866647	0.000005111	0.0001734911
2388100000000000	117.3	0.1589490546	0.8410509454	5.04851508836254E-006	0.0001738442
2415400000000000	115.4	0.1561267008	0.8438732991	0.000004991	0.0001741215
2450900000000000	113.3	0.1531841017	0.8468158983	4.92760047270976E-006	0.0001744792
2497000000000000	110.8	0.1494716583	0.8505283417	4.84667912716285E-006	0.0001748802
2546000000000000	107.7	0.1449296872	0.8550703128	4.74564951197781E-006	0.0001754109
2593000000000000	104.6	0.1402268923	0.8597731077	4.6382741304586E-006	0.0001759531
2639000000000000	101.8	0.1360187895	0.8639812105	4.54265848966152E-006	0.0001764498
2690000000000000	99.49	0.1321241104	0.8678758896	4.46640390030169E-006	0.0001769376
2721000000000000	97.3	0.1279603108	0.8720396892	0.000004407	0.0001774408
2760000000000000	96.05	0.1255365812	0.8744634187	4.37512887313184E-006	0.000177742
2813000000000000	94.49	0.1225501239	0.8774498761	4.33656228871016E-006	0.0001780806
2879000000000000	92.59	0.1188863807	0.8811136192	4.2927012790644E-006	0.0001785365
2966000000000000	90.28	0.1143918397	0.8856081603	4.24420687435403E-006	0.0001790825
3068000000000000	87.56	0.1090606565	0.8909393435	4.20133111471698E-006	0.0001797383
3166000000000000	84.66	0.1033933347	0.8966066653	4.17480700281037E-006	0.0001804594
3249000000000000	82.13	0.0984635278	0.9015364722	4.17015288649779E-006	0.0001810299
3323000000000000	80.17	0.0945812057	0.9054187943	4.17651093657347E-006	0.0001814839
3399000000000000	78.55	0.0913948739	0.908605126	4.19664497404686E-006	0.0001818546
3487000000000000	77.01	0.088337061	0.9116629389	4.22664449150323E-006	0.0001822179
3583000000000000	75.34	0.0850599364	0.9149400636	4.26831603529069E-006	0.0001825667
3678000000000000	73.64	0.08171878	0.91828122	4.3276424322818E-006	0.0001829273
3760000000000000	72.1	0.0787173132	0.9212826868	0.000004396	0.0001832574
3836000000000000	70.84	0.0762364619	0.9237635381	4.46107381248943E-006	0.0001834831
3915000000000000	69.75	0.0741204337	0.9258795663	4.52540969390009E-006	0.0001836931
4006000000000000	68.67	0.0720317742	0.9279682258	4.60031619932951E-006	0.000183897
4107000000000000	67.5	0.0697629527	0.9302370473	4.68882711748695E-006	0.0001841171
4206000000000000	66.29	0.0674035712	0.9325964288	4.79052330513539E-006	0.0001842777
4296000000000000	65.19	0.0652994099	0.9347005901	0.000004897	0.0001844636
4378000000000000	64.24	0.0634803827	0.9365196173	4.99438398067018E-006	0.0001845927
4466000000000000	63.41	0.0619064232	0.9380935768	5.08780090696043E-006	0.0001847114
4567000000000000	62.58	0.0602998507	0.9397001493	5.18823095858293E-006	0.000184798
4677000000000000	61.67	0.0585928399	0.94140716	0.000005304	0.0001849227
4785000000000000	60.74	0.0568164154	0.9431835846	5.43292398556742E-006	0.0001850031
4886000000000000	59.87	0.0551946789	0.9448053211	5.56030961906465E-006	0.0001850908
4981000000000000	59.11	0.053754233	0.946245767	5.68292398102258E-006	0.0001851427
5080000000000000	58.43	0.0524696167	0.9475303833	5.79814583968433E-006	0.0001852018
5191000000000000	57.75	0.0511916129	0.9488083871	5.91616813127422E-006	0.0001852213
5313000000000000	57.02	0.049847882	0.9501521179	6.05156408441422E-006	0.0001852719
5434000000000000	56.27	0.0484553988	0.9515446012	6.1979197157122E-006	0.0001852936
5547000000000000	55.56	0.047163363	0.952836637	6.34508348778549E-006	0.0001853139
5656000000000000	54.94	0.0459999218	0.9540000781	6.47985305021874E-006	0.0001853285
5769000000000000	54.36	0.0449657869	0.9550342131	0.00000661	0.0001853177
5897000000000000	53.79	0.0438932791	0.9561067209	6.74243016961855E-006	0.0001852946
6037000000000000	53.17	0.0427822139	0.9572177861	6.89290746812675E-006	0.0001852787
6176000000000000	52.53	0.0416323973	0.9583676027	7.05557513788476E-006	0.0001852505
6305000000000000	51.94	0.0405564263	0.9594435736	7.21394984308479E-006	0.0001852273
6430000000000000	51.4	0.0396000784	0.9603999216	7.36130170536928E-006	0.000185199
6562000000000000	50.92	0.0387557369	0.9612442631	7.50009806595399E-006	0.0001851685
6712000000000000	50.44	0.0378728414	0.9621271585	7.64717425413224E-006	0.0001851452
6875000000000000	49.89	0.0369250702	0.9630749298	0.000007809	0.0001850572
7035000000000000	49.35	0.0359647228	0.9640352772	7.98452200880429E-006	0.0001850288
7187000000000000	48.81	0.0350722075	0.9649277925	8.15207780705513E-006	0.0001849298
7334000000000000	48.38	0.0342617892	0.9657382108	0.000008307	0.0001848721
7501000000000000	47.95	0.0335266935	0.9664733064	8.45737882194032E-006	0.0001847999
7703000000000000	47.5	0.0327339969	0.967266003	8.62414919128192E-006	0.0001847189
7921000000000000	46.97	0.0318263231	0.9681736768	8.82358730075476E-006	0.0001846399
8123000000000000	46.43	0.0308925161	0.9691074839	9.02951426468849E-006	0.0001845085
8303000000000000	45.97	0.0300976993	0.9699023006	9.22037503918022E-006	0.0001844075
8481000000000000	45.56	0.0294227775	0.9705772225	9.38651636657197E-006	0.0001843407
8685000000000000	45.19	0.0287798147	0.9712201853	9.54464813697679E-006	0.0001842302
8949000000000000	44.79	0.0280981958	0.9719018042	0.000009723	0.0001841073
9293000000000000	44.28	0.0272626844	0.9727373155	9.95028801366108E-006	0.0001839738
9741000000000000	43.68	0.0262482731	0.9737517268	1.02368265243396E-005	0.0001837774
10323000000000000	42.97	0.0250597366	0.9749402634	1.05906514739239E-005	0.0001835542
11078000000000000	42.14	0.0236768252	0.9763231748	1.10281038773813E-005	0.0001832681
11999000000000000	41.2	0.022132558	0.977867442	1.15587729185187E-005	0.0001828755
12918000000000000	40.23	0.0205471317	0.9794528683	1.21540836926842E-005	0.00018243
13713000000000000	39.41	0.0192155309	0.9807844691	1.26961172739047E-005	0.0001820127
14457000000000000	38.8	0.0182205892	0.9817794108	1.31293673723127E-005	0.000181651
15047000000000000	38.29	0.0173958214	0.9826041786	1.35117987839633E-005	0.0001813337
15596000000000000	37.93	0.0168082558	0.9831917442	0.000013798	0.0001810715
16318000000000000	37.6	0.0163017389	0.9836982611	1.40562328658367E-005	0.0001808704
17243000000000000	37.23	0.0157089674	0.9842910326	1.43734273169701E-005	0.0001806055
18400000000000000	36.79	0.0150032357	0.9849967643	1.47590708234041E-005	0.0001802651
19607000000000000	36.31	0.0142383383	0.9857616617	1.52074190278496E-005	0.0001798757
20763000000000000	35.88	0.0135355791	0.9864644209	1.56412018733134E-005	0.0001794745
21938000000000000	35.51	0.0129506754	0.9870493246	1.60268830342584E-005	0.0001791474
23356000000000000	35.16	0.012421743	0.987578257	1.63986882636366E-005	0.0001787936
25147000000000000	34.79	0.0118498489	0.9881501511	1.68144584059306E-005	0.0001784237
27200000000000000	34.41	0.0112280897	0.9887719103	1.72935650275526E-005	0.000177967
29201000000000000	34.03	0.010619969	0.9893800309	1.77961077352736E-005	0.0001775234
31070000000000000	33.71	0.0101058739	0.9898941261	1.82478774478052E-005	0.0001770667
33019000000000000	33.45	0.0096921209	0.9903078791	0.000018632	0.000176727
35391000000000000	33.21	0.0092998814	0.9907001186	1.89481101650523E-005	0.000176443
38226000000000000	32.96	0.0088857829	0.991114217	1.9376302852959E-005	0.0001760233
41353000000000000	32.69	0.0084596573	0.9915403427	1.9842755521945E-005	0.0001755857
44558000000000000	32.45	0.0080609983	0.9919390017	2.03168229266016E-005	0.000175143
47793000000000000	32.23	0.0077036937	0.9922963063	2.07583367030692E-005	0.0001747326
51380000000000000	32.05	0.0073952145	0.9926047855	2.11633463591426E-005	0.0001743684
55640000000000000	31.86	0.0070910678	0.9929089322	2.15841102679495E-005	0.0001739484
60584000000000000	31.67	0.0067769583	0.9932230416	0.000022045	0.0001735101
65807000000000000	31.48	0.0064627762	0.9935372237	0.000022546	0.0001730118
71090000000000000	31.34	0.0061794739	0.993820526	2.29910727634936E-005	0.0001726025
76794000000000000	31.18	0.0059265522	0.9940734478	0.000023451	0.0001721532
83230000000000000	31.04	0.0056874835	0.9943125164	2.38906216344036E-005	0.0001717213
90701000000000000	30.91	0.0054494826	0.9945505174	2.43750648269262E-005	0.0001712837
98934000000000000	30.78	0.0052083437	0.9947916563	2.48747783308368E-005	0.0001707922
107497000000000000	30.66	0.0049771093	0.9950228907	2.53942289466432E-005	0.000170259
116339000000000000	30.54	0.0047646791	0.9952353209	2.59184178388246E-005	0.0001697966
125682000000000000	30.43	0.0045730977	0.9954269023	2.63970693861879E-005	0.0001692964
136328000000000000	30.34	0.0043923281	0.9956076719	2.69007645161348E-005	0.0001688282
148379000000000000	30.25	0.0042095052	0.9957904948	2.74446167629658E-005	0.0001683403
161331000000000000	30.16	0.0040277994	0.9959722006	0.000027983	0.0001677784
177393000000000000	30.08	0.0038568109	0.9961431891	2.8566751574646E-005	0.0001672682
195058000000000000	29.99	0.0036770724	0.9963229276	0.000029185	0.0001666261
214526000000000000	29.94	0.0035059977	0.9964940023	0.000029809	0.0001660557
235798000000000000	29.85	0.003352107	0.996647893	3.04265101946379E-005	0.0001654491
259373000000000000	29.8	0.0032068306	0.9967931694	0.00003103	0.0001648942
285152000000000000	29.75	0.0030754483	0.9969245516	3.1593242001384E-005	0.0001643767
313536000000000000	29.71	0.0029533986	0.9970466014	0.00003211	0.0001638647
344825000000000000	29.67	0.0028418906	0.9971581094	3.2612841830247E-005	0.0001634037
379219000000000000	29.64	0.0027383252	0.9972616748	3.30756125275158E-005	0.0001630013
417019000000000000	29.62	0.0026427072	0.9973572928	3.34982611661093E-005	0.0001626174
458625000000000000	29.6	0.0025525388	0.9974474612	3.3874066764984E-005	0.00016226
504338000000000000	29.58	0.0024688596	0.9975311404	3.42364512335433E-005	0.000161974
554659000000000000	29.56	0.0023891521	0.9976108479	3.45388297144886E-005	0.0001617072
610087000000000000	29.56	0.0023134182	0.9976865818	3.48211396077021E-005	0.0001614998
670923000000000000	29.54	0.0022396663	0.9977603337	3.50434846884557E-005	0.0001613319
737868000000000000	29.54	0.0021694574	0.9978305426	3.52387002428135E-005	0.0001611711
811623000000000000	29.53	0.0020996861	0.9979003138	0.000035401	0.0001610825
892588000000000000	29.53	0.0020338929	0.9979661071	3.55231979664001E-005	0.0001610332
981763000000000000	29.53	0.0019682904	0.9980317096	3.56054555864815E-005	0.0001610238
1079650000000000000	29.53	0.0019038759	0.9980961241	3.56477174265889E-005	0.0001610541
1187848000000000000	29.53	0.0018402509	0.9981597491	0.00003563	0.0001611443
1306059000000000000	29.54	0.0017770606	0.9982229394	3.55851692358418E-005	0.0001612422
1436283000000000000	29.54	0.0017146291	0.9982853709	3.54874863644833E-005	0.0001614321
1580520000000000000	29.54	0.0016525887	0.9983474113	3.53298283261012E-005	0.0001616819
1737771000000000000	29.55	0.0015909397	0.9984090603	3.51321682957696E-005	0.0001619717
1912037000000000000	29.55	0.0015294826	0.9984705174	3.48745206746912E-005	0.0001623214
2103318000000000000	29.56	0.0014682175	0.9985317825	3.45768611640083E-005	0.0001627311
2312613000000000000	29.57	0.0014073441	0.9985926559	3.41992000460355E-005	0.0001632207
2534912000000000000	29.57	0.0013461941	0.9986538059	3.37547784290664E-005	0.0001637177
2749188000000000000	29.58	0.0012881125	0.9987118875	3.32770720968395E-005	0.0001643068
2948435000000000000	29.58	0.0012366118	0.9987633882	3.27990938570954E-005	0.0001648949
3142666000000000000	29.59	0.0011926923	0.9988073077	3.23607971025246E-005	0.0001654218
3345900000000000000	29.59	0.0011527621	0.9988472379	3.19023452416743E-005	0.0001659482
3568148000000000000	29.59	0.0011136274	0.9988863726	3.14438315813376E-005	0.0001664944
3802399000000000000	29.59	0.0010736909	0.9989263091	3.09253352055889E-005	0.0001671008
4028633000000000000	29.6	0.0010347497	0.9989652503	3.03867756747766E-005	0.000167707
4238844000000000000	29.6	0.0009996002	0.9990003998	2.98680527784456E-005	0.0001683127
4444042000000000000	29.6	0.000968449	0.999031551	2.9383280912724E-005	0.0001688239
4658244000000000000	29.6	0.0009400918	0.9990599082	2.89243634886674E-005	0.0001693485
4892457000000000000	29.6	0.0009119327	0.9990880673	2.84454245640292E-005	0.000169873
5137674000000000000	29.6	0.0008829732	0.9991170268	2.79265003293235E-005	0.0001704576
5374876000000000000	29.6	0.0008546112	0.9991453888	2.73875386694954E-005	0.0001710622
5597060000000000000	29.6	0.0008284448	0.9991715552	2.68884702235649E-005	0.0001716264
5869280000000000000	29.59	0.0008052734	0.9991947266	2.64092883922314E-005	0.0001721502
6222550000000000000	29.59	0.0007785051	0.9992214949	2.58502079408431E-005	0.0001727546
6605840000000000000	29.59	0.000745742	0.999254258	2.51512976506336E-005	0.00017354
6933070000000000000	29.58	0.0007131765	0.9992868235	2.44123491694014E-005	0.0001743654
7197260000000000000	29.58	0.0006874023	0.9993125977	2.37931570876614E-005	0.0001750297
7452430000000000000	29.58	0.0006680208	0.9993319791	2.33137472526334E-005	0.0001755529
7759630000000000000	29.57	0.0006498375	0.9993501624	2.28542864280461E-005	0.000176056
8144870000000000000	29.56	0.0006290558	0.9993709442	2.23148854279208E-005	0.0001766395
8550110000000000000	29.56	0.000604876	0.999395124	2.16755565105854E-005	0.0001773436
8899320000000000000	29.55	0.0005809785	0.9994190215	0.000021012	0.0001780121
9192480000000000000	29.55	0.0005617966	0.9994382034	2.04725889224975E-005	0.0001785953
9483640000000000000	29.54	0.0005468103	0.9994531897	0.000020033	0.0001790579
9831820000000000000	29.53	0.0005322231	0.9994677769	1.96134804787889E-005	0.0001795203
10253040000000000000	29.52	0.0005160368	0.9994839632	0.000019124	0.0001800431
10683260000000000000	29.52	0.000497452	0.999502548	1.85624758069154E-005	0.0001806462
11063440000000000000	29.51	0.0004796658	0.9995203342	0.000018009	0.0001812493
11393590000000000000	29.51	0.0004650767	0.9995349233	1.75493459131944E-005	0.0001817318
11723740000000000000	29.5	0.0004530853	0.9995469147	1.71556561875898E-005	0.0001821539
12123920000000000000	29.49	0.0004412935	0.9995587065	0.000016772	0.0001825759
12594120000000000000	29.48	0.0004281023	0.9995718977	1.63382716061682E-005	0.0001830382
13054310000000000000	29.47	0.0004137115	0.9995862884	1.585860942906E-005	0.0001835408
13474480000000000000	29.47	0.0004001199	0.9995998801	1.53989171365521E-005	0.0001840232
13854630000000000000	29.46	0.0003887266	0.9996112734	1.50091662691771E-005	0.0001844452
14244770000000000000	29.45	0.0003789322	0.9996210678	1.46673745397313E-005	0.0001848069
14704940000000000000	29.45	0.0003691375	0.9996308624	1.43275757739582E-005	0.0001851687
15225130000000000000	29.44	0.0003585431	0.9996414568	1.39517872463276E-005	0.0001855706
15735310000000000000	29.43	0.000346949	0.999653051	0.000013552	0.0001859927
16205470000000000000	29.42	0.0003361542	0.9996638458	1.31802048558952E-005	0.0001863746
16645610000000000000	29.42	0.0003271584	0.9996728416	1.28523651789508E-005	0.0001867362
17105760000000000000	29.41	0.000319162	0.999680838	1.2556503264617E-005	0.0001870377
17645920000000000000	29.4	0.0003109655	0.9996890345	1.2260639068874E-005	0.0001873592
18226100000000000000	29.39	0.0003019692	0.9996980308	1.19427818360683E-005	0.0001876809
18806270000000000000	29.38	0.0002927728	0.9997072272	1.16149221350465E-005	0.0001880425
19346420000000000000	29.38	0.0002841761	0.9997158239	0.000011313	0.0001883441
19866570000000000000	29.37	0.0002767787	0.9997232212	1.10411520393528E-005	0.0001886455
20426720000000000000	29.36	0.0002697812	0.9997302188	1.07952464916281E-005	0.0001888868
21056880000000000000	29.35	0.0002627835	0.9997372165	1.05413380038106E-005	0.0001891681
21727050000000000000	29.35	0.0002553859	0.9997446141	1.02754307409783E-005	0.0001894495
22387220000000000000	29.34	0.0002477882	0.9997522118	1.00095215447156E-005	0.0001897309
23017370000000000000	29.33	0.0002407902	0.9997592098	9.7656015633054E-006	0.0001899722
23637520000000000000	29.32	0.0002345919	0.9997654081	9.54366978887793E-006	0.0001902134
24317670000000000000	29.31	0.0002285935	0.9997714065	9.33173311228893E-006	0.0001904346
25057840000000000000	29.31	0.000222395	0.999777605	9.11979571643518E-006	0.0001906557
25828000000000000000	29.3	0.0002161965	0.9997838035	8.90185578979883E-006	0.0001908769
26598160000000000000	29.29	0.0002099979	0.9997900021	8.68991310073491E-006	0.0001910981
27338310000000000000	29.28	0.0002039992	0.9997960008	0.000008498	0.0001912992
28098470000000000000	29.27	0.0001986005	0.9998013994	8.31434843769808E-006	0.000191462
28908620000000000000	29.26	0.0001934026	0.9998065974	8.13842570280654E-006	0.0001916429
29778790000000000000	29.25	0.0001881646	0.9998118354	7.96050183343223E-006	0.0001918239
30668950000000000000	29.24	0.0001828066	0.9998171934	7.78257703349527E-006	0.0001920249
31559110000000000000	29.23	0.0001774885	0.9998225115	7.61464824752577E-006	0.0001921859
32709300000000000000	29.21	0.0001726102	0.9998273898	7.44471474433189E-006	0.0001923668
34199550000000000000	29.19	0.0001664723	0.9998335277	7.24479374173052E-006	0.0001925679
35919830000000000000	29.17	0.0001591147	0.9998408853	7.02688174193154E-006	0.0001928093
37580080000000000000	29.16	0.0001514771	0.9998485229	0.000006809	0.0001930308
39080300000000000000	29.14	0.000144739	0.9998552609	0.000006619	0.000193232
40570500000000000000	29.12	0.0001392606	0.9998607394	6.45110149048538E-006	0.0001934131
42310740000000000000	29.1	0.000134002	0.9998659979	6.29915578704478E-006	0.0001935741
44441010000000000000	29.07	0.0001282236	0.9998717764	6.13921270726833E-006	0.0001937352
46821300000000000000	29.04	0.0001216852	0.9998783148	5.96527402605971E-006	0.0001939164
49101560000000000000	29.01	0.0001151067	0.9998848932	5.79533284119469E-006	0.0001940977
51231790000000000000	28.99	0.0001093081	0.9998906919	5.64738262804478E-006	0.0001942388
53422020000000000000	28.95	0.0001044891	0.9998955109	5.51142405610199E-006	0.0001943797
55992280000000000000	28.91	9.97300529230004E-005	0.9999002699	5.38546285385282E-006	0.0001945206
59112580000000000000	28.86	9.44710743714546E-005	0.9999055289	5.25550345995306E-006	0.0001946616
62542880000000000000	28.81	8.86121471901686E-005	0.9999113878	5.11754648295286E-006	0.0001948027
65873150000000000000	28.76	8.29531182080542E-005	0.9999170469	4.9835865615832E-006	0.0001949438
69073400000000000000	28.71	7.79539227110032E-005	0.9999220461	4.86762052023042E-006	0.0001950648
72483660000000000000	28.65	7.36545746029196E-005	0.9999263454	4.75364984608037E-006	0.0001951856
76553940000000000000	28.58	6.92951978417422E-005	0.9999307048	4.64967777725976E-006	0.0001952865
81464250000000000000	28.5	6.4435847752999E-005	0.9999355641	4.54970681682411E-006	0.0001953874
86854570000000000000	28.41	5.92764860890126E-005	0.9999407235	4.43573704944096E-006	0.0001955084
92214870000000000000	28.3	0.000054357	0.9999456429	4.32576485135776E-006	0.0001956294
97565130000000000000	28.2	5.01374861056965E-005	0.9999498625	4.2137887205705E-006	0.0001957502
103525410000000000000	28.09	4.63178545562855E-005	0.9999536821	4.11580935564921E-006	0.0001958309
110825720000000000000	27.94	4.24182006192986E-005	0.9999575818	4.02182939393727E-006	0.0001959317
119826060000000000000	27.75	3.81185469204265E-005	0.9999618814	3.91985057523799E-006	0.0001960525
129826400000000000000	27.54	3.36188697331037E-005	0.9999663811	3.81187184481235E-006	0.0001961534
140326710000000000000	27.32	2.94791309547867E-005	0.9999705209	3.69189116299432E-006	0.0001962742
151426990000000000000	27.08	2.59593260955154E-005	0.9999740407	3.56790737707238E-006	0.0001964149
162927260000000000000	26.83	2.27794810830899E-005	0.9999772205	3.45992118294518E-006	0.0001965155
174127480000000000000	26.58	1.99996000077107E-005	0.9999800004	3.3599328012954E-006	0.0001966161
184827670000000000000	26.33	1.77276857233325E-005	0.9999822723	3.25594227860845E-006	0.0001967165
195127830000000000000	26.1	1.59277463026288E-005	0.9999840722	3.15194979569852E-006	0.0001968369
205227980000000000000	25.86	1.44137922393933E-005	0.9999855862	0.000003046	0.0001969372
215228110000000000000	25.62	1.31098281299672E-005	0.9999868902	0.00000294	0.0001970374
225028230000000000000	25.38	1.19978560495537E-005	0.9999880021	0.000002836	0.0001971576
234628340000000000000	25.16	1.10538778102792E-005	0.9999889461	0.000002734	0.0001972578
244128430000000000000	24.93	1.02378951842857E-005	0.9999897621	0.00000263	0.000197358
253328520000000000000	24.71	9.52990917983257E-006	0.9999904701	0.000002528	0.0001974581
262428600000000000000	24.49	8.90992061248355E-006	0.9999910901	0.00000243	0.0001975582
271328680000000000000	24.27	8.36593001051375E-006	0.9999916341	0.000002332	0.0001976583
280128750000000000000	24.06	7.88793777983805E-006	0.999992112	0.000002238	0.0001977584
288828810000000000000	23.85	7.4599443487127E-006	0.99999254	0.000002146	0.0001978385
297428870000000000000	23.64	7.0819498455343E-006	0.999992918	0.00000206	0.0001979386
305828930000000000000	23.44	0.00000674	0.99999326	1.97638667912684E-006	0.0001980187
314128980000000000000	23.24	0.000006432	0.999993568	0.000001897	0.0001980987
322329030000000000000	23.04	0.000006158	0.999993842	0.000001821	0.0001981588
330329080000000000000	22.85	0.000005908	0.999994092	1.74858966930865E-006	0.0001982388
338329130000000000000	22.66	0.000005682	0.999994318	1.67919045881724E-006	0.0001983189
346229170000000000000	22.48	0.00000547	0.99999453	1.61319117582266E-006	0.0001983789
354029210000000000000	22.29	0.000005282	0.999994718	1.54979181397895E-006	0.000198439
361829250000000000000	22.11	0.00000511	0.99999489	1.48959238816307E-006	0.000198499
369429290000000000000	21.93	0.000004956	0.999995044	0.000001432	0.000198559
377029320000000000000	21.76	0.000004818	0.999995182	1.37719336466416E-006	0.000198619
384529360000000000000	21.59	0.000004692	0.999995308	0.000001325	0.0001986591
391929390000000000000	21.42	0.000004578	0.999995422	1.27519416214437E-006	0.0001987191
399229430000000000000	21.25	0.000004472	0.999995528	1.22759451018127E-006	0.0001987591
406529460000000000000	21.09	0.000004376	0.999995624	1.1823948258248E-006	0.0001987991
413829490000000000000	20.93	0.00000429	0.99999571	1.13939511198013E-006	0.0001988391
421029520000000000000	20.77	0.000004208	0.999995792	1.09819537877959E-006	0.0001988792
428129550000000000000	20.62	0.000004134	0.999995866	1.05919562127159E-006	0.0001989192
435229580000000000000	20.46	0.000004064	0.999995936	0.000001022	0.0001989592
442229610000000000000	20.31	0.000004	0.999996	9.86596053603092E-007	0.0001989992
449229630000000000000	20.16	0.000003942	0.999996058	9.52796244064981E-007	0.0001990392
456229660000000000000	20.02	0.000003888	0.999996112	9.20796419931739E-007	0.0001990592
463129690000000000000	19.87	0.000003838	0.999996162	0.00000089	0.0001990992
469929710000000000000	19.73	0.000003792	0.999996208	8.60796735847827E-007	0.0001991192
476829740000000000000	19.59	0.00000375	0.99999625	8.32796877001146E-007	0.0001991593
483629760000000000000	19.46	0.00000371	0.99999629	8.06197008998897E-007	0.0001991793
490329790000000000000	19.32	0.000003674	0.999996326	7.80797131341489E-007	0.0001991993
497029810000000000000	19.19	0.00000364	0.99999636	7.56397246704505E-007	0.0001992193
503729840000000000000	19.06	0.000003608	0.999996392	7.33197354614743E-007	0.0001992593
510429860000000000000	18.93	0.00000358	0.99999642	0.000000711	0.0001992793
517129880000000000000	18.81	0.000003552	0.999996448	6.89597550540893E-007	0.0001992993
523729910000000000000	18.68	0.000003528	0.999996472	6.69397638356798E-007	0.0001993193
530329930000000000000	18.56	0.000003506	0.999996494	6.49797721801118E-007	0.0001993393
536829950000000000000	18.44	0.000003484	0.999996516	6.31197800899044E-007	0.0001993593
543429980000000000000	18.32	0.000003464	0.999996536	6.13397875182182E-007	0.0001993593
549930000000000000000	18.21	0.000003446	0.999996554	5.96397944805333E-007	0.0001993793
556430020000000000000	18.09	0.00000343	0.99999657	0.00000058	0.0001993993
562930040000000000000	17.98	0.000003414	0.999996586	5.64198073820859E-007	0.0001994193
569430060000000000000	17.87	0.000003398	0.999996602	5.49198133818025E-007	0.0001994393
575830090000000000000	17.76	0.000003386	0.999996614	5.34598189844008E-007	0.0001994393
582330110000000000000	17.65	0.000003374	0.999996626	5.20798242820392E-007	0.0001994593
588730130000000000000	17.55	0.000003362	0.999996638	5.07398294120775E-007	0.0001994793
595130150000000000000	17.45	0.000003352	0.999996648	4.94598342100368E-007	0.0001994793
601530170000000000000	17.34	0.000003342	0.999996658	4.8239838781876E-007	0.0001994993
607930190000000000000	17.24	0.000003332	0.999996668	4.70398432626753E-007	0.0001994993
614230220000000000000	17.14	0.000003324	0.999996676	4.59198473618753E-007	0.0001995193
620630240000000000000	17.05	0.000003318	0.999996682	4.48198512871959E-007	0.0001995193
626930260000000000000	16.95	0.00000331	0.99999669	4.37598551543558E-007	0.0001995393
633330280000000000000	16.86	0.000003304	0.999996696	4.27398587869963E-007	0.0001995393
639630300000000000000	16.76	0.000003298	0.999996702	4.17798622095168E-007	0.0001995593
645930320000000000000	16.67	0.000003294	0.999996706	4.08398654729979E-007	0.0001995593
652230340000000000000	16.58	0.00000329	0.99999671	3.99198686631588E-007	0.0001995793
658530360000000000000	16.5	0.000003286	0.999996714	3.90598716487998E-007	0.0001995793
664830380000000000000	16.41	0.000003282	0.999996718	0.000000382	0.0001995993
671130400000000000000	16.32	0.000003278	0.999996722	0.000000374	0.0001995993
677430420000000000000	16.24	0.000003276	0.999996724	3.66198800328427E-007	0.0001995993
683730440000000000000	16.15	0.000003274	0.999996726	3.5859882594324E-007	0.0001996193
690030460000000000000	16.07	0.000003272	0.999996728	3.51198850873252E-007	0.0001996193
696230480000000000000	15.99	0.00000327	0.99999673	3.44198874465663E-007	0.0001996193
702530510000000000000	15.91	0.000003268	0.999996732	3.37398897376474E-007	0.0001996393
708730530000000000000	15.83	0.000003268	0.999996732	3.30798918945289E-007	0.0001996393
715030550000000000000	15.76	0.000003266	0.999996734	3.24598939856098E-007	0.0001996393
721230570000000000000	15.68	0.000003266	0.999996734	3.18398960105312E-007	0.0001996393
727530590000000000000	15.61	0.000003266	0.999996734	3.12398979701325E-007	0.0001996593
733730610000000000000	15.53	0.000003266	0.999996734	3.06798997990938E-007	0.0001996593
739930630000000000000	15.46	0.000003266	0.999996734	3.0119901628055E-007	0.0001996593
746230650000000000000	15.39	0.000003268	0.999996732	2.95799033325366E-007	0.0001996593
752430670000000000000	15.32	0.000003268	0.999996732	2.90599050318977E-007	0.0001996793
758630690000000000000	15.25	0.00000327	0.99999673	2.85599066087791E-007	0.0001996793
764930710000000000000	15.18	0.00000327	0.99999673	2.80799081783801E-007	0.0001996793
771130730000000000000	15.11	0.000003272	0.999996728	0.000000276	0.0001996793
777330750000000000000	15.05	0.000003274	0.999996726	2.71599110781428E-007	0.0001996793
783530770000000000000	14.98	0.000003274	0.999996726	2.67199125187037E-007	0.0001996993
789730790000000000000	14.92	0.000003276	0.999996724	2.62799139067049E-007	0.0001996993
796030810000000000000	14.85	0.000003278	0.999996722	2.5879915165346E-007	0.0001996993
802230830000000000000	14.79	0.00000328	0.99999672	2.54799164255872E-007	0.0001996993
808430850000000000000	14.73	0.000003282	0.999996718	2.50799176874282E-007	0.0001996993
814630870000000000000	14.67	0.000003286	0.999996714	0.000000247	0.0001996993
820830890000000000000	14.6	0.000003288	0.999996712	2.43399199700706E-007	0.0001997193
827130910000000000000	14.55	0.00000329	0.99999671	0.00000024	0.0001997193
833330930000000000000	14.49	0.000003292	0.999996708	2.36399221771126E-007	0.0001997193
839530950000000000000	14.43	0.000003296	0.999996704	2.33199231372738E-007	0.0001997193
845730970000000000000	14.37	0.000003298	0.999996702	0.00000023	0.0001997193
851931000000000000000	14.31	0.000003302	0.999996698	2.26799251106358E-007	0.0001997193
858131020000000000000	14.26	0.000003304	0.999996696	2.23799260564767E-007	0.0001997193
864431040000000000000	14.2	0.000003308	0.999996692	2.20799269593577E-007	0.0001997193
870631060000000000000	14.15	0.00000331	0.99999669	0.000000218	0.0001997193
876831080000000000000	14.09	0.000003314	0.999996686	2.15199286827195E-007	0.0001997393
883031100000000000000	14.04	0.000003318	0.999996682	2.12399295256805E-007	0.0001997393
889231120000000000000	13.99	0.00000332	0.99999668	2.09799303464012E-007	0.0001997393
895531140000000000000	13.93	0.000003324	0.999996676	2.07399310602422E-007	0.0001997393
901731160000000000000	13.88	0.000003328	0.999996672	2.04799318425631E-007	0.0001997393
907931180000000000000	13.83	0.00000333	0.99999667	2.02399326008037E-007	0.0001997393
914131200000000000000	13.78	0.000003334	0.999996666	2.00199332533246E-007	0.0001997393
920431220000000000000	13.73	0.000003338	0.999996662	1.97879339476615E-007	0.0001997393
926631240000000000000	13.68	0.000003342	0.999996658	1.95679346037504E-007	0.0001997393
932831260000000000000	13.63	0.000003346	0.999996654	1.93539352415232E-007	0.0001997393
939131290000000000000	13.59	0.00000335	0.99999665	1.9145935860908E-007	0.0001997393
945331310000000000000	13.54	0.000003354	0.999996646	1.89459364551248E-007	0.0001997393
951531330000000000000	13.49	0.000003358	0.999996642	1.87479370442255E-007	0.0001997393
957831350000000000000	13.44	0.000003362	0.999996638	1.85579376080143E-007	0.0001997393
964031370000000000000	13.4	0.000003364	0.999996636	1.83719381966028E-007	0.0001997393
970331390000000000000	13.35	0.000003368	0.999996632	1.81919387293555E-007	0.0001997393
976531410000000000000	13.31	0.000003372	0.999996628	1.80159392500602E-007	0.0001997393
982731430000000000000	13.26	0.000003376	0.999996624	1.78459397519169E-007	0.0001997393
989031450000000000000	13.22	0.000003382	0.999996618	1.76799402062538E-007	0.0001997393
995231470000000000000	13.17	0.000003386	0.999996614	1.75179406840665E-007	0.0001997393
1001031500000000000000	13.13	0.00000339	0.99999661	1.73599411496151E-007	0.0001997393
1008031520000000000000	13.09	0.000003394	0.999996606	1.72059416028518E-007	0.0001997393
1014031540000000000000	13.04	0.000003398	0.999996602	1.70579420369324E-007	0.0001997393
1020031560000000000000	13	0.000003402	0.999996598	1.6911942465393E-007	0.0001997393
1027031580000000000000	12.96	0.000003406	0.999996594	1.67719428745856E-007	0.0001997393
1033031600000000000000	12.92	0.00000341	0.99999659	1.66339432780782E-007	0.0001997393
1039031620000000000000	12.88	0.000003414	0.999996586	0.000000165	0.0001997393
1045031640000000000000	12.83	0.000003418	0.999996582	1.63679440541954E-007	0.0001997393
1052031670000000000000	12.79	0.000003422	0.999996578	1.6241944419896E-007	0.0001997393
1058031690000000000000	12.75	0.000003428	0.999996572	1.61179447475167E-007	0.0001997393
1064031710000000000000	12.71	0.000003432	0.999996568	0.00000016	0.0001997393
1070031730000000000000	12.67	0.000003436	0.999996564	1.58799454363419E-007	0.0001997393
1077031750000000000000	12.63	0.00000344	0.99999656	1.57639457718624E-007	0.0001997393
1083031770000000000000	12.6	0.000003444	0.999996556	1.56519460945349E-007	0.0001997393
1089031800000000000000	12.56	0.000003448	0.999996552	1.55439464043115E-007	0.0001997393
1096031820000000000000	12.52	0.000003452	0.999996548	1.5435946714952E-007	0.0001997393
1102031840000000000000	12.48	0.000003458	0.999996542	1.53319469819687E-007	0.0001997393
1108031860000000000000	12.44	0.000003462	0.999996538	1.52319472668412E-007	0.0001997393
1114031880000000000000	12.41	0.000003466	0.999996534	1.51319475525137E-007	0.0001997393
1121031900000000000000	12.37	0.00000347	0.99999653	1.50359478251062E-007	0.0001997393
1127031930000000000000	12.33	0.000003474	0.999996526	1.49419480915187E-007	0.0001997393
1133031950000000000000	12.3	0.00000348	0.99999652	1.48499483220274E-007	0.0001997393
1140031970000000000000	12.26	0.000003484	0.999996516	1.47599485761878E-007	0.0001997393
1146031990000000000000	12.22	0.000003488	0.999996512	1.46719488240923E-007	0.0001997393
1152032010000000000000	12.19	0.000003492	0.999996508	1.45859490657168E-007	0.0001997393
1159032040000000000000	12.15	0.000003496	0.999996504	0.000000145	0.0001997393
1165032060000000000000	12.12	0.000003502	0.999996498	1.44199495011899E-007	0.0001997393
1171032080000000000000	12.08	0.000003506	0.999996494	1.43399497239903E-007	0.0001997193
1178032100000000000000	12.05	0.00000351	0.99999649	1.42619499404108E-007	0.0001997193
1184032130000000000000	12.01	0.000003514	0.999996486	1.41839501574552E-007	0.0001997193
1190032150000000000000	11.98	0.00000352	0.99999648	1.41099503328319E-007	0.0001997193
1197032170000000000000	11.94	0.000003524	0.999996476	1.40359505371683E-007	0.0001997193
1203032190000000000000	11.91	0.000003528	0.999996472	1.39639507350407E-007	0.0001997193
1209032220000000000000	11.88	0.000003532	0.999996468	1.38919509334892E-007	0.0001997193
1216032240000000000000	11.84	0.000003538	0.999996462	1.38239510907218E-007	0.0001997193
1222032260000000000000	11.81	0.000003542	0.999996458	1.37559512762822E-007	0.0001997193
1229032280000000000000	11.78	0.000003546	0.999996454	1.36879514623866E-007	0.0001997193
1235032310000000000000	11.74	0.00000355	0.99999645	1.36219516419351E-007	0.0001997193
1241032330000000000000	11.71	0.000003556	0.999996444	1.35579517877877E-007	0.0001996993
1248032350000000000000	11.68	0.00000356	0.99999644	1.34939519613961E-007	0.0001996993
1254032370000000000000	11.64	0.000003564	0.999996436	1.34319521283885E-007	0.0001996993
1261032400000000000000	11.61	0.000003568	0.999996432	1.33719522887409E-007	0.0001996993
1267032420000000000000	11.58	0.000003574	0.999996426	1.33119524229495E-007	0.0001996993
1273032440000000000000	11.55	0.000003578	0.999996422	1.32519525843819E-007	0.0001996993
1280032470000000000000	11.52	0.000003582	0.999996418	1.31939527391302E-007	0.0001996993
1286032490000000000000	11.49	0.000003586	0.999996414	1.31359528943426E-007	0.0001996993
1293032510000000000000	11.45	0.000003592	0.999996408	1.30799530166792E-007	0.0001996993
1299032540000000000000	11.42	0.000003596	0.999996404	1.30239531657356E-007	0.0001996793
1306032560000000000000	11.39	0.0000036	0.9999964	1.296795331524E-007	0.0001996793
1312032580000000000000	11.36	0.000003606	0.999996394	1.29139534321565E-007	0.0001996793
1319032610000000000000	11.33	0.00000361	0.99999639	1.28599535754409E-007	0.0001996793
1325032630000000000000	11.3	0.000003614	0.999996386	1.28059537191573E-007	0.0001996793
1332032650000000000000	11.27	0.000003618	0.999996382	1.27519538633057E-007	0.0001996793
1338032680000000000000	11.24	0.000003624	0.999996376	0.000000127	0.0001996793
1345032700000000000000	11.21	0.000003628	0.999996372	1.26479541130986E-007	0.0001996593
1351032720000000000000	11.18	0.000003632	0.999996368	0.000000126	0.0001996593
1358032750000000000000	11.15	0.000003638	0.999996362	1.25459543576954E-007	0.0001996593
1364032770000000000000	11.12	0.000003642	0.999996358	0.000000125	0.0001996593
1371032800000000000000	11.09	0.000003646	0.999996354	1.24459546219282E-007	0.0001996593
1378032820000000000000	11.06	0.000003652	0.999996348	0.000000124	0.0001996593
1384032840000000000000	11.03	0.000003656	0.999996344	1.2345954863069E-007	0.0001996393
1391032870000000000000	11	0.00000366	0.99999634	0.000000123	0.0001996393
1398032890000000000000	10.97	0.000003664	0.999996336	1.22479551233737E-007	0.0001996393
1404032920000000000000	10.94	0.00000367	0.99999633	0.000000122	0.0001996393
1411032940000000000000	10.91	0.000003674	0.999996326	1.21499553609465E-007	0.0001996393
1418032970000000000000	10.88	0.00000368	0.99999632	0.000000121	0.0001996393
1424032990000000000000	10.85	0.000003684	0.999996316	1.20519556004794E-007	0.0001996193
1431033020000000000000	10.82	0.000003688	0.999996312	0.00000012	0.0001996193
1438033040000000000000	10.79	0.000003694	0.999996306	1.19559558345842E-007	0.0001996193
1445033070000000000000	10.76	0.000003698	0.999996302	1.19059559716605E-007	0.0001996193
1452033090000000000000	10.73	0.000003702	0.999996298	1.18579561017328E-007	0.0001996193
1459033120000000000000	10.71	0.000003708	0.999996292	1.18099562085693E-007	0.0001995993
1466033140000000000000	10.68	0.000003712	0.999996288	1.17619563395056E-007	0.0001995993
1473033170000000000000	10.65	0.000003718	0.999996282	1.17119564548341E-007	0.0001995993
1480033200000000000000	10.62	0.000003722	0.999996278	1.16639565866424E-007	0.0001995993
1487033220000000000000	10.59	0.000003728	0.999996272	1.16159566956028E-007	0.0001995793
1494033250000000000000	10.56	0.000003732	0.999996268	1.15679568282751E-007	0.0001995793
1501033280000000000000	10.53	0.000003738	0.999996262	1.15179569457676E-007	0.0001995793
1508033300000000000000	10.5	0.000003742	0.999996258	1.14699570793119E-007	0.0001995793
1516033330000000000000	10.47	0.000003748	0.999996252	1.14199571978923E-007	0.0001995593
1523033360000000000000	10.44	0.000003752	0.999996248	1.13719573323086E-007	0.0001995593
1530033390000000000000	10.41	0.000003758	0.999996242	1.13219574519771E-007	0.0001995593
1538033410000000000000	10.38	0.000003762	0.999996238	1.12719575947894E-007	0.0001995392
1545033440000000000000	10.35	0.000003768	0.999996232	1.12219577155578E-007	0.0001995392
1553033470000000000000	10.32	0.000003774	0.999996226	1.11719578369263E-007	0.0001995392
1561033500000000000000	10.29	0.000003778	0.999996222	1.11199579886946E-007	0.0001995192
1569033530000000000000	10.26	0.000003784	0.999996216	1.1069958111175E-007	0.0001995192
1577033560000000000000	10.23	0.00000379	0.99999621	1.10179582418355E-007	0.0001995192
1585033590000000000000	10.2	0.000003796	0.999996204	1.09659583731199E-007	0.0001994992
1593033620000000000000	10.17	0.000003802	0.999996198	1.09159584974244E-007	0.0001994992
1601033660000000000000	10.13	0.000003808	0.999996192	1.08619586375609E-007	0.0001994992
1610033690000000000000	10.1	0.000003812	0.999996188	1.08099587923372E-007	0.0001994792
1619033720000000000000	10.07	0.000003818	0.999996182	1.07559589336496E-007	0.0001994792
1627033750000000000000	10.04	0.000003826	0.999996174	0.000000107	0.0001994592
1636033790000000000000	10	0.000003832	0.999996168	1.06479591969228E-007	0.0001994592
1646033820000000000000	9.968	0.000003838	0.999996162	1.05919593479632E-007	0.0001994392
1655033860000000000000	9.933	0.000003844	0.999996156	1.05359594996757E-007	0.0001994392
1665033900000000000000	9.898	0.00000385	0.99999615	1.04799596520602E-007	0.0001994192
1675033940000000000000	9.861	0.000003858	0.999996142	1.04239597842689E-007	0.0001994192
1685033980000000000000	9.824	0.000003864	0.999996136	1.03659599458374E-007	0.0001993992
1696034020000000000000	9.786	0.000003872	0.999996128	1.03059600952301E-007	0.0001993992
1707034060000000000000	9.747	0.00000388	0.99999612	1.02459602455828E-007	0.0001993792
1718034100000000000000	9.707	0.000003888	0.999996112	1.01839604046715E-007	0.0001993592
1730034150000000000000	9.665	0.000003896	0.999996104	1.01199605725442E-007	0.0001993392
1742034200000000000000	9.623	0.000003904	0.999996096	1.0055960741441E-007	0.0001993392
1755034250000000000000	9.578	0.000003912	0.999996088	9.98996091918575E-008	0.0001993192
1769034300000000000000	9.531	0.000003922	0.999996078	9.9219610859827E-008	0.0001992992
1783034360000000000000	9.483	0.000003932	0.999996068	9.85196126200365E-008	0.0001992792
1798034420000000000000	9.431	0.000003942	0.999996058	9.77796145519262E-008	0.0001992392
1815034480000000000000	9.377	0.000003954	0.999996046	0.000000097	0.0001992192
1832034550000000000000	9.322	0.000003966	0.999996034	9.62796181542305E-008	0.0001991992
1852034630000000000000	9.258	0.000003978	0.999996022	9.53796205790821E-008	0.0001991592
1873034710000000000000	9.191	0.000003992	0.999996008	9.44396229962555E-008	0.0001991192
1892034790000000000000	9.125	0.000004006	0.999995994	9.35796251192694E-008	0.0001990792
1912034870000000000000	9.063	0.00000402	0.99999598	9.27196272663626E-008	0.0001990392
1931034950000000000000	9.001	0.000004034	0.999995966	9.1879629356856E-008	0.0001989992
1951035030000000000000	8.936	0.000004048	0.999995952	0.000000091	0.0001989592
1971035110000000000000	8.874	0.000004062	0.999995938	9.02196335271619E-008	0.0001989192
1991035190000000000000	8.812	0.000004076	0.999995924	8.93396358509733E-008	0.0001988592
2011035270000000000000	8.75	0.00000409	0.99999591	8.85596377904261E-008	0.0001987992
2031035360000000000000	8.688	0.000004104	0.999995896	8.76996400800371E-008	0.0001987592
2051035440000000000000	8.627	0.000004118	0.999995882	8.68996421466488E-008	0.0001986992
2071035520000000000000	8.566	0.000004132	0.999995868	0.000000086	0.0001986392
2092035610000000000000	8.506	0.000004146	0.999995854	8.52396465958299E-008	0.0001985792
2112035690000000000000	8.446	0.000004162	0.999995838	8.43596488945608E-008	0.0001984992
2132035780000000000000	8.386	0.000004176	0.999995824	8.34796513884095E-008	0.0001984392
2152035860000000000000	8.327	0.00000419	0.99999581	8.26796535716994E-008	0.0001983592
2173035950000000000000	8.267	0.000004204	0.999995796	8.17796561977873E-008	0.0001982792
2193036030000000000000	8.209	0.00000422	0.99999578	8.0859658771716E-008	0.0001981992
2214036120000000000000	8.151	0.000004234	0.999995766	8.0079660942205E-008	0.0001981192
2235036210000000000000	8.092	0.00000425	0.99999575	7.9099663825932E-008	0.0001980192
2255036300000000000000	8.034	0.000004264	0.999995736	7.82396663855792E-008	0.0001979392
2276036390000000000000	7.977	0.00000428	0.99999572	7.72196694993447E-008	0.0001978392
2297036480000000000000	7.92	0.000004294	0.999995706	7.63196722828705E-008	0.0001977192
2318036570000000000000	7.863	0.00000431	0.99999569	7.52596756303549E-008	0.0001976191
2339036660000000000000	7.807	0.000004324	0.999995676	7.41996791601575E-008	0.0001974991
2360036750000000000000	7.749	0.00000434	0.99999566	7.32196822261622E-008	0.0001973791
2382036840000000000000	7.694	0.000004356	0.999995644	7.20996859333645E-008	0.0001972591
2403036940000000000000	7.638	0.00000437	0.99999563	7.10796893813665E-008	0.0001971191
2425037030000000000000	7.583	0.000004386	0.999995614	0.00000007	0.0001969791
2446037130000000000000	7.528	0.000004402	0.999995598	6.89196966151298E-008	0.0001968391
2468037220000000000000	7.473	0.000004418	0.999995582	6.76997009023686E-008	0.0001966791
2490037320000000000000	7.418	0.000004434	0.999995566	6.65197050512875E-008	0.0001965191
2512037420000000000000	7.364	0.00000445	0.99999555	6.5339709237966E-008	0.0001963591
2535037520000000000000	7.31	0.000004464	0.999995536	6.41197137692821E-008	0.0001961791
2557037620000000000000	7.256	0.00000448	0.99999552	6.27797187465569E-008	0.0001959791
2580037720000000000000	7.203	0.000004496	0.999995504	6.14997234969521E-008	0.0001957991
2603037820000000000000	7.15	0.000004512	0.999995488	6.0179728468786E-008	0.0001955791
2626037930000000000000	7.097	0.00000453	0.99999547	5.88197335463399E-008	0.0001953791
2649038030000000000000	7.044	0.000004546	0.999995454	5.7459738787772E-008	0.0001951391
2673038140000000000000	6.993	0.000004562	0.999995438	5.60597442552027E-008	0.0001948991
2697038250000000000000	6.94	0.000004578	0.999995422	5.449975049991E-008	0.0001946591
2721038360000000000000	6.888	0.000004594	0.999995406	0.000000053	0.0001943991
2745038470000000000000	6.837	0.000004612	0.999995388	5.14797625751254E-008	0.0001941191
2770038590000000000000	6.786	0.000004628	0.999995372	4.98997690636702E-008	0.0001938391
2795038710000000000000	6.734	0.000004644	0.999995356	4.83397755098947E-008	0.0001935391
2820038820000000000000	6.683	0.000004662	0.999995338	4.66597824719171E-008	0.0001932191
2846038940000000000000	6.632	0.000004678	0.999995322	0.000000045	0.0001928991
2872039070000000000000	6.582	0.000004696	0.999995304	4.32997966639984E-008	0.0001925391
2899039190000000000000	6.531	0.000004714	0.999995286	4.16398037098187E-008	0.0001921791
2926039320000000000000	6.481	0.00000473	0.99999527	3.98798113683553E-008	0.0001917991
2954039450000000000000	6.43	0.000004748	0.999995252	3.80798191968911E-008	0.0001913991
2982039590000000000000	6.381	0.000004766	0.999995234	3.63998265183083E-008	0.0001909991
3010039720000000000000	6.329	0.000004784	0.999995216	3.45998344742822E-008	0.0001905591
3039039860000000000000	6.279	0.000004802	0.999995198	3.27998424950552E-008	0.0001900991
3068040000000000000000	6.231	0.000004818	0.999995182	3.09198510280649E-008	0.0001896391
3095040130000000000000	6.184	0.000004836	0.999995164	2.91998587893975E-008	0.0001891791
3122040260000000000000	6.139	0.000004852	0.999995148	2.7599866085371E-008	0.0001887391
3149040390000000000000	6.095	0.000004868	0.999995132	0.000000026	0.0001882791
3175040520000000000000	6.053	0.000004884	0.999995116	2.44798804401975E-008	0.0001878191
3201040650000000000000	6.011	0.0000049	0.9999951	0.000000023	0.0001873591
3226040770000000000000	5.971	0.000004916	0.999995084	2.16398936182269E-008	0.0001869191
3250040890000000000000	5.932	0.00000493	0.99999507	2.03398997242428E-008	0.0001864791
3275041010000000000000	5.894	0.000004944	0.999995056	1.91119055106918E-008	0.0001860391
3299041130000000000000	5.857	0.00000496	0.99999504	1.7901911206477E-008	0.0001855991
3321041240000000000000	5.821	0.000004974	0.999995026	1.67799165366552E-008	0.0001851791
3343041350000000000000	5.787	0.000004988	0.999995012	1.57379214992109E-008	0.0001847591
3365041460000000000000	5.753	0.000005	0.999995	1.47559262203351E-008	0.0001843591
3387041570000000000000	5.72	0.000005014	0.999994986	1.38199307068364E-008	0.0001839791
3408041680000000000000	5.687	0.000005028	0.999994972	0.000000013	0.0001835791
3429041780000000000000	5.654	0.000005042	0.999994958	1.21479387500665E-008	0.0001831991
3447041870000000000000	5.624	0.000005054	0.999994946	1.13979423947748E-008	0.0001828391
3462041950000000000000	5.599	0.000005064	0.999994936	1.08439450862393E-008	0.0001825391
3477042030000000000000	5.575	0.000005074	0.999994926	1.03259476061204E-008	0.0001822791
3493042110000000000000	5.55	0.000005086	0.999994914	9.79995015743341E-009	0.0001819991
3509042190000000000000	5.524	0.000005096	0.999994904	9.25995281126173E-009	0.0001816991
3524042270000000000000	5.5	0.000005106	0.999994894	8.77795517974332E-009	0.0001814191
3539042340000000000000	5.477	0.000005116	0.999994884	8.33595735322573E-009	0.0001811791
3553042410000000000000	5.455	0.000005126	0.999994874	7.90995945353241E-009	0.0001809191
3567042490000000000000	5.431	0.000005138	0.999994862	7.5559611774569E-009	0.0001806791
3581042560000000000000	5.409	0.000005148	0.999994852	7.16596310960825E-009	0.0001804391
3595042630000000000000	5.386	0.000005158	0.999994842	6.80596489482024E-009	0.0001801991
3608042700000000000000	5.364	0.000005168	0.999994832	6.46996656320074E-009	0.0001799791
3621042760000000000000	5.344	0.000005176	0.999994824	6.18396799177027E-009	0.0001797591
3634042830000000000000	5.321	0.000005188	0.999994812	5.91196932869233E-009	0.0001795391
3647042900000000000000	5.299	0.000005198	0.999994802	5.59997089134119E-009	0.0001793191
3659042960000000000000	5.279	0.000005208	0.999994792	5.3439721685834E-009	0.0001791191
3672043030000000000000	5.259	0.000005216	0.999994784	5.10597336723388E-009	0.0001789191
3684043090000000000000	5.237	0.000005228	0.999994772	4.87197452930863E-009	0.0001787391
3696043160000000000000	5.218	0.000005236	0.999994764	4.63997570507916E-009	0.0001785391
3708043220000000000000	5.197	0.000005246	0.999994754	4.43397673935041E-009	0.0001783591
3720043280000000000000	5.178	0.000005256	0.999994744	4.23797772518187E-009	0.0001781791
3732043340000000000000	5.158	0.000005266	0.999994734	4.05197866227355E-009	0.0001780191
3744043410000000000000	5.139	0.000005274	0.999994726	3.86397962136504E-009	0.0001778391
3755043470000000000000	5.12	0.000005284	0.999994716	3.69598047043309E-009	0.0001776791
3767043530000000000000	5.1	0.000005294	0.999994706	3.51598138638879E-009	0.0001775191
3778043590000000000000	5.083	0.000005302	0.999994698	3.37398211114138E-009	0.0001773791
3790043650000000000000	5.063	0.000005312	0.999994688	3.23198283170202E-009	0.0001772191
3802043710000000000000	5.045	0.000005322	0.999994678	3.07598362961024E-009	0.0001770791
3813043780000000000000	5.027	0.000005332	0.999994668	2.94798428134318E-009	0.0001769191
3825043840000000000000	5.009	0.00000534	0.99999466	2.82198493059608E-009	0.0001767991
3836043900000000000000	4.991	0.00000535	0.99999465	2.69798556577306E-009	0.0001766591
3848043960000000000000	4.974	0.000005358	0.999994642	2.58198616571418E-009	0.0001765191
3860044020000000000000	4.955	0.000005368	0.999994632	2.47398671963555E-009	0.0001763991
3871044090000000000000	4.938	0.000005378	0.999994622	2.35998730798472E-009	0.0001762791
3883044150000000000000	4.921	0.000005386	0.999994614	2.25798783847416E-009	0.0001761591
3894044210000000000000	4.905	0.000005394	0.999994606	2.1679883058679E-009	0.0001760391
3907044280000000000000	4.887	0.000005404	0.999994596	2.0719888029695E-009	0.000175919
3919044340000000000000	4.871	0.000005412	0.999994588	0.000000002	0.000175819
3931044410000000000000	4.854	0.000005422	0.999994578	1.89418972970059E-009	0.000175699
3943044470000000000000	4.838	0.00000543	0.99999457	1.81379015111693E-009	0.000175599
3955044540000000000000	4.822	0.000005438	0.999994562	1.73379057164446E-009	0.000175519
3967044610000000000000	4.806	0.000005448	0.999994552	1.6641909334855E-009	0.000175419
3980044680000000000000	4.789	0.000005456	0.999994544	1.59279130972845E-009	0.000175319
3993044750000000000000	4.775	0.000005464	0.999994536	1.52019169367054E-009	0.000175239
4006044820000000000000	4.759	0.000005472	0.999994528	1.45379204484799E-009	0.000175159
4019044890000000000000	4.745	0.00000548	0.99999452	1.39139237516795E-009	0.000175079
4033044960000000000000	4.728	0.00000549	0.99999451	1.3315926895544E-009	0.000174999
4046045040000000000000	4.715	0.000005496	0.999994504	1.27079301571995E-009	0.000174939
4060045110000000000000	4.7	0.000005504	0.999994496	1.21599330717129E-009	0.000174879
4074045190000000000000	4.686	0.000005512	0.999994488	1.15839361493294E-009	0.000174819
4088045270000000000000	4.671	0.00000552	0.99999448	1.10779388497638E-009	0.000174759
4102045350000000000000	4.658	0.000005526	0.999994474	1.05719415794379E-009	0.000174719
4117045430000000000000	4.645	0.000005534	0.999994466	0.000000001	0.000174679
4132045510000000000000	4.632	0.00000554	0.99999446	0.000000001	0.000174639
4148045600000000000000	4.617	0.000005548	0.999994452	9.18794902524798E-010	0.000174619
4164045690000000000000	4.606	0.000005554	0.999994446	8.74795141386767E-010	0.000174599
4180045780000000000000	4.593	0.00000556	0.99999444	8.33195367432801E-010	0.000174579
4197045870000000000000	4.581	0.000005566	0.999994434	7.91395595091221E-010	0.000174579
4213045960000000000000	4.569	0.000005572	0.999994428	7.54195797620173E-010	0.000174579
4231046060000000000000	4.557	0.000005578	0.999994422	7.19195988323985E-010	0.000174579
4248046160000000000000	4.546	0.000005584	0.999994416	6.8319618503176E-010	0.000174599
4267046260000000000000	4.535	0.00000559	0.99999441	6.48596374345572E-010	0.000174639
4285046370000000000000	4.523	0.000005596	0.999994404	6.15796554001833E-010	0.000174659
4304046470000000000000	4.513	0.0000056	0.9999944	5.84996724017736E-010	0.000174719
4324046580000000000000	4.502	0.000005604	0.999994396	5.54196894280035E-010	0.000174779
4343046690000000000000	4.493	0.00000561	0.99999439	5.26997043546052E-010	0.000174839
4365046810000000000000	4.481	0.000005614	0.999994386	4.99597195260847E-010	0.000174919
4385046930000000000000	4.474	0.000005618	0.999994382	4.72797343824057E-010	0.000175019
4407047050000000000000	4.464	0.000005622	0.999994378	4.47397484730907E-010	0.000175119
4430047180000000000000	4.456	0.000005626	0.999994374	4.23397617964596E-010	0.000175239
4453047310000000000000	4.446	0.00000563	0.99999437	4.00197746886308E-010	0.000175359
4477047440000000000000	4.439	0.000005632	0.999994368	3.78597867736457E-010	0.000175519
4502047580000000000000	4.431	0.000005634	0.999994366	3.56997988673005E-010	0.000175679
4528047730000000000000	4.424	0.000005638	0.999994362	3.36998100004408E-010	0.000175879
4554047880000000000000	4.418	0.000005638	0.999994362	3.17598209381013E-010	0.000176079
4582048040000000000000	4.409	0.000005642	0.999994358	2.9979830853768E-010	0.000176299
4610048190000000000000	4.405	0.000005642	0.999994358	2.82998403322764E-010	0.000176539
4641048370000000000000	4.397	0.000005644	0.999994356	2.65998498704246E-010	0.000176799
4671048540000000000000	4.393	0.000005644	0.999994356	2.50398586750166E-010	0.000177079
4704048730000000000000	4.388	0.000005644	0.999994356	2.35798669152116E-010	0.000177399
4739048920000000000000	4.385	0.000005644	0.999994356	2.21598749296478E-010	0.000177739
4776049130000000000000	4.38	0.000005644	0.999994356	2.08198824925664E-010	0.000178099
4814049350000000000000	4.379	0.000005642	0.999994358	1.95598896430871E-010	0.000178519
4856049580000000000000	4.377	0.00000564	0.99999436	1.83598964501696E-010	0.000178939
4901049830000000000000	4.377	0.000005638	0.999994362	1.72219029028981E-010	0.000179419
4950050110000000000000	4.378	0.000005634	0.999994366	1.61379090790079E-010	0.000179939
5004050410000000000000	4.38	0.00000563	0.99999437	1.51119149199076E-010	0.000180519
5061050740000000000000	4.384	0.000005622	0.999994378	1.41779202917216E-010	0.000181119
5123051090000000000000	4.391	0.000005614	0.999994386	1.331992522193E-010	0.000181759
5190051460000000000000	4.401	0.000005606	0.999994394	1.25459296675091E-010	0.000182419
5265051880000000000000	4.414	0.000005594	0.999994406	1.18479337226502E-010	0.000183099
5349052350000000000000	4.43	0.00000558	0.99999442	1.12139374262211E-010	0.000183819
5441052860000000000000	4.451	0.000005564	0.999994436	1.06639406658266E-010	0.000184539
5538053400000000000000	4.478	0.000005546	0.999994454	1.02059433978307E-010	0.000185219
5642053970000000000000	4.506	0.000005526	0.999994474	9.83994562445353E-011	0.000185819
5760054620000000000000	4.538	0.000005504	0.999994496	9.53794750313021E-011	0.000186379
5899055390000000000000	4.573	0.000005482	0.999994518	9.28394910538444E-011	0.000186919
6072056330000000000000	4.615	0.000005456	0.999994544	9.07995045978385E-011	0.000187399
6296057540000000000000	4.666	0.000005426	0.999994574	8.93195153522459E-011	0.000187799
6587059110000000000000	4.728	0.000005392	0.999994608	8.86395220556331E-011	0.000188099
6868060620000000000000	4.801	0.000005352	0.999994648	8.8819524637839E-011	0.000188239
7062061650000000000000	4.863	0.00000532	0.99999468	8.94995238624665E-011	0.000188259
7210062430000000000000	4.901	0.0000053	0.9999947	8.99195234264585E-011	0.000188239
7391063390000000000000	4.927	0.000005288	0.999994712	9.01795231306137E-011	0.000188239
7627064630000000000000	4.957	0.000005272	0.999994728	9.06395221483704E-011	0.000188219
7923066190000000000000	4.993	0.000005254	0.999994746	9.11995208376477E-011	0.000188179
7998066580000000000000	5.033	0.000005236	0.999994764	9.18995188140485E-011	0.000188119
