# AVeff	Tgas[K]	H (cm^-3)	H2(cm^-3)	C(cm^-3)	CO(cm^-3)	AV (perpendicular) for comparison
0.	315.23835058351995	0.9977786274922293	0.0010965011506469254	4.3213464539404603e-8	3.439737919626397e-11	0.
1.5643443805334424e-11	315.24638419373315	0.997778645816803	0.001096491862207002	4.321502761738667e-8	3.506150648498613e-11	5.678433565630695e-13
4.505883026363052e-11	315.24163461000325	0.9977786341829821	0.0010964977513052891	4.321537802907711e-8	3.516090662738875e-11	1.703530070184592e-12
1.0176936760074433e-10	315.2388289587424	0.9977786249217053	0.0010965024299842234	4.321558132078214e-8	3.524574076883961e-11	3.974903497537941e-12
2.115856004211639e-10	315.2391208910133	0.9977786188542861	0.0010965054746351146	4.321554955793918e-8	3.532881994832467e-11	8.517650352290902e-12
4.244981270649184e-10	315.2394300478055	0.9977786066392941	0.0010965116067587898	4.321550735415642e-8	3.541402007021335e-11	1.7603144062272762e-11
8.373206139603587e-10	315.2395024488754	0.997778582049135	0.0010965239566657881	4.321546549918872e-8	3.5503306603429707e-11	3.5774131483699165e-11
1.6373748607920238e-9	315.2392812807611	0.9977785341517751	0.0010965480155443019	4.3215412542808987e-8	3.5597805411888703e-11	7.211610633262604e-11
3.1867057681957342e-9	315.23898549504264	0.9977784430543348	0.0010965937725437094	4.3215303096428806e-8	3.5698310103221184e-11	1.44800056053619e-10
6.18421095763648e-9	315.2384279914684	0.9977782704642517	0.0010966804620138881	4.321509698280889e-8	3.5805414851690374e-11	2.901679555832356e-10
1.1977304260044534e-8	315.23737255056966	0.9977779460288896	0.001096843420996649	4.3214712296207926e-8	3.591966697406573e-11	5.809037549726475e-10
2.3160051796620997e-8	315.235425382302	0.997777340620186	0.0010971475080132707	4.3213996169573387e-8	3.6041643687512495e-11	1.1623753549863265e-9
4.471906327558868e-8	315.2318770754848	0.997776218006389	0.0010977113771796546	4.321266968558865e-8	3.617204995265897e-11	2.3253185596013417e-9
8.622451492772472e-8	315.2254461856447	0.9977741485140638	0.0010987508428135049	4.321022858562677e-8	3.6311882380481713e-11	4.651204985766614e-9
1.6601067585296152e-7	315.21391405357804	0.9977703562738283	0.0011006555998209137	4.320576371776107e-8	3.6462758554240115e-11	9.302977900218447e-9
3.191339310155131e-7	315.1934649322384	0.9977634468626917	0.0011041260083149887	4.319764996886286e-8	3.662762004448002e-11	1.8606523955502543e-8
6.124827894776627e-7	315.1577749098654	0.9977509212145267	0.0011104171969210227	4.318299843989286e-8	3.681242160706015e-11	3.721361688559393e-8
1.1733859144992188e-6	315.09636806147506	0.9977283051455036	0.0011217761344128742	4.31567179913136e-8	3.702950741874287e-11	7.442780569277255e-8
2.243604520713997e-6	314.9923676877567	0.9976874990157053	0.0011422700849045922	4.310982219285015e-8	3.730567408744126e-11	1.488561938419464e-7
4.280870947253057e-6	314.8191317378237	0.9976132835289568	0.0011795401222982576	4.302611463696641e-8	3.770247945727123e-11	2.9771300771271707e-7
8.149077273381375e-6	314.53743182480923	0.9974750474167087	0.0012489507254016276	4.2875189629523664e-8	3.837574912258027e-11	5.954267701347319e-7
0.000015472889261042533	314.09580277542204	0.9972033232498665	0.0013853539619410533	4.2595642199396127e-8	3.9768430970498785e-11	1.1908547865525838e-6
0.00002929549606411989	313.44893831440663	0.9966043348894622	0.001685904925549992	4.205023699969296e-8	4.3370012640972164e-11	2.3817126876865947e-6
0.00005529132424045853	312.7461966450618	0.9948713970600616	0.0025546701165691126	4.087310687698944e-8	5.613355344853149e-11	4.763436188989772e-6
0.00005844046335920784	312.7103420061095	0.994582483411235	0.0026994291217502194	4.071987647453842e-8	5.840992103853002e-11	5.061152447607944e-6
0.00006468723088086124	312.6654885077355	0.9939332636545379	0.003024655317204157	4.040970594896295e-8	6.356369318583506e-11	5.656585507387994e-6
0.00007699871050002063	312.6584166323299	0.9922740378995228	0.003855533514765063	3.978679802221823e-8	7.664511867455235e-11	6.847453834326091e-6
0.00007852230144552083	312.6616667258853	0.9920275751635483	0.003978922733529335	3.971097175021081e-8	7.855477428012516e-11	6.996312592602668e-6
0.00008156006662412633	312.6684420096722	0.9915035602418156	0.0042412448648768445	3.956146612931036e-8	8.257608178164712e-11	7.294030249359374e-6
0.00008759968624113905	312.6737583080868	0.9903191152643017	0.0048340884583406366	3.9274548969578075e-8	9.145654906824516e-11	7.889466116558288e-6
0.00008835141382139755	312.6614862582703	0.9901720520951879	0.004907689529937884	3.9244372848125305e-8	9.254237587505919e-11	7.96389565195178e-6
0.00008985279333066785	312.63875605382924	0.9898640911124922	0.00506181076924102	3.918347090220462e-8	9.479862585522581e-11	8.112754753989851e-6
0.00009004027312757649	312.63611763732524	0.9898242319041747	0.005081758135710821	3.917580537069919e-8	9.508893402819429e-11	8.13136214470139e-6
0.00009041510537495466	312.6309483920309	0.9897435659753732	0.005122126737573381	3.916044248525186e-8	9.56752431959238e-11	8.168576928111035e-6
0.00009116426318954165	312.62116999238333	0.9895783326548405	0.0052048151297665116	3.912958065295693e-8	9.687123239667151e-11	8.24300650291618e-6
0.00009125786064863287	312.62000900927836	0.9895573028566486	0.005215339038617424	3.912570969374425e-8	9.702297358124081e-11	8.252310200518961e-6
0.00009144502418559217	312.61771144574294	0.9895149880091463	0.005236514510456593	3.911796041947007e-8	9.732796733269933e-11	8.270917596227915e-6
0.00009181922606447626	312.61326847209045	0.9894293204235163	0.005279384515391606	3.910242838519044e-8	9.794410494774081e-11	8.308132389664407e-6
0.00009256713165734718	312.6050194536716	0.9892537131848765	0.005367261025773814	3.907123116045997e-8	9.92015682250934e-11	8.382561984652177e-6
0.00009406097076131162	312.5912903178314	0.9888843829234294	0.005552073831085616	3.9008312091525286e-8	1.0182221620622023e-10	8.531421207413778e-6
0.00009704091995004663	312.57690128442437	0.9880639050402212	0.005962615896879967	3.8880461924028917e-8	1.0753081415262769e-10	8.82913978675366e-6
0.0001029710979688756	312.515034024771	0.986199358973621	0.006895471437063254	3.864979594721047e-8	1.1998964532638633e-10	9.424577484658061e-6
0.00011472105304576586	312.08234040298595	0.9817238956917183	0.009134193511178309	3.8338156395464594e-8	1.4738906102955887e-10	0.00001061545477224738
0.00013783400447653935	310.23098156079067	0.9676444703577652	0.01617540420496114	3.8235262222973207e-8	2.1776072970331022e-10	0.000012997215453393583
0.00018281586913773782	301.5514250619737	0.9063608519653028	0.04681866691452871	4.020057316636931e-8	4.0816218397248315e-10	0.000017760751256117725
0.0001883409695538631	298.4218392650103	0.8838185026201836	0.058090002445626655	4.106537128251898e-8	4.5366213135735995e-10	0.000018356194079980655
0.0001993340624460812	294.37741825924144	0.8552351805752288	0.07238179779668516	4.2157692058365964e-8	5.002683832043965e-10	0.00001954708010485453
0.00022110756501203494	286.93971821485115	0.8029153704263108	0.09854185129214765	4.415144766731465e-8	5.616101316837323e-10	0.000021928852825510004
0.00026390607132457657	273.5043310366651	0.7105328552843225	0.14473324494352047	4.765670910181127e-8	6.189655348591823e-10	0.0000266923996764482
0.0003470833561526854	255.83415564611278	0.5923444787231434	0.203827523496697	5.19143983758682e-8	6.33423732558335e-10	0.00003621949548818858
0.0005064186775826203	239.74944048042946	0.48350882931052264	0.2582454001918617	5.5199626478202566e-8	6.09556429987351e-10	0.000055273689600191794
0.0008069213188081376	226.47899716326856	0.3891920708314737	0.3054038141684803	5.74455922922902e-8	5.667473314187049e-10	0.00009338208088303749
0.001365321146342732	214.9021580017093	0.30349596039861054	0.3482518968496905	5.9228066907248295e-8	5.135835553272348e-10	0.0001695988680299506
0.0023891872036238145	204.99613083203172	0.22825380403744758	0.38587299757098603	6.072249776392814e-8	4.6029481892465123e-10	0.0003220324498022461
0.0042436943276360686	196.9926680901511	0.1667901297708188	0.41660485272971004	6.201360378465852e-8	4.1532918788665095e-10	0.0006268996254675264
0.007563399970073786	190.6726359198445	0.11957268085323731	0.44021359102215435	6.32965760916341e-8	3.837835215809004e-10	0.0012366339957529215
0.0134362713505589	185.23830691855085	0.08306020290854688	0.4584698406807944	6.491584599433244e-8	3.665019954481519e-10	0.002456102765236475
0.018849095197694572	182.19511850186413	0.06613258673714294	0.4669336536486052	6.622128930302308e-8	3.6425405611203507e-10	0.0037000220261324966
0.023896047484483544	180.07381343573942	0.05651752496185956	0.4717411872307411	6.737263454691582e-8	3.668986493380765e-10	0.004943941295731436
0.028679161466065268	178.34107210602372	0.050049509247766036	0.47497519683259176	6.846924585370977e-8	3.7137151654888904e-10	0.006187860570622485
0.03325736887415042	176.85683381783184	0.04529530571322573	0.4773522998363699	6.950516956958805e-8	3.7667145644121283e-10	0.007431779849105899
0.03766897935273528	175.4841800172658	0.0416015920363971	0.4791991575820788	7.054910299415613e-8	3.8246576418153226e-10	0.008675699130209257
0.04194083301902247	174.28751388416305	0.03861936215963105	0.48069027323631214	7.150135363179703e-8	3.884404490118556e-10	0.009919618413267224
0.04609273922545186	173.13559382633701	0.03614359620717789	0.48192815676668793	7.247150186449209e-8	3.946152262235877e-10	0.011163537697891333
0.05013989116137951	172.01431856659758	0.03404305950535992	0.4829784255504791	7.3461746816655e-8	4.009321079266264e-10	0.012407456983736038
0.05409429167652969	170.98957623847912	0.03223011564666613	0.483884897840934	7.43938407032486e-8	4.0726584202768056e-10	0.01365137627053711
0.05796564899757057	170.01413665277772	0.03064402790978264	0.4846779420056438	7.5297505248077e-8	4.1362114843653374e-10	0.014895295558141227
0.06176196739843917	169.0776615648602	0.029240384510792444	0.4853797639473418	7.621417081856449e-8	4.200523874850497e-10	0.016139214846414007
0.06548995225179846	168.13593576730412	0.027986313146674303	0.4860067998180814	7.715161106400522e-8	4.265412611019759e-10	0.017383134135218557
0.06915529689800418	167.19989178854675	0.02685596512689295	0.4865719739706666	7.811126363792209e-8	4.3308247423391224e-10	0.018627053424438232
0.07276289138959616	166.32202359154644	0.02583038708579432	0.4870847631143881	7.902860941467419e-8	4.3960639458256347e-10	0.019870972713972188
0.07631697793154515	165.5167309630885	0.024893999780943338	0.48755295687906425	7.988430771023548e-8	4.4608495833619087e-10	0.02111489200377492
0.07982126895406602	164.7138437954895	0.02403466906959649	0.4879826223188356	8.075638342560005e-8	4.526071129931916e-10	0.02235881129382457
0.08327903836969028	163.9123088685822	0.0232420430918048	0.4883789353668482	8.164544168548956e-8	4.591731856634848e-10	0.023602730584055515
0.08669319318909113	163.1112212692837	0.022507823353501513	0.4887460452726245	8.255208947199514e-8	4.657839537987032e-10	0.0248466498744088
0.09006633048784636	162.30982308784934	0.02182509978246558	0.48908740707432	8.347693869329694e-8	4.724405220097238e-10	0.026090569164831347
0.09340078327114762	161.50747207843895	0.02118807352209468	0.48940592020192264	8.442061074821336e-8	4.791442120052086e-10	0.02733448845527553
0.0966986578028526	160.70361931562016	0.020591822181109557	0.4897040458524751	8.538374048246503e-8	4.858964923812649e-10	0.02857840774569633
0.09996186428665611	159.9841932763766	0.02003175767739635	0.4899840780964599	8.62571938263185e-8	4.92567866986488e-10	0.029822327036052313
0.10319214230888468	159.30566923502118	0.01950466630033522	0.4902476237766422	8.709271440544445e-8	4.992195685963999e-10	0.031066246326374582
0.10639108210868914	158.62605261291398	0.01900747241455148	0.49049622069817045	8.794296894418731e-8	5.059150754477572e-10	0.032310165616663326
0.10956014249322761	157.94505578982915	0.018537359246305424	0.49073127724873317	8.880837756232297e-8	5.12655754006173e-10	0.03355408490688745
0.1127006660304161	157.2624081527843	0.018091948609035673	0.4909539825222711	8.968937249865199e-8	5.194429581419935e-10	0.03479800419701763
0.11581389201430771	156.57786866165	0.017669143250471094	0.49116538514548674	9.058639630408169e-8	5.262780783744935e-10	0.03604192348702607
0.11890096759447409	155.89122083707923	0.017267103760139277	0.49136640482409394	9.149990363241065e-8	5.3316254240172e-10	0.03728584277688626
0.12196295738127329	155.20226980337674	0.016884180639590914	0.49155786630773063	9.24303628195937e-8	5.400978253683539e-10	0.03852976206657282
0.12500085177762027	154.51083809799493	0.01651892771652236	0.4917404926828911	9.337825429914808e-8	5.470854333955648e-10	0.0397736813560613
0.12801557424018453	153.81676410423918	0.016170018011470777	0.4919149474396081	9.434407574845861e-8	5.541269170963292e-10	0.04101760064532806
0.13100798763547922	153.1198988460903	0.015836290907873214	0.49208181088640335	9.53283389613975e-8	5.612238446837675e-10	0.042261519934350116
0.13397889982665367	152.42301758463168	0.015516673426322404	0.4922416195142443	9.632732331531259e-8	5.683725106086936e-10	0.04350543922310506
0.13692906860316767	151.8523998838697	0.01520952581795101	0.4923951932443109	9.71546648736015e-8	5.753404360297269e-10	0.04474935851157356
0.13985920604677324	151.28001531447416	0.01491487442150094	0.492542518861206	9.799507442193493e-8	5.823578589179111e-10	0.04599327779985212
0.14276998241056268	150.70580562621274	0.014631703019912831	0.4926841044737503	9.884886203362553e-8	5.894261857989163e-10	0.04723719708792338
0.14566202957805177	150.12968085429546	0.014359301058391174	0.4928203053594936	9.971634925632793e-8	5.965466953905817e-10	0.048481116375770454
0.14853594415631832	149.55155838628875	0.014097009192569988	0.4929514511907525	1.0059786706072983e-7	6.037206630198447e-10	0.0497250356633768
0.151392290250195	148.97136015092724	0.013844238993681084	0.49307783618201606	1.0149375526118194e-7	6.109493406922322e-10	0.050968954950726175
0.15423160195727134	148.38901376889783	0.013600424689822881	0.4931997432193329	1.0240436434517812e-7	6.182339779895743e-10	0.052212874237802596
0.1570543856176984	147.80444916179852	0.013365076196057524	0.49331741734523904	1.0333005235814517e-7	6.255757965084303e-10	0.05345679352459027
0.159861121847954	147.21760265751178	0.013137717565385152	0.4934310965332934	1.0427119207155273e-7	6.329760191535916e-10	0.054700712811073575
0.16265226738368732	146.62841196713916	0.012917924000601946	0.4935409931821389	1.0522816333960378e-7	6.404358599231909e-10	0.05594463209723702
0.16542825675335154	146.03681875314842	0.012705298985467723	0.4936473055499207	1.062013600254748e-7	6.47956530391563e-10	0.05718855138306521
0.16818950380145073	145.4427668987988	0.012499473537267759	0.49375021812801057	1.0719118714461435e-7	6.555392482813386e-10	0.058432470668542784
0.17093640307778185	144.84620282018457	0.012300105642405051	0.4938499019232075	1.0819806280825803e-7	6.631852348278237e-10	0.05967638995365441
0.17366933110696706	144.24707513213454	0.012106878503087035	0.49394651533439726	1.0922241742813695e-7	6.708957178027705e-10	0.060920309238384734
0.17638864755078826	143.64533434768194	0.011919497202371144	0.49404020582002717	1.102646965273164e-7	6.786719302766439e-10	0.062164228522718384
0.17909469627430968	143.04093275885842	0.011737686362517036	0.4941311110689335	1.113253593569391e-7	6.865151127748766e-10	0.06340814780663995
0.18178780632545205	142.4338240235449	0.011561185151431749	0.4942193614971206	1.1240487968327653e-7	6.944265122368606e-10	0.06465206709013387
0.18446829283655342	141.8983453183016	0.011389301300135962	0.49430530327198247	1.1336952907480005e-7	7.022286013037507e-10	0.06589598637318449
0.18713645785563215	141.42298122725538	0.01122194415087394	0.4943889817182783	1.1423607409874916e-7	7.099424640503013e-10	0.06713990565585784
0.18979259111350194	140.94600997265508	0.011059271807444232	0.4944703177570806	1.1511482310615417e-7	7.177149852367537e-10	0.06838382493820977
0.19243697073313143	140.46741386501324	0.010901021270901255	0.4945494428879	1.1600602647605429e-7	7.255469420064708e-10	0.06962774422022909
0.19506986388674039	139.9871652673688	0.01074701355193099	0.4946264466053844	1.1690994296259713e-7	7.334388570779697e-10	0.0708716635019046
0.1976915274049439	139.5052371859746	0.010597067373878673	0.4947014195478521	1.1782683919618657e-7	7.413908298903615e-10	0.0721155827832251
0.20030220834232562	139.02160497539504	0.010451049544145804	0.4947744283115693	1.1875698652225885e-7	7.49401529862746e-10	0.07335950206417922
0.20290214450322688	138.53640692860793	0.010310036977544205	0.49484493443855826	1.1970061158908787e-7	7.573381274309287e-10	0.07460342134475526
0.20549156493115722	138.0497328357111	0.010174744225857471	0.4949125806525035	1.2065796105409617e-7	7.651905707096215e-10	0.07584734062493972
0.2106397336652624	137.07090222651297	0.009915669181250343	0.4950421178362245	1.2261530249317927e-7	7.809849474688309e-10	0.07833517918467853
0.2208190884959011	135.0908759819194	0.00943323233720882	0.4952833355242673	1.2670940604202924e-7	8.133072374955446e-10	0.08331085630143925
0.24075012322599415	131.03398577690245	0.00857056165539713	0.49571466916450385	1.3569454022324543e-7	8.836083883401633e-10	0.09326221052271817
0.26496036506398163	126.67384220523543	0.0076610106905678176	0.496169442584798	1.4637991483522313e-7	9.76776932779135e-10	0.10570140325792891
0.2884992579732429	122.69620055795411	0.006904832693923229	0.4965475294179922	1.5718760498540397e-7	1.0759472630476018e-9	0.11814059594122596
0.3114587818783305	118.58828663120607	0.006269445822242695	0.49686522023308505	1.6954185210443513e-7	1.183753726447566e-9	0.1305797885701863
0.33391133312045296	114.34075243194138	0.005728742841715727	0.4971355685520709	1.8378159763506098e-7	1.3013109631004777e-9	0.14301898113363834
0.3559151825537761	110.94024024337685	0.005257146822753077	0.4973713637178449	1.964816079137334e-7	1.4237264185495442e-9	0.15545817361801578
0.37751810458644114	107.8778724679254	0.004844479031093949	0.49757769474778485	2.0903823924359939e-7	1.5535731174423008e-9	0.16789736603145444
0.3987598788746251	104.73672732929339	0.004482849136204982	0.4977585063636655	2.2312775820671549e-7	1.694112616018218e-9	0.18033655837344453
0.4196740677430859	101.51362749696973	0.004165575931259081	0.49791713907762797	2.390334553607918e-7	1.8464469858085933e-9	0.1927757506324858
0.42312999062340984	100.96827978825822	0.004114740503039159	0.49794255608324717	2.418844613567386e-7	1.8724409137729812e-9	0.19484894932547245
0.4300174318518846	99.87010345044696	0.004020360646424256	0.4979897445315343	2.4777457642868584e-7	1.9263767214184807e-9	0.19899534670584618
0.4436979052413127	97.64399584911574	0.003840048007026884	0.49807989763952865	2.603646225511889e-7	2.040081981096313e-9	0.2072881414432715
0.463995342073525	94.22847375277362	0.003594185861205913	0.49820282316162584	2.8155549719900823e-7	2.2223772631483728e-9	0.2197273334713026
0.48404328219060666	92.03574936385698	0.003364511216403655	0.4983176565740241	2.966799715800769e-7	2.404872880577823e-9	0.23216652536139168
0.5038601299233644	89.84406209531409	0.0031575157416259846	0.4984211499973555	3.130150135423029e-7	2.6005177175728703e-9	0.24460571715419252
0.5234621387669944	87.61114098956013	0.0029704286742979658	0.4985146886636024	3.310451225542134e-7	2.8108748096628316e-9	0.25704490883968223
0.542863750426517	85.33577142525407	0.0028008829270193165	0.49859945602692946	3.5103404739995747e-7	3.0371437780750866e-9	0.2694841004041456
0.5620778675848354	83.01665455853649	0.0026466674288960212	0.49867655751511436	3.73301334054562e-7	3.2806179270875147e-9	0.28192329183163123
0.581116075694167	80.65266940231307	0.0025060974574544386	0.4987468353597774	3.982375327699332e-7	3.5434803036596256e-9	0.2943624831034964
0.5999888250322394	78.24243432290326	0.0023770972513662177	0.4988113272863865	4.263245069944338e-7	3.827954147561901e-9	0.30680167419790966
0.6088981882307786	77.08153318126949	0.0023213925996127794	0.4988391753114644	4.409365860853378e-7	3.966462037396344e-9	0.31271028986966654
0.6266151006051413	74.72646331135708	0.002216011412929757	0.498891856384152	4.7300539884409094e-7	4.263930160043183e-9	0.32452752111443445
0.6451242510593062	72.83915572997093	0.0021093853506302133	0.49894516100384295	5.01527776633464e-7	4.584724036220639e-9	0.33696671166214154
0.6634970025766984	71.45804365333525	0.0020078277954808906	0.49899593317141944	5.243014600192953e-7	4.91366481837586e-9	0.34940590200075233
0.6817402878560804	70.05954339568187	0.001914168332664316	0.4990427557209783	5.489914636234816e-7	5.264009184209196e-9	0.36184509217498684
0.699860481175032	68.64337394933574	0.001827659485911559	0.49908600233960443	5.758354066315851e-7	5.637018415683293e-9	0.3742842821706328
0.7178634596454156	67.20922012258961	0.0017476682763598725	0.4991259894632185	6.051102620042923e-7	6.033994239494625e-9	0.3867234719722033
0.7357546559869957	65.75675235230536	0.001673636267789325	0.49916299625533	6.371407295063426e-7	6.456272675437997e-9	0.3991626615628766
0.7535391042781389	64.28561808294006	0.0016050649988489732	0.4991972718929445	6.723097501529761e-7	6.905218537598505e-9	0.4116018509244691
0.7712214797977033	62.79503808776561	0.0015388290014236995	0.49923037905754314	7.110694862196217e-7	7.3823500354740064e-9	0.4240410400374571
0.7888061338686444	61.28539010202554	0.0014799503473737327	0.4992598066758661	7.539694824599538e-7	7.888849459178233e-9	0.4364802288811306
0.8062971244514769	59.75572033969265	0.0014250625581698482	0.4992872379555032	8.016616556430601e-7	8.426346392453613e-9	0.44891941743354846
0.8236982431083957	58.206332618724105	0.001377682576697656	0.4993109144398918	8.549364747292482e-7	8.996301765283481e-9	0.46135860567241804
0.8410130388502792	56.63501929145115	0.0013306617098840451	0.4993344104813408	9.147756909573574e-7	9.600850855868965e-9	0.4737977935749766
0.8582448393008484	55.04174630721361	0.0012870726407258012	0.4993561898287325	9.823846737673247e-7	1.0242082948797158e-8	0.4862369811194881
0.8753967695364926	53.530435342360796	0.001246028096674219	0.4993766973158498	1.0540909600167929e-6	1.0918063993004781e-8	0.49867616828608735
0.892471768945246	52.29402052809825	0.0012060815394665354	0.4993966584063947	1.119282448553955e-6	1.1622094118943487e-8	0.5111153550847143
0.9094726063213792	51.18028794896385	0.0011679831479431526	0.4994156966683772	1.1836843684287914e-6	1.2362885587761879e-8	0.5235545415799209
0.9264018932674192	50.1276175851861	0.0011320254063690327	0.49943366535142186	1.2500883416007677e-6	1.3146084133101139e-8	0.5359937278028701
0.9432620963960809	49.11898969133575	0.0010981181100452415	0.4994506094825397	1.3193623264271216e-6	1.3975859041945696e-8	0.5484329137720964
0.953346033642265	48.53006946250434	0.0010785035128002263	0.49946041138221814	1.3626243019051873e-6	1.4498799897444851e-8	0.5558964252098723
0.9701005025258334	47.58153884714891	0.0010478309780521202	0.4994757392710739	1.4371329146814373e-6	1.5411708838621578e-8	0.5683356108075045
0.9867916981626719	46.674841888614615	0.0010186709590275273	0.49949031172995173	1.5144888556822958e-6	1.6381693013084388e-8	0.5807747961963783
1.0034216490268844	45.804124940775445	0.0009911364167639756	0.49950407226276844	1.5950695425768288e-6	1.7413774815325758e-8	0.5932139813970665
1.0199922812768203	44.964578786780216	0.0009651327933262922	0.4995170681357059	1.679266500042943e-6	1.8513447596844642e-8	0.6056531664297443
1.0365054258005966	44.15456575311367	0.0009405767804148848	0.49952934100540153	1.7672324991172584e-6	1.9686356169994946e-8	0.6180923513143428
1.0529628246494716	43.37279731864716	0.0009173565000958609	0.49954094680408473	1.8590963860512274e-6	2.0938512346160935e-8	0.630531536070846
1.0693661369220058	42.61810825098657	0.000895430352506959	0.49955190631520835	1.9549788400642507e-6	2.2276392383210506e-8	0.6429707207189358
1.0857169441566057	41.88907724438052	0.0008745198803942043	0.49956235873617294	2.0550694021795437e-6	2.371471578581375e-8	0.6554099052780564
1.0884370810027229	41.77285909011485	0.0008707491091178252	0.4995642437365924	2.071749856388245e-6	2.3968929135214263e-8	0.6574831026923781
1.0938731326179638	41.53999195465345	0.000864385875787978	0.4995674246236746	2.1058286029248063e-6	2.4463532221392565e-8	0.6616294975179955
1.1047285346166684	41.07365309770996	0.0008518934813938975	0.4995736695653295	2.176688100132524e-6	2.5496498931743722e-8	0.6699222871578632
1.1209706668315078	40.400467077198414	0.0008336100551855274	0.49958280996972837	2.2856366419364305e-6	2.7150451848973397e-8	0.6823614715873897
1.137164844365492	39.75123630865611	0.0008162078661551634	0.49959151037662436	2.3988326222555695e-6	2.8920102485835543e-8	0.6948006559841312
1.1533123745634029	39.12263996785852	0.0007994612122962132	0.49959988358664636	2.5168298366032806e-6	3.08146384221981e-8	0.7072398403635509
1.16941450890134	38.51387525620757	0.0007838850737402952	0.49960767206167134	2.6397181811755028e-6	3.2843537030924327e-8	0.7196790247398386
1.1854724462454371	37.92397571712421	0.0007691456475535637	0.49961504265751866	2.7677096211342978e-6	3.501647892105765e-8	0.732118209126037
1.201487335870209	37.3519250327275	0.0007551971709433314	0.49962201821039465	2.901000185414202e-6	3.734387029025383e-8	0.7445573935340389
1.2174602802580357	36.79734482239492	0.0007419879834950595	0.4996286245055186	3.0397132901141403e-6	3.983672061552886e-8	0.7569965779746051
1.2333923376988745	36.26136546968404	0.0007294648029026988	0.49963488813397844	3.183487117487944e-6	4.250500622965643e-8	0.7694357624573825
1.2492845247072042	35.74341328172845	0.000717590874331901	0.4996408274281838	3.3323429453187873e-6	4.5360428867845236e-8	0.7818749469907715
1.2651378182721305	35.24009073010301	0.0007062933059646435	0.4996464788068452	3.4871694323937444e-6	4.8425282755268993e-8	0.7943141315820572
1.274631517922961	34.943110330908944	0.0006996106588201837	0.49964982181157225	3.5835661124588934e-6	5.039400193078775e-8	0.8017776423751263
1.290424521431744	34.46090252983466	0.0006895863832656874	0.49965483690001566	3.7487841665389954e-6	5.3771182432612526e-8	0.8142168270726261
1.3061810013388047	33.996087255910375	0.0006797957240263472	0.4996597353379891	3.918922470018902e-6	5.7419503369188585e-8	0.8266560118435774
1.3219018087266248	33.54350479879984	0.0006705100995671734	0.499664381411758	4.095721546238234e-6	6.132511591044994e-8	0.8390951966918515
1.337587763712644	33.10322034458249	0.0006617096390930172	0.4996687850284292	4.279155248451347e-6	6.550476500248273e-8	0.8515343816212735
1.353239656984962	32.674759373539295	0.0006533612782801657	0.49967296269778394	4.469390555460975e-6	6.997707604389999e-8	0.863973566634967
1.3688582512426255	32.2573771617344	0.0006454284791678213	0.4996769326711532	4.6667300624296385e-6	7.476252506889443e-8	0.8764127517355005
1.3844442825464103	31.850545929691663	0.0006381082569084182	0.4996805964123847	4.871332868779398e-6	7.988309006212666e-8	0.8888519369247398
1.3999984615882637	31.45412916037702	0.0006309775713850859	0.4996841654459835	5.0834010138733796e-6	8.53600119476009e-8	0.9012911222046095
1.4155214748824838	31.070393933384416	0.0006241879063966025	0.49968756398070935	5.30149163774167e-6	9.120997704971103e-8	0.9137303075763797
1.431013985886547	30.696364906832862	0.000617742029967056	0.4996907906426868	5.52707686313562e-6	9.746456934583597e-8	0.926169493040347
1.4464766360580892	30.331139698109947	0.0006116142851851975	0.4996938582551084	5.760645155107145e-6	1.0415255296187035e-7	0.9386086785970615
1.4619100458487349	29.974531407389378	0.0006058028610716344	0.49969676771295124	6.002285525186e-6	1.113022381650028e-7	0.9510478642469369
1.4773148156414242	29.626203710813826	0.0006002805822563184	0.4996995325963448	6.252171630168121e-6	1.1894400499751479e-7	0.9634870499901306
1.4926915266350398	29.285748920858133	0.000595033745360466	0.4997021597513423	6.5105460285564365e-6	1.2711021311694514e-7	0.9759262358266102
1.5080407416796984	28.953028062714292	0.0005900439073168392	0.49970465839227013	6.777452009531431e-6	1.3583374249775628e-7	0.9883654217562023
1.523363006065913	28.630006175159917	0.0005852849800676215	0.49970704153466927	7.051100001351558e-6	1.4513765682287142e-7	1.0008046077785548
1.5386588482702241	28.313705672473972	0.0005807553894080521	0.4997093099898393	7.333758457706552e-6	1.5507165231603957e-7	1.0132437938926067
1.5539287806629616	28.004363761656418	0.0005764463031432615	0.4997114681655155	7.625132948769641e-6	1.6567185926531245e-7	1.0256829800978964
1.5691733001758912	27.70126299528239	0.0005723225036032111	0.49971353367403193	7.925782398079595e-6	1.770029351422467e-7	1.0381221663937685
1.5764056843916832	27.558258567474752	0.00057033288247202	0.4997145302044128	8.073012806430794e-6	1.8270591522877407e-7	1.0440307799261614
1.5908537798517777	27.280169340765973	0.0005668180380160896	0.49971629099632764	8.370022018414801e-6	1.9442207550115355e-7	1.055848007033243
1.6060386474151045	26.99263175992203	0.0005633082758332475	0.49971804940185033	8.69225242936059e-6	2.0761863083973278e-7	1.0682871935460205
1.621199695513557	26.71044752610993	0.0005598168116413461	0.4997197986322231	9.0241932972214e-6	2.2167425120171135e-7	1.0807263801467706
1.6363373599343085	26.43353380002827	0.0005564910859670694	0.499721464963618	9.36586948257373e-6	2.366342822292884e-7	1.0931655668347962
1.6514520640952541	26.161676263353204	0.0005533327460229533	0.49972304757260905	9.71747093458358e-6	2.5254706956453e-7	1.105604753609368
1.6665442195235192	25.894925706603473	0.0005500833956565795	0.4997246756773174	0.000010078868606212263	2.694545319246713e-7	1.1180439404702582
1.6816142263081806	25.6340604661886	0.0005461532773551527	0.49972664409966006	0.00001044765060431995	2.8740382013361736e-7	1.13048312741626
1.6966624735340095	25.377987165045678	0.0005433765074841471	0.4997280358172021	0.000010826522283076035	3.064439562870914e-7	1.142922314446183
1.7116893396938722	25.12605358014509	0.0005407199840086696	0.4997293673856689	0.000011215596050862588	3.2663399987422584e-7	1.1553615015593084
1.726695193080585	24.878085695741884	0.0005381828164095428	0.4997306392510877	0.000011614948731891997	3.480246413621647e-7	1.1678006887549985
1.7416803921608104	24.633945251198654	0.0005357373568418489	0.4997318652381024	0.000012024584542688842	3.706659419716417e-7	1.180239876032636
1.756645285931661	24.39350764320292	0.0005333977107721424	0.49973303829431825	0.000012444484915083875	3.946064043899588e-7	1.192679063391616
1.7715902142609468	24.156640945924	0.0005311479491930001	0.499734166384926	0.000012874616714028746	4.198933117534543e-7	1.205118250831345
1.786515508211952	23.924647577457034	0.000528984081925832	0.49973525148988596	0.000013312182624176616	4.465455761669605e-7	1.2175574383512433
1.801421490353139	23.69566923368466	0.0005268904998078864	0.4997363014335527	0.00001376025345387818	4.746342896636894e-7	1.2299966259503539
1.8163084750555296	23.469642339582197	0.0005248812067500931	0.49973730921367554	0.000014218695728727782	5.041974690071383e-7	1.242435813628206
1.8311767687753773	23.246405221138616	0.0005229457088723056	0.4997382800780576	0.000014687545105948771	5.352711855652085e-7	1.2548750013843244
1.8460266703250905	23.02581314455515	0.0005210756568010949	0.49973921820197753	0.000015166802817221022	5.678868662854413e-7	1.2673141892182531
1.8608584711323801	22.807755257902944	0.0005192715497090223	0.49974012333591883	0.00001565639933153093	6.02070076651762e-7	1.2797533771295455
1.8756724554882889	22.592082200488314	0.0005175191808515867	0.4997410025837248	0.000016156334187120687	6.378418322297696e-7	1.2921925651177473
1.8904689007847488	22.380061197444565	0.0005158269165828666	0.4997418517473376	0.00001666315228806752	6.751806277254965e-7	1.3046317531824394
1.905248077741593	22.1701596064386	0.000514181715961022	0.49974267736232536	0.00001718003454586458	7.141273747922307e-7	1.3170709413228059
1.9200102506254917	21.962192471020625	0.0005125908709530615	0.499743475783056	0.000017707094239867732	7.546844861540815e-7	1.3295101295384106
1.9347556774585375	21.7560096813748	0.0005110436885397498	0.4997442523559939	0.000018244360372773987	7.968460550196335e-7	1.3419493178288266
1.9494846102186758	21.551515352098022	0.0005095395335061655	0.4997450073979088	0.000018791736875386305	8.405952694467982e-7	1.354388506193621
1.9641972950320048	21.34862498844593	0.0005080774024649879	0.4997457414093833	0.000019349084521233993	8.859041886468824e-7	1.3668276946323386
1.9788939723573484	21.147192133810965	0.0005066601090284342	0.49974645298297293	0.00001991645480847583	9.327350963296254e-7	1.3792668831444954
1.9935748771627628	20.948673015806484	0.0005052700513835925	0.4997471509026958	0.000020489131975655596	9.809875700135146e-7	1.391706071728978
2.0082402390974887	20.751427122127385	0.0005039212436593314	0.49974782817576285	0.00002107141584218501	1.0306417472146037e-6	1.4041452603855176
2.0228902826540804	20.55526309588103	0.0005026008650339775	0.4997484912121133	0.00002166353646560872	1.0816207482232766e-6	1.4165844491134942
2.0375252273260336	20.360200762210255	0.0005013153944026337	0.49974913676937877	0.000022265098358995513	1.1338243286096088e-6	1.4290236379123202
2.0521452877587936	20.166183601555762	0.0005000564135216447	0.49974976905547663	0.000022875905190538292	1.187187827468702e-6	1.441462826781338
2.0667506738951587	19.973546267339987	0.0004992440191163518	0.4997501779984382	0.000023495083080925563	1.2417456865395115e-6	1.4539020157198712
2.081341591114921	19.781572874567342	0.0004980574661210997	0.4997507740009311	0.000024123980808843085	1.2965322442744387e-6	1.4663412047270517
2.095918240369735	19.591568598329015	0.0004968894371656342	0.49975136070409526	0.00002475772490735904	1.3523431701984578e-6	1.4787803938020674
2.110480818312275	19.402383429837176	0.0004957395780187878	0.4997519382871714	0.000025400086333352462	1.4086938717428137e-6	1.4912195829438148
2.1250295174215745	19.21391510338826	0.0004946209788626619	0.49975250020359147	0.00002605116898198277	1.4654159109792121e-6	1.503658772151382
2.13956452612295	19.026238257380204	0.0004935287231155862	0.4997530489087773	0.000026710454347227887	1.522328547451173e-6	1.516097961423824
2.154086028903792	18.839274464277917	0.000492461303047312	0.499753585155351	0.000027377983560001194	1.5792493834819403e-6	1.5285371507601342
2.162792523047469	18.72728073755382	0.0004918343309108991	0.49975390014633125	0.000027782936184924738	1.6134523318825915e-6	1.5360006643973558
2.1772927905793154	18.541504303672486	0.000490406840383168	0.49975461637785856	0.000028462151145752252	1.669908938173596e-6	1.548439853833697
2.191780014218031	18.356856303911083	0.0004893976562569353	0.49975512338829176	0.00002914836439101379	1.725941668045897e-6	1.5608790433310165
2.2062543651706688	18.17288387017916	0.0004884163623113868	0.49975561640787136	0.000029842250153659607	1.781293273003817e-6	1.573318232888151
2.2207160111880553	17.989578271549647	0.0004874570347770577	0.49975609839766316	0.00003054370369818521	1.835773466956189e-6	1.5857574225039426
2.235165116659365	17.806845685798066	0.0004865193553694135	0.4997565695169581	0.00003125299248383736	1.8891969138157274e-6	1.598196612177218
2.2496018427034827	17.625269573079663	0.00048560595916108553	0.4997570284425944	0.000031967704248239566	1.941372654675916e-6	1.6106358019068066
2.264026347257446	17.44522388392568	0.0004847041256900652	0.4997574815315153	0.00003268615922583019	1.9921286099875213e-6	1.6230749916917537
2.2784387851607026	17.266070198426338	0.000483826035187492	0.4997579226992556	0.000033410868760351405	2.041313239582402e-6	1.6355141815305183
2.2928393082382326	17.0876240456025	0.0004829659163493565	0.4997583548334032	0.00003414253948295918	2.0887776252433867e-6	1.6479533714216623
2.3072280653802495	16.91001349225916	0.0004821290376110807	0.4997587752990404	0.00003488066368382918	2.1343809628057562e-6	1.660392561363993
2.321605202618798	16.73344287859027	0.0004812994791628609	0.49975919205512626	0.000035624354794350755	2.178000328518752e-6	1.6728317513563067
2.335970863202091	16.557973856896233	0.0004804872041494348	0.4997596001203155	0.00003637338944031035	2.2195246851133137e-6	1.6852709413973739
2.350325187666446	16.38354272638443	0.0004796949728275278	0.4997599981159814	0.00003712807728265803	2.258857244708244e-6	1.697710131485975
2.364668313905894	16.21127071170763	0.0004789111289841188	0.49976039186204957	0.00003788354224732019	2.295938054124569e-6	1.7101493216209325
2.3790003772391883	16.040249672215737	0.00047814002470519487	0.4997607791913343	0.00003864373631856355	2.3306937884465383e-6	1.7225885118008637
2.3933215104754426	15.870388017284291	0.0004773803693774312	0.49976116075120025	0.000039409145674088537	2.3630719874583067e-6	1.7350277020246083
2.4076318439769886	15.70201614039896	0.00047663048667069384	0.4997615373784489	0.00004017837624433337	2.3930456636905025e-6	1.7474668922910588
2.421931505720335	15.535273719601294	0.000475894103383068	0.4997619072099089	0.00004095087754798806	2.420598882069791e-6	1.7599060825990758
2.436220621355343	15.369942036024996	0.000475151848900078	0.4997622799342954	0.00004172767518692212	2.44572011553315e-6	1.772345272947521
2.4504993142626077	15.206482520540543	0.0004744214319554634	0.499762646694759	0.00004250679819245934	2.4684301100242113e-6	1.784784463335353
2.4647677056087725	15.045828163061742	0.00047369347790014244	0.49976301217267577	0.000043283904453599924	2.4888034852997464e-6	1.797223653761459
2.479025914400224	14.888232949193775	0.00047364444974790554	0.4997630381334193	0.00004406162902775622	2.5067321366298683e-6	1.8096628442245817
2.4932740575355754	14.731417712611664	0.0004729101581087311	0.49976340669664193	0.00004484305880489594	2.5224465659238487e-6	1.8221020347236194
2.507512249856211	14.576572469830172	0.0004722706272517048	0.4997637278105455	0.00004562437741109669	2.53624919675924e-6	1.8345412252576268
2.5217406041942416	14.424123739340505	0.0004715386467095293	0.49976409513637193	0.00004640783971406516	2.5475214128879827e-6	1.8469804158248888
2.535959231422553	14.274195019502335	0.00047080165591668264	0.49976446492562004	0.00004719071168275358	2.5566866058757635e-6	1.8594196064251123
2.5501682404984574	14.126301270351613	0.00047005881920935826	0.49976483760120627	0.00004797541637501969	2.5637654116247845e-6	1.8718587970572729
2.564367738509433	13.981898385269997	0.0004693091521063062	0.4997652136452401	0.0000487546721208203	2.5689684574493896e-6	1.884297987720474
2.5785578307161146	13.840052325120089	0.00046856180002315985	0.49976558849340874	0.000049533072067384587	2.5722813476298348e-6	1.8967371784135667
2.592738620594978	13.70079008453955	0.0004677762934533934	0.4997659823818365	0.000050310314545836735	2.5737947145761555e-6	1.9091763691356147
2.6069102098790484	13.564213977210818	0.00046699647433418853	0.4997663733893759	0.00005108598374938821	2.5735811558784894e-6	1.9216155598856983
2.621072698597637	13.430600298457863	0.00046607263457851516	0.49976683637959385	0.00005186039287639099	2.571664845188194e-6	1.9340547506629124
2.635226185114964	13.299868984402234	0.0004653735343968874	0.4997671869499771	0.000052631608129542076	2.5682932046536925e-6	1.9464939414663893
2.6493707661675776	13.171633302504828	0.0004646123086198948	0.49976756855427457	0.00005340053308989845	2.563380568642119e-6	1.9589331322952284
2.6635065369008726	13.047190382854048	0.00046378219079897226	0.49976798456305893	0.000054161091712565404	2.5572552122629785e-6	1.9713723231485814
2.6776335909042395	12.92490500072169	0.0004628442466390943	0.49976845444792545	0.000054917998044337865	2.5499464918160533e-6	1.9838115140254269
2.6917520202456107	12.806226591391201	0.00046198876444444767	0.4997688830736369	0.00005567150914805231	2.541294336815002e-6	1.9962507049246965
2.7058619155055443	12.690407809216104	0.0004610779819077588	0.49976933931827955	0.00005642107782676787	2.5315135653675448e-6	2.0086898958458392
2.719963365808932	12.57749921716183	0.00046016479108149555	0.4997697967356228	0.00005716635325501216	2.5206647815425397e-6	2.021129086788105
2.734056458856814	12.467545114788939	0.0004592315228412574	0.499770264161011	0.0000579067428510133	2.508833978009122e-6	2.033568277750722
2.7481412809571766	12.360516939447066	0.00045828140698088427	0.49977073998050764	0.000058642110687731725	2.4960859052537797e-6	2.0460074687329324
2.7622179170548793	12.257153957670567	0.00045731082187232784	0.49977122600045787	0.00005936767901405379	2.4826372888338615e-6	2.0584466597340048
2.776286450760603	12.156682011886254	0.00045631960704458626	0.4997717223075057	0.000060087593607683	2.46841316220441e-6	2.070885850753094
2.790346964379475	12.059025126576445	0.0004553156910426715	0.4997722249386463	0.00006080200599396428	2.4534585493876914e-6	2.083325041789516
2.804399538938493	11.96419057831849	0.00045428829403433227	0.4997727392846195	0.00006151045470124028	2.4378433257437645e-6	2.0957642328426234
2.8184442542133223	11.872135157434657	0.00045322324352684837	0.4997732724329804	0.00006221277176794608	2.421625396307673e-6	2.1082034239117786
2.8324811887544312	11.782818689864735	0.00045215443091258585	0.49977380743854366	0.00006290893334474947	2.404841539469834e-6	2.120642614996373
2.846510419912518	11.696827434450073	0.0004510660871474956	0.49977435218683	0.00006359848743357042	2.38755630386922e-6	2.133081806095826
2.8605320238632657	11.61293162988874	0.0004498444738561164	0.49977496354928846	0.00006427770630676398	2.369938910291241e-6	2.1455209972095743
2.8745460756313523	11.532277230910825	0.0004487254217988158	0.4997755236043549	0.0000649494556836444	2.351952582364072e-6	2.1579601883369794
2.888552649114286	11.454206279270018	0.0004475888558669087	0.4997760923966292	0.0000656141001181816	2.3336063779353185e-6	2.170399379477632
2.9025518171048117	11.37863087896611	0.0004464473144992804	0.49977666365807877	0.00006627186520993457	2.3149228074088568e-6	2.182838570630922
2.91654365131362	11.305465506875183	0.0004452694670105005	0.4997772530556208	0.00006692270833980084	2.2959488382831867e-6	2.195277761796399
2.930528222390922	11.23471243496227	0.0004440871035120498	0.49977784469452513	0.00006756631736732858	2.276716897353343e-6	2.2077169529736356
2.944505599947634	11.166267125819132	0.00044289616934639674	0.4997784406035497	0.00006820297892505103	2.257248145521811e-6	2.2201561441622224
2.9584758525760426	11.10063830469487	0.00044169396595299316	0.4997790421287707	0.0000688283747322991	2.237750564136608e-6	2.232595335361788
2.972439047869804	11.037301660601642	0.00044047944303369504	0.4997796497998452	0.00006944584331867678	2.2181185061680306e-6	2.2450345265718763
2.9863952524437916	10.976101110150429	0.0004392526757874582	0.49978026358096145	0.0000700560270329431	2.1983506884232355e-6	2.2574737177921413
3.000344531953176	10.917018958160357	0.00043800867386611236	0.4997808859680354	0.00007065857550890377	2.17848935863007e-6	2.269912909022293
3.008710802589593	10.882213727329987	0.0004372494147005715	0.49978126582696475	0.00007101922742291026	2.1664232155904114e-6	2.2773764237669165
3.0226491362163146	10.82674186668516	0.00043600981005538096	0.4997818859962111	0.00007160719132302626	2.1465551461315896e-6	2.289815615012355
3.0365807111228587	10.77317840769272	0.00043475484465084274	0.4997825138375094	0.00007218775261329135	2.1266421948884745e-6	2.3022548062669244
3.0505055896606885	10.721499434648612	0.00043350114289337875	0.4997831410391355	0.00007276089495050518	2.1067029735562298e-6	2.314693997530414
3.0644238333037164	10.671662080636088	0.00043223388137920933	0.49978377501378857	0.0000733264232192251	2.0867718740855934e-6	2.327133188802635
3.0783355026649732	10.623632092488277	0.00043096169871579035	0.4997844114428388	0.00007388420430811384	2.0668709831995948e-6	2.339572380083415
3.092240657512751	10.577599324803884	0.0004297870646200383	0.4997849990888876	0.00007443410135854398	2.0470114701997257e-6	2.352011571372481
3.106139356786874	10.533035118762701	0.0004284999349071904	0.49978564298178046	0.00007497625865205417	2.0272341486282533e-6	2.3644507626698035
3.1200316586138714	10.490490379152611	0.0004272239973764992	0.49978628127162905	0.00007550758750346907	2.0076763803921506e-6	2.3768899539752977
3.1339176203220918	10.449569532893257	0.00042595615337692055	0.4997869155115893	0.0000760309907009741	1.9882246621960646e-6	2.3893291452887957
3.1477972984566818	10.409439551172058	0.0004245578259167226	0.4997876149908792	0.00007654683922388865	1.9689643503165262e-6	2.4017683366102203
3.1616707487939797	10.371498318256354	0.00042328205314012715	0.4997882531930132	0.00007705530163162621	1.949733874449331e-6	2.4142075279395394
3.175538026355575	10.335019264589373	0.0004220093843191549	0.4997888898426887	0.00007755600547749429	1.930648461081782e-6	2.426646719276726
3.1893991854221024	10.299921317247545	0.00042073806870625416	0.4997895258163508	0.00007804922010868697	1.9117098256105945e-6	2.4390859106217717
3.2032542795467127	10.266151933224736	0.0004194691308683184	0.4997901606026158	0.0000785350798819287	1.8929238787497477e-6	2.451525101974689
3.2171033615682303	10.234093799362029	0.00041821210183765734	0.4997907894320811	0.00007900967514964313	1.8744846608460837e-6	2.463964293335519
3.230946483623866	10.203264720310187	0.00041696270288868595	0.4997914144492917	0.00007947702935806102	1.8562163537260367e-6	2.4764034847042042
3.244783697162037	10.173618207357832	0.00041570938827730186	0.49979204142798145	0.00007993712643183853	1.8381346735154896e-6	2.4888426760808153
3.2586150529545166	10.14556790855279	0.0004144800518831831	0.49979265642460413	0.0000803901848229886	1.820193677521683e-6	2.5012818674654405
3.272440601108531	10.11822276592119	0.00041323664027213597	0.49979327846015564	0.00008083546715412472	1.8025323295325037e-6	2.513721058858262
3.286260391078205	10.092032230599157	0.00041201450383019213	0.4997938898624089	0.00008127300807746944	1.7850940625283376e-6	2.5261602502593044
3.3000744716763233	10.0669020272044	0.00041080286709582227	0.4997944960205128	0.00008170326026392646	1.7678843321001286e-6	2.5385994416686843
3.3138828910854663	10.043098046332291	0.0004095855723772772	0.4997951050098383	0.00008212299932818793	1.7510674278672816e-6	2.5510386330865424
3.327685696868859	10.020284802330922	0.00040840256632317427	0.49979569686117853	0.00008253567687334379	1.7344730248552264e-6	2.5634778245129284
3.341482935981339	9.998362292459918	0.00040720597041964455	0.4997962955153602	0.0000829414114295617	1.7181183391887128e-6	2.575917015948013
3.355274654779732	9.977344773737025	0.00040602562614523876	0.49979688605133465	0.0000833399392097059	1.7020119629659798e-6	2.58835620739198
3.3690608990331152	9.957241451701469	0.0004048613203369807	0.49979746857555407	0.00008373110360550948	1.6861720974433205e-6	2.600795398845022
3.382841713932857	9.938012617655659	0.00040371294274710843	0.4997980431436384	0.00008411501774650289	1.6706002544987781e-6	2.613234590307331
3.3966171441024553	9.919605071725053	0.00040256809299580757	0.4997986159564974	0.00008449181170697223	1.6553008067191731e-6	2.625673781779107
3.410387233607159	9.902253856924668	0.00040144517797716166	0.4997991778063515	0.00008485881926808436	1.6404023539320646e-6	2.638112973260563
3.4241520259632665	9.885649731215583	0.00040033873843652853	0.4997997314277324	0.00008521906503966164	1.625767222060971e-6	2.6505521647518115
3.43791156414757	9.86979417339661	0.0003992549085278998	0.4998002737533261	0.0000855723629885294	1.6114083948942954e-6	2.662991356253082
3.4516658906062587	9.854607255639849	0.000398154070296401	0.4998008245931861	0.000085918814417326	1.5973386119337468e-6	2.675430547764609
3.465415047263735	9.840131219415492	0.00039708476205368656	0.49980135967718314	0.00008625833186474434	1.5835523906179148e-6	2.6878697392866253
3.4791590755312782	9.826338041835767	0.0003961208773951449	0.49980184205038236	0.00008659030065692008	1.5701212276028569e-6	2.7003089308193746
3.4928980163153955	9.813185365352922	0.000395080526455517	0.49980236267465017	0.00008691588285058385	1.5569292721758406e-6	2.712748122363013
3.5066319100262424	9.800846677464	0.0003940614390335283	0.49980287267228596	0.00008723245682054676	1.5441375888314752e-6	2.725187313917726
3.520360796585776	9.78905753484896	0.0003930553435202749	0.4998033761842469	0.00008754268311907497	1.5316255700148346e-6	2.7376265054837643
3.534084715435645	9.77786122530597	0.00039206657459066037	0.4998038710417661	0.0000878459710851712	1.5194244490550784e-6	2.750065697061388
3.547803705544918	9.76719141504708	0.0003910929854352132	0.49980435831902575	0.00008814279600812619	1.5075169991840259e-6	2.762504888650816
3.561517805417788	9.757043848594265	0.00039013961588345655	0.49980483549580795	0.00008843313103096405	1.4959064103897738e-6	2.774944080252292
3.5752270531009986	9.747429478359415	0.0003891997658900203	0.4998053059209014	0.00008871651064825461	1.4846203250169498e-6	2.7873832718660485
3.588931486191147	9.738310493820498	0.0003882762548260889	0.49980576818489647	0.00008899325378031928	1.4736465457347144e-6	2.799822463492285
3.6026311418418975	9.729746047611357	0.0003873682165617953	0.49980622271817515	0.00008926245053250235	1.4630310324480596e-6	2.812261655131208
3.616326056770934	9.721657207665794	0.0003864821502271465	0.49980666627243775	0.00008952492974839879	1.4527366676483599e-6	2.8247008467829575
3.6300162672669574	9.714015635838617	0.00038561280863567027	0.49980710147117213	0.00008978079703276175	1.4427622124117585e-6	2.8371400384477123
3.6437018091963953	9.70678739448947	0.00038476059904260875	0.49980752811075585	0.00009003030630272978	1.4330994931369172e-6	2.8495792301256415
3.6573827180100227	9.699945770749922	0.00038393837705497834	0.4998079397636138	0.00009027384072571923	1.4237303734049425e-6	2.8620184218169156
3.6710590287494638	9.693432336764062	0.00038310788371493347	0.4998083555596466	0.000090511472562551	1.414664822997342e-6	2.874457613521718
3.6847307760535317	9.687331128237236	0.00038230792094677524	0.4998087560943791	0.00009074249397431792	1.4059269714308705e-6	2.8868968052402226
3.698397994164395	9.68168688460444	0.00038152857852590254	0.4998091463198484	0.00009096611026040704	1.3975564087338224e-6	2.8993359969725354
3.7120607169336752	9.676367402439684	0.0003807664346983173	0.4998095279503541	0.00009118375838938384	1.3894924641565505e-6	2.9117751887186762
3.7257189778286324	9.671361308983823	0.00038002159466489857	0.4998099009327501	0.00009139549731414656	1.381734033536137e-6	2.924214380478756
3.739372809937927	9.666654404426808	0.0003792944996357546	0.49981026504582754	0.00009160140847283296	1.374279703564367e-6	2.936653572252868
3.7530222459773936	9.662247789568552	0.00037859766098626837	0.4998106140330371	0.00009180155695852314	1.3671249247874313e-6	2.9490927640410916
3.76666731829569	9.658082943047855	0.0003778917190990252	0.49981096757412735	0.00009199597726034814	1.3602806677419373e-6	2.9615319558434914
3.7803080588798372	9.654197279815707	0.000377215993196577	0.49981130600800566	0.00009218471824314333	1.3537353809860718e-6	2.973971147660111
3.793944499360674	9.650634633278797	0.0003765597832189937	0.49981163468094875	0.00009236698942753772	1.3475256305725824e-6	2.986410339490977
3.807576671018093	9.647335081888276	0.00037593246307606	0.49981194890750635	0.00009254355533710094	1.3416173692325207e-6	2.9988495313360146
3.8212046047864443	9.644248713277952	0.0003753072878073611	0.4998122620610014	0.00009271474863295804	1.3360035951948485e-6	3.011288723195191
3.8348283312596343	9.641361991393893	0.00037469311914987703	0.4998125697094994	0.00009288063712128183	1.3306811121421786e-6	3.023727915068486
3.848447880696136	9.63869222438773	0.0003741047458190456	0.4998128644575641	0.00009304125908685105	1.325643892794164e-6	3.0361671069558533
3.8620632830239394	9.636234797251742	0.0003735494401739515	0.4998131426681396	0.00009319668868290262	1.3208869104466567e-6	3.048606298857226
3.875674567845416	9.633916486849545	0.00037297634193407254	0.4998134297723364	0.00009334716054596588	1.316413278411059e-6	3.0610454907725253
3.889281764442097	9.63185194558483	0.0003724463477195964	0.49981369531651176	0.00009349198423506414	1.3122325007246668e-6	3.0734846827016673
3.902884901779242	9.62996672274341	0.00037192482605984936	0.4998139566180013	0.00009363163843973958	1.3083332348069066e-6	3.085923874644459
3.9164840085105848	9.628224562354164	0.0003714137469799935	0.4998142126926434	0.00009376655211154477	1.3046973181819429e-6	3.098363066600743
3.930079112982825	9.626632214732497	0.00037092242532175496	0.4998144588821651	0.00009389680877855904	1.3013179978233813e-6	3.1108022585703767
3.9436702432400192	9.62516731558275	0.00037044287361794336	0.4998146991798508	0.00009402250362062821	1.2981921399317888e-6	3.1232414505532033
3.9572574270279306	9.62384150712135	0.0003699862473035805	0.4998149280072527	0.00009414371740987781	1.2953106827068184e-6	3.135680642549048
3.970840691798299	9.622631738058784	0.00036953978830644773	0.49981515174280466	0.0000942605021466838	1.2926730326115118e-6	3.1481198345577246
3.984420064713856	9.621569604297285	0.00036910463448694474	0.49981536981499286	0.00009437254012122929	1.290283779798786e-6	3.160559026579789
3.997995572649057	9.620868576377092	0.00036875446891238613	0.4998155453765536	0.00009447990469420004	1.2881553449376435e-6	3.1729982186134347
4.011567242199215	9.61993362355324	0.0003683500516791246	0.4998157480656155	0.00009458359491435047	1.2861698228993966e-6	3.1854374106591616
4.0251350996811786	9.619197148464089	0.0003679648929652882	0.499815941110402	0.00009468310487831667	1.2844421791666444e-6	3.1978766027167578
4.038699171137968	9.61854502877855	0.0003675915952048988	0.49981612821468735	0.00009477876338641112	1.282918396156917e-6	3.210315794785971
4.0522594823426425	9.617973558407778	0.00036723086834007364	0.49981630902299856	0.00009487063601600662	1.2815912797481168e-6	3.222754986866545
4.065816058802071	9.617484594605543	0.0003668824146513208	0.4998164836832942	0.00009495871245184637	1.2804552751999903e-6	3.2351941789582224
4.07936892576059	9.61709952585267	0.00036655157379889713	0.49981664952418337	0.00009504288009074188	1.279504321165674e-6	3.247633371060713
4.09291810820365	9.616802410325016	0.00036623363584811585	0.4998168089006397	0.00009512326850500679	1.2787286200732046e-6	3.260072563173698
4.106463630861287	9.61657169471297	0.00036589842861682115	0.49981697690105437	0.00009520018188910401	1.2781133571014002e-6	3.272511755296749
4.120005518212021	9.616291865804772	0.00036555421580811213	0.49981714938428357	0.00009527343800141463	1.277734825995e-6	3.2849509474296736
4.133543794485908	9.616167790422102	0.0003652585624492817	0.4998172975830552	0.00009534369835031329	1.2774121995179618e-6	3.29739013957217
4.1470784836680705	9.616126478394133	0.00036498903276988015	0.49981743270629087	0.00009541066147136244	1.277226134001015e-6	3.3098293317239396
4.160609609501966	9.616132953934164	0.00036472169300085227	0.4998175667211604	0.00009547439724340947	1.2771717695699916e-6	3.3222685238846443
4.174137195492728	9.61624957056888	0.00036447097457545575	0.4998176924086381	0.00009553450019889246	1.2772385669635577e-6	3.3347077160539578
4.187661264910262	9.616477257212853	0.0003642326557251468	0.49981781187939117	0.00009559098419711219	1.2774116815022668e-6	3.3471469082314678
4.201181840792505	9.616813054647565	0.0003640058894745308	0.4998179255565007	0.00009564391584018499	1.2776805300668247e-6	3.359586100416751
4.214698945948524	9.617327204476688	0.0003637971464221187	0.4998180302003659	0.00009569272779931972	1.2780320251409087e-6	3.372025292609372
4.228212602961483	9.618133234596575	0.0003635958865489294	0.4998181310723263	0.00009573614012459382	1.2784545375129804e-6	3.3844644848087975
4.241722834191497	9.618231262142935	0.00036339177416404	0.4998182334073476	0.00009578467046485542	1.2789310920248783e-6	3.3969036770142607
4.255229661780688	9.615971981120628	0.0003631433112590606	0.49981835806348657	0.00009585480561464423	1.2795500014053832e-6	3.40934286922669
4.268733107657172	9.617423011728368	0.00036298541406336706	0.49981843717973173	0.0000958850389781598	1.280122715955337e-6	3.421782061449714
4.2822331935241005	9.618698870214885	0.0003628389217950006	0.4998185105951814	0.00009591518499929665	1.280717154985673e-6	3.4342212536769265
4.295729940880364	9.619773354349324	0.0003626880085392265	0.49981858622334785	0.0000959452522291468	1.2813351449985734e-6	3.4466604459083765
4.309223371016357	9.62066133765965	0.00036254480626924166	0.4998186579978211	0.00009597522956833147	1.2819762883940956e-6	3.4590996381441133
4.3227135050166865	9.621365271224487	0.0003624096452283299	0.49981872575350433	0.0000960051154153509	1.2826407897373429e-6	3.471538830384184
4.336200363762849	9.621872457690475	0.00036227341885932427	0.4998187940436424	0.00009603490169297012	1.2833334272863552e-6	3.4839780226286385
4.349683967935861	9.622198978616641	0.00036214560528436123	0.4998188581291543	0.00009606458967665186	1.2840509937411836e-6	3.4964172148775208
4.363164338018833	9.622320682683974	0.00036200852068669296	0.499818926852039	0.00009609417131107987	1.2848006770859988e-6	3.508856407130869
4.376641494299537	9.622274655886251	0.00036189142985434703	0.4998189855792876	0.00009612363775710345	1.2855768399262707e-6	3.521295599388728
4.390115456872896	9.622024107915793	0.00036176182825955637	0.499819050563884	0.0000961529946187203	1.2863866983695417e-6	3.5337347916511366
4.4035862456434485	9.621607758308633	0.0003616523795300165	0.4998191054731947	0.00009618222810351331	1.287225257018447e-6	3.546173983918134
4.417053880327773	9.620984299721338	0.000361529563515559	0.49981916706784957	0.000096211337848163	1.2881018174754181e-6	3.558613176189753
4.430518380456885	9.620191890625673	0.00036142295019098766	0.49981922056230166	0.00009624031725372908	1.2890101445930518e-6	3.5710523684660362
4.443979765378564	9.619205065370481	0.00036131168649514844	0.49981927638338247	0.00009626916367696996	1.289956733826224e-6	3.5834915607470155
4.457438054259671	9.618950636461575	0.0003612346880200308	0.4998193150143779	0.000096289621376429	1.2907071346340398e-6	3.5959307530327207
4.470893266086852	9.61927326047738	0.0003611611229243718	0.49981935188001425	0.00009630295773367365	1.2912688612090457e-6	3.608369945321724
4.484345419670571	9.619434020182618	0.0003611041146775456	0.49981938046844093	0.00009631630060260106	1.2918232389070745e-6	3.620809137612807
4.497794533648453	9.619402146235998	0.00036104183870043515	0.49981941169217453	0.00009632964641630082	1.2923772500102035e-6	3.6332483299060065
4.511240626486085	9.619196490076952	0.0003609870191949504	0.4998194391890913	0.00009634299996609844	1.292925745118331e-6	3.6456875222013605
4.524683716479146	9.61882711792252	0.0003609480795134692	0.49981945874729	0.00009635635761677392	1.2934674667247376e-6	3.6581267144989
4.538123821755514	9.61837202766467	0.0003609024942413277	0.4998194816228021	0.00009636873996472905	1.2939761773718723e-6	3.6705659067986574
4.551560960277152	9.618499395745108	0.00036087508612300237	0.49981949536222864	0.00009637433307593894	1.2942448305483046e-6	3.6830050991004954
4.564995149841191	9.618453051554145	0.0003608519940612979	0.49981950694501487	0.00009637996448394896	1.294499669625597e-6	3.69544429140323
4.578426408084389	9.618338782190788	0.00036083395289503736	0.49981951599668245	0.00009638464776967812	1.294706012679521e-6	3.7078834837068984
4.591854752483588	9.618310985819932	0.0003608238763058762	0.49981952105050137	0.00009638701346137501	1.2948143165285699e-6	3.7203226760113575
4.598567837409955	9.618302017673113	0.00036082086743353156	0.49981952255854445	0.00009638755962023534	1.2948394641103818e-6	3.72654227216379
4.601924108997259	9.615550605014178	0.0003608649936577092	0.49981950051832025	0.00009638835839388034	1.2945932833624428e-6	3.7296520702401503