# AVeff	Tgas[K]	H (cm^-3)	H2(cm^-3)	C(cm^-3)	CO(cm^-3)	AV (perpendicular) for comparison
0.	2553.4225548413456	0.9998583461934605	1.0381701630481007e-8	2.1379743323211887e-12	1.2685812145252758e-18	0.
1.564173154444298e-11	2596.15454548461	0.9998571827522302	1.0154921398466312e-8	2.1263611924379453e-12	1.3130833146635642e-18	5.677784305594675e-13
4.5053883732165925e-11	2596.199466810064	0.9998571815339878	1.0154728597954986e-8	2.126349052789953e-12	1.3143339474057665e-18	1.7033351857348607e-12
1.0175818082958409e-10	2596.2049153700973	0.9998571813863982	1.0154700177489325e-8	2.1263475765209254e-12	1.3153482123451111e-18	3.974448696615963e-12
2.11562351723269e-10	2596.2117637285423	0.9998571812008785	1.0154664671102461e-8	2.1263457212297492e-12	1.3163312646586898e-18	8.516675717575915e-12
4.244515916188576e-10	2596.212923555921	0.9998571811694577	1.0154658705515866e-8	2.1263454075879074e-12	1.3173306060981175e-18	1.7601129760171475e-11
8.372289128768415e-10	2596.212163631328	0.999857181190048	1.015466254322714e-8	2.1263456145692125e-12	1.3183762158910524e-18	3.577003784480115e-11
1.6371957583019312e-9	2596.213384363625	0.9998571811569793	1.0154656175438432e-8	2.1263452860795772e-12	1.3194875245585216e-18	7.210785401475746e-11
3.1863576845784043e-9	2596.2131682052172	0.9998571811628274	1.0154657537554394e-8	2.126345349455838e-12	1.320672305329532e-18	1.4478348635403994e-10
6.18353647903408e-9	2596.2130304090024	0.9998571811665641	1.0154658177429125e-8	2.126345395967323e-12	1.3219412527648638e-18	2.9013475103274164e-10
1.1976000164053855e-8	2596.2128599879384	0.9998571811711715	1.0154659383735941e-8	2.1263454608673865e-12	1.323302612658041e-18	5.808372803911894e-10
2.3157534468538652e-8	2596.2128887807803	0.9998571811703836	1.0154659586372326e-8	2.1263454902814994e-12	1.3247646724308466e-18	1.162242339109325e-9
4.471421183104659e-8	2596.2127250098315	0.9998571811748154	1.0154660811329393e-8	2.12634560882986e-12	1.326335101934091e-18	2.3250524565470095e-9
8.621517945069502e-8	2596.2124989279114	0.9998571811809251	1.015466289571542e-8	2.1263458185620207e-12	1.3280222490178977e-18	4.6506726914293175e-9
1.659927403680402e-7	2596.212020211026	0.9998571811938677	1.0154667084755035e-8	2.126346245134807e-12	1.329834413450068e-18	9.301913161222517e-9
3.190995300640642e-7	2596.211070879933	0.9998571812195498	1.0154674945318421e-8	2.126347095711751e-12	1.3317802469104942e-18	1.8604394100927174e-8
6.124169216894357e-7	2596.2091608422634	0.9998571812712247	1.0154690649943807e-8	2.12634879989924e-12	1.3338686583158486e-18	3.720935598080962e-8
1.1732600245380757e-6	2596.205339740212	0.9998571813746209	1.0154721523191067e-8	2.126352208140636e-12	1.3361088785034613e-18	7.441927974246944e-8
2.243364353167616e-6	2596.1976877599877	0.9998571815817222	1.0154782048684923e-8	2.1263590263187287e-12	1.3385104132391347e-18	1.4883912727338672e-7
4.2804135705158655e-6	2596.1823682886074	0.9998571819963996	1.0154901621407403e-8	2.1263726658016368e-12	1.3410829737149919e-18	2.9767882236566393e-7
8.148207532194511e-6	2596.1529513979694	0.9998571827926883	1.0155130967626757e-8	2.1263988546487753e-12	1.3438369157300597e-18	5.953582126722128e-7
0.00001547123665651304	2596.1124430926598	0.9998571838878623	1.0155487052131068e-8	2.126435165187243e-12	1.346791418576845e-18	1.190716993753913e-6
0.000029292352999785378	2596.0087835431846	0.9998571866937976	1.0156298235000835e-8	2.126527482826023e-12	1.3499415740966511e-18	2.381434557201121e-6
0.00005528531466436261	2595.7916174899265	0.9998571925744408	1.0157938715234949e-8	2.1267205545560603e-12	1.3532949405576114e-18	4.7628696907027076e-6
0.00010397481461697288	2595.3766280015384	0.9998572038126925	1.0161075901656603e-8	2.1270895544630495e-12	1.3568613630547487e-18	9.525739985424574e-6
0.00019476821269596542	2594.5691567449667	0.9998572256843655	1.0167132738499841e-8	2.127807538625881e-12	1.3606276426742846e-18	0.000019051480680842597
0.00036320825891285145	2593.1342105603217	0.9998572645554491	1.0178101323233036e-8	2.1290857668274513e-12	1.3646279334667002e-18	0.000038102962484369964
0.0006738761350002688	2590.4859059074697	0.9998573363237565	1.0198502873996477e-8	2.131449462671114e-12	1.3688258228550214e-18	0.00007620592755758999
0.001243052825672612	2585.5258517774287	0.9998574708564796	1.0236789971363757e-8	2.135890380533798e-12	1.373120803469785e-18	0.0001524118631185022
0.002277936269031729	2576.6513668636226	0.9998577119085157	1.0306543279820728e-8	2.143888163423084e-12	1.377521664418901e-18	0.0003048237545450212
0.004143407150019659	2560.774294280354	0.9998581443296634	1.0434066219782482e-8	2.1583590328600717e-12	1.3818843959901584e-18	0.0006096476101517235
0.007473758103246871	2532.626812376623	0.9998589146974444	1.0667405760785893e-8	2.1845308988111604e-12	1.386022939367649e-18	0.0012192955823892842
0.013356667535359667	2483.7656608246275	0.9998602632069278	1.1106853189174819e-8	2.2316088989606704e-12	1.3882524911660186e-18	0.002438592456713366
0.018775031030880497	2439.7841421027383	0.9998614896752585	1.1537462632764941e-8	2.2758867899618495e-12	1.3903293962719944e-18	0.0036823380378516696
0.02382564288534178	2400.1997042700646	0.9998626041697685	1.195110139686913e-8	2.31737057079328e-12	1.3931533595322618e-18	0.004926085147085354
0.02861141901293742	2362.784317276812	0.9998636672599017	1.2361015700672467e-8	2.358063900054438e-12	1.3962250722243875e-18	0.006169833644718481
0.03319167493414949	2328.2249498852593	0.9998646575734695	1.2762224350616848e-8	2.3970296901141312e-12	1.40017774055711e-18	0.007413583466520937
0.03760492085156583	2294.0930529711904	0.999865644018162	1.317116035461064e-8	2.436836552565665e-12	1.4040573530609594e-18	0.008657334521842721
0.04187811474409938	2263.9269421292056	0.9998665223662534	1.3561408466298588e-8	2.4732556096287634e-12	1.409546996408832e-18	0.009901086805703651
0.04603114036966144	2233.917059879983	0.9998674029196045	1.395993483120854e-8	2.5106098100738076e-12	1.4150157019941404e-18	0.01114484018367143
0.05007924131954357	2204.071090288292	0.9998682854380069	1.436830704033769e-8	2.5489316333261523e-12	1.4205680714533029e-18	0.012388594658302601
0.054034455901161016	2176.746684937672	0.999869099026364	1.4766365000624335e-8	2.585152436862696e-12	1.4271841751270558e-18	0.013632350232024226
0.057906517908207646	2151.089858379323	0.9998698680398916	1.5159273737232167e-8	2.6201838412128358e-12	1.4345007576013795e-18	0.014876106819136288
0.06170345083041505	2125.5582867341013	0.9998706385382333	1.5560680173998547e-8	2.656027628974533e-12	1.4419559139196184e-18	0.016119864364116526
0.06543197493872994	2100.155640312904	0.9998714104071195	1.597141525183068e-8	2.692709570966894e-12	1.449597243638501e-18	0.017363622868740717
0.06909779524558309	2074.8838593480364	0.9998721835982292	1.6391839028998792e-8	2.7302567469919123e-12	1.4574647134916783e-18	0.018607382334716538
0.07270581110569135	2051.3227499852383	0.9998729089656248	1.6805773591268664e-8	2.7663017661176476e-12	1.466078140414728e-18	0.019851142763694957
0.07626027207458581	2029.9848853567835	0.9998735695252857	1.7205729264454014e-8	2.7998750975348414e-12	1.4755424259720745e-18	0.021094904096236936
0.07976489652401804	2008.7404877598574	0.999874231135525	1.7613304596956086e-8	2.8341436452518746e-12	1.485196158295486e-18	0.02233866625170949
0.08322296348948942	1987.5931334661857	0.9998748936672767	1.8029529329084058e-8	2.8691269253017587e-12	1.4950670311183463e-18	0.023582429231316
0.08663738427077866	1966.543931985897	0.999875557091406	1.8454668576998264e-8	2.9048455641459323e-12	1.5051776450086917e-18	0.024826193036213407
0.09001075956703239	1945.593934195834	0.9998762213801535	1.8888987272752388e-8	2.9413209705669178e-12	1.515549225841302e-18	0.026069957667524114
0.09334542546971185	1924.7441441347185	0.9998768865067265	1.9332752270528214e-8	2.9785753689463443e-12	1.5262018904225503e-18	0.027313723126337404
0.09664349089069597	1903.995521292454	0.9998775524452754	1.9786231670933027e-8	3.016631836251464e-12	1.5371548509337555e-18	0.028557489413710693
0.09990686832089225	1885.6418106387146	0.9998781443121786	2.0218810149028065e-8	3.0512405629946033e-12	1.5488459008244184e-18	0.02980125653067053
0.10313729909357373	1868.544239462455	0.9998786982518131	2.0642729192399456e-8	3.0842782326305703e-12	1.5609860940903677e-18	0.03104502438515561
0.10633637506815019	1851.5148861689006	0.9998792528194692	2.10741765161552e-8	3.117923753486232e-12	1.5733543225429892e-18	0.032288792929897045
0.10950555658657554	1834.5558244678405	0.9998798079344051	2.1513861923039386e-8	3.1521923126964516e-12	1.5859663541415319e-18	0.0335325621656182
0.11264618757153355	1817.667638323916	0.9998803635796193	2.196198312899974e-8	3.187099894332997e-12	1.5988354566866817e-18	0.03477633209301515
0.11575950851820346	1800.8508980125132	0.9998809197382221	2.2418741643402505e-8	3.22266301458624e-12	1.6119746163636217e-18	0.03602010271276336
0.11884666764540984	1784.1061568954922	0.9998814763935988	2.2884341268909232e-8	3.258898744034196e-12	1.6253965954703711e-18	0.03726387402551805
0.12190873051898263	1767.4339456828336	0.9998820335296857	2.3358985619602215e-8	3.295824731765794e-12	1.6391139784188729e-18	0.03850764603191483
0.12494668839865856	1750.8347883161148	0.9998825911302792	2.384288357692943e-8	3.3334592254181004e-12	1.6531392442342191e-18	0.039751418732569745
0.12796146551200882	1734.309191657145	0.9998831491795094	2.4336245265190467e-8	3.3718210986009414e-12	1.6674847948437048e-18	0.04099519212807953
0.1309539254212948	1717.8576512266493	0.9998837076615967	2.4839283917485527e-8	3.4109298757453053e-12	1.6821630031809529e-18	0.04223896621902189
0.13392487661941715	1701.5071442367382	0.9998842656444891	2.5351732731428718e-8	3.4507420400943266e-12	1.6971861531597102e-18	0.043482741005955554
0.13687507746471256	1688.3654780938068	0.9998847150929483	2.5815636353305364e-8	3.483633882877755e-12	1.7124969968958763e-18	0.044726516488281444
0.13980524024086735	1675.2668842954045	0.9998851650321283	2.6285466328358582e-8	3.517057284064317e-12	1.7280509150314933e-18	0.0459702925311042
0.14271603568141444	1662.2162003376013	0.9998856152433295	2.676316158754321e-8	3.55102291208902e-12	1.7438639412057856e-18	0.0472140691348126
0.145608096109207	1649.2137289146183	0.9998860657160928	2.7248876212991154e-8	3.5855429589752164e-12	1.759945093137092e-18	0.04845784629976162
0.14848201853399784	1636.2597584879047	0.9998865164404017	2.7742763002984103e-8	3.6206299740134717e-12	1.7763033939952876e-18	0.049701624026294036
0.1513383674304538	1623.3545792346042	0.9998869674059395	2.8244979757731424e-8	3.656296871724095e-12	1.7929479173855024e-18	0.05094540231474023
0.15417767723650733	1610.4984691770296	0.9998874186027481	2.8755683631057285e-8	3.692556949246533e-12	1.8098877830608298e-18	0.052189181165418604
0.15700045460609724	1597.6917010772129	0.9998878700209066	2.927503379902887e-8	3.729423898096047e-12	1.8271321844086757e-18	0.053432960578635565
0.1598071804455215	1584.934546678457	0.9998883216503346	2.980319318511176e-8	3.7669118171190064e-12	1.8446904111327674e-18	0.05467674055468548
0.1625983117585674	1572.2272692190556	0.9998887734811515	3.034032529263384e-8	3.8050352298957615e-12	1.8625718518218388e-18	0.055920521093850754
0.16537428332216622	1559.5701281418324	0.9998892255034558	3.0886596096164955e-8	3.8438090988987745e-12	1.880786015699791e-18	0.05716430219640196
0.16813550921143908	1546.963378215579	0.9998896777073714	3.1442173618876494e-8	3.8832488420932715e-12	1.899342544452969e-18	0.05840808386259784
0.170882384190537	1534.407269845395	0.9998901300830334	3.200722800997549e-8	3.9233703499268e-12	1.918251225237402e-18	0.0596518660926853
0.17361528498360204	1521.9020493691512	0.99989058262058	3.258193161884799e-8	3.964190003035464e-12	1.937522002571249e-18	0.06089564888689947
0.17633457143837922	1509.4479589504874	0.9998910353101587	3.316645887890719e-8	4.005724690898662e-12	1.957164988112279e-18	0.06213943224546365
0.17904058759348382	1497.0452370279597	0.999891488141908	3.376098644335931e-8	4.04799183114407e-12	1.9771904692671406e-18	0.0633832161685894
0.18173366265900623	1484.6941181664208	0.999891941105969	3.436569302651143e-8	4.0910093899200675e-12	1.997608912960539e-18	0.06462700065647642
0.18441411191899792	1473.8813666025062	0.9998923384615797	3.4939352456259974e-8	4.1295980655085066e-12	2.017863617333581e-18	0.06587078570931282
0.18708223741513008	1464.4105044591242	0.9998926869510881	3.548365034435059e-8	4.164159028082934e-12	2.0379282691778856e-18	0.06711457125800054
0.18973832888322992	1454.9675942756173	0.9998930356309658	3.603461519432071e-8	4.199207945734202e-12	2.0582793639539285e-18	0.06835835724166672
0.19238266457484687	1445.5551349471004	0.9998933843761897	3.659348365342317e-8	4.234753419678686e-12	2.0789279067407116e-18	0.06960214366042992
0.19501551178304655	1436.1732554919333	0.9998937331811687	3.716037080202664e-8	4.2708052116674024e-12	2.099880401065713e-18	0.07084593051438995
0.19763712745215595	1426.8220898377351	0.9998940820400715	3.773539227162281e-8	4.3073733237290305e-12	2.1211428899359387e-18	0.07208971780363951
0.20024775874386017	1417.5017628557007	0.9998944309476869	3.831865173248147e-8	4.344468004682223e-12	2.1427201337632233e-18	0.07333350552826501
0.20284764356347174	1408.2124001992509	0.9998947798995504	3.891022046017431e-8	4.382099722621452e-12	2.164612290489511e-18	0.07457729368834687
0.2054370110507629	1398.9530908087656	0.9998951297234899	3.947859678921817e-8	4.420241078286903e-12	2.1862455840310307e-18	0.07582108228443428
0.21058506851928102	1380.4906761342875	0.9998958315057941	4.061867414866323e-8	4.498224486075425e-12	2.2300715951016648e-18	0.07830866032892336
0.22076418160680833	1343.940652023728	0.9998972357394704	4.299217304806928e-8	4.661261580083579e-12	2.32102355233848e-18	0.08328381982959447
0.24069467129532987	1272.3724687386803	0.999900039513908	4.838417046746212e-8	5.018847221744587e-12	2.528341344145335e-18	0.09323415246153224
0.264904167825813	1200.4341473223851	0.9999029228174028	5.5488061603477534e-8	5.443822919187884e-12	2.813888779790551e-18	0.10567210292799965
0.2884422716425043	1139.0195598248956	0.9999054408824184	6.31133904756903e-8	5.872561565231428e-12	3.1310387310103763e-18	0.11811008937801368
0.3114009778262617	1079.3798181284817	0.9999079498836061	7.170475655999047e-8	6.360708689916053e-12	3.497752733318572e-18	0.13054810731767605
0.3338526989219323	1021.5767055719036	0.9999104453117901	8.140620946734576e-8	6.920363758802781e-12	3.925684594558626e-18	0.14298615663525896
0.35585571707698743	978.1681366797059	0.9999123344941951	9.119512021302254e-8	7.418577970739352e-12	4.377258029244086e-18	0.15542423718050155
0.3774578020919803	941.1079781771	0.9999139587149656	1.0152581645185428e-7	7.909482295883533e-12	4.8707416856055784e-18	0.167862341446056
0.3986987347859084	904.8981045461902	0.9999155686037455	1.1299381680992284e-7	8.457337504622875e-12	5.436529608092814e-18	0.18030046612716383
0.4196120824465992	869.584408193402	0.9999171513937819	1.262398900730161e-7	9.072712203646861e-12	6.106871514239515e-18	0.19273861097445033
0.4247926877893491	861.2067004559572	0.9999175255368077	1.298775865922722e-7	9.237346023215386e-12	6.2844155990034245e-18	0.19584815244518358
0.4350995114777733	843.8853822567379	0.9999183250601497	1.365834927677819e-7	9.583262324419818e-12	6.650810951535259e-18	0.2020672377246725
0.45550610076131165	809.931797601355	0.9999198959198029	1.5188022883479913e-7	1.0345533294256245e-11	7.50539607433891e-18	0.2145054175527514
0.4756548014572491	784.2146396773898	0.9999210488300705	1.6802154911754475e-7	1.1028619728434039e-11	8.412388086170455e-18	0.226943617020547
0.49556502811151615	764.7263506090355	0.9999218743961164	1.8489162939730228e-7	1.1626352738288871e-11	9.365006506782627e-18	0.23938183115716963
0.5152538803445157	745.5705967655288	0.9999226771613257	2.0378953635291354e-7	1.2281848949285319e-11	1.0457334178641454e-17	0.2518200558931969
0.5347365196411081	726.7930478452918	0.9999234501156876	2.2518613317749686e-7	1.3003458063243667e-11	1.1719071271525948e-17	0.26425829094417486
0.5540264613990981	708.4079383575339	0.9999241877664854	2.496496920515724e-7	1.3801343678958802e-11	1.3187747554479762e-17	0.27669653597426014
0.5731358164440212	690.4326824090118	0.999924882887092	2.779634052470754e-7	1.4687914852791305e-11	1.491246291941079e-17	0.28913479058512265
0.5920754884061313	672.8943943633375	0.9999255201492308	3.116192324419872e-7	1.5679389371214926e-11	1.6981863537668717e-17	0.3015730542346846
0.6033619869771913	662.7614086140724	0.9999258606438933	3.348554293256209e-7	1.6330641639479268e-11	1.839671584100921e-17	0.30903601817570514
0.618324562632978	649.1998241210025	0.9999263021750364	3.696416839750956e-7	1.7277487278509076e-11	2.0541843478283164e-17	0.3189866402076504
0.6368955141857925	633.5930738073774	0.9999267099255911	4.226249903165696e-7	1.8545400344419296e-11	2.3716444670088227e-17	0.3314249230354341
0.6553268092877961	625.8883830799484	0.999926535046049	4.86925925650012e-7	1.9403051694527996e-11	2.6910756989005203e-17	0.3438632115603417
0.6736256395611191	618.4963309316939	0.9999261858384382	5.733473902353841e-7	2.0351775263086138e-11	3.081259477723818e-17	0.3563014987631659
0.6917986155193924	611.6363085618462	0.9999255541185287	6.980943736400465e-7	2.1416287249394568e-11	3.573417221884961e-17	0.3687397825356016
0.7098518229519075	605.5508933682177	0.9999244505421881	8.964521273056128e-7	2.2637033996371342e-11	4.221132590666509e-17	0.3811780596238469
0.7277908782090269	600.5881175140543	0.9999225065553965	1.2562875163961598e-6	2.408057418133337e-11	5.1191854285586103e-17	0.3936163248879278
0.7456209760687109	596.9602321284536	0.9999190179565836	2.015746790350215e-6	2.5843054779958843e-11	6.417275116613462e-17	0.4060545706620848
0.7633469324743891	594.5194191399291	0.9999122809273367	3.93337312598534e-6	2.8043286893440776e-11	8.326383398722005e-17	0.41849278697615366
0.7809732244050651	592.5694153164742	0.9998971750269436	9.594156012406519e-6	3.0772899133491926e-11	1.1074421663645992e-16	0.4309309635694575
0.7985040288632372	589.813058834811	0.9998618507198905	0.000025388585882204064	3.384851110977954e-11	1.456495896470521e-16	0.4433690945941727
0.8159432542274888	586.5007433184973	0.9997900473138956	0.00005957710100446095	3.724123254791241e-11	1.8913564269827326e-16	0.4558071807849976
0.8332945616937965	582.1563838103361	0.9996867544301087	0.00010991970905311512	4.08040309973212e-11	2.397446919266611e-16	0.46824522695017784
0.8505613990476969	575.4874655479607	0.9995780913641145	0.000163981723901286	4.3985925774459146e-11	2.870871865051551e-16	0.48068325034382514
0.867747012292093	567.3653419650122	0.9994722748966043	0.00021737467198600332	4.689443224934029e-11	3.3121649201246703e-16	0.49312127499372993
0.8848544405159962	560.4299759564981	0.9993656340300844	0.0002714094253934287	4.9252023170101805e-11	3.7274132153641166e-16	0.5055593151981951
0.9018865304854169	554.2757113216354	0.9992522699260474	0.0003288731117478643	5.140939434818496e-11	4.1390070675058855e-16	0.5179973743803871
0.9188459630529686	548.5690324918846	0.9991300661793716	0.0003907840621598002	5.3538821673826433e-11	4.56497796224245e-16	0.5304354538262185
0.9199035739476503	548.6942481421539	0.9991201735927553	0.0003957321750832599	5.370041804322907e-11	4.603316380715016e-16	0.5312128346994458
0.9220179763895732	547.9747906701688	0.9991043050320152	0.0004037720403170111	5.3968093925555904e-11	4.65824363822077e-16	0.5327675966419388
0.9222822000770632	547.9430646337546	0.9991020669961171	0.0004048982140740462	5.400523680807968e-11	4.666513930708386e-16	0.5329619419137748
0.922810596466582	547.7632503823423	0.9990980629347888	0.0004069267568370512	5.40726768232687e-11	4.680375191337066e-16	0.5333506324701314
0.9238671855655931	547.4024675327167	0.9990899379326249	0.0004110428546451994	5.4207830462695994e-11	4.708247890322467e-16	0.5341280136356317
0.9259795511122638	546.6831588363737	0.9990736834251023	0.0004192769190839199	5.448071947795245e-11	4.764494288155199e-16	0.5356827761801193
0.9302010479872594	545.2535218804378	0.9990409502981846	0.0004358565493695354	5.503502494315225e-11	4.87901167217797e-16	0.5387923021012319
0.9386312346164298	542.5586326249311	0.9989733632155648	0.0004700694548966747	5.6107219203899534e-11	5.113505810778492e-16	0.545011357359381
0.9554413901562929	537.1934247289399	0.9988222415179144	0.0005465179511326559	5.832415744985148e-11	5.624841914849131e-16	0.557449481605388
0.9721864482078212	532.2594844153278	0.998652439831124	0.0006323167824596671	6.06139817541288e-11	6.194630336631227e-16	0.5698876278517626
0.9888685333925494	527.4601381392933	0.9984629127920397	0.0007280227367302377	6.296182482214792e-11	6.822386942970988e-16	0.5823257969857198
1.00548966177937	522.7882073340807	0.9982511601551147	0.0008348920819985442	6.534061147150045e-11	7.510441239868582e-16	0.5947639902295496
1.0220517482509466	518.1684092722672	0.9980144649314366	0.0009542944512177644	6.776732091897999e-11	8.266838226384876e-16	0.6072022089428689
1.0385566136374658	513.5643166544623	0.9977499018093866	0.001087699837373493	7.023911239892355e-11	9.098702377700591e-16	0.6196404547543887
1.0550059909351563	508.94931594021165	0.9974542483884515	0.0012367249217992878	7.274988052729792e-11	1.0013570285700598e-15	0.6320787294600572
1.0714015310592897	504.30023831274	0.997123941353022	0.0014031552948448247	7.529375275366557e-11	1.1019125825487306e-15	0.6445170349759557
1.0877448080558485	499.59854482345645	0.9967549928363841	0.00158898699527355	7.786524163029325e-11	1.212317477337685e-15	0.6569553732474838
1.0975263170751322	496.90248327846837	0.9965073624357819	0.0017136546636125681	7.94121316804117e-11	1.2848926014211388e-15	0.6644183938253073
1.1137890692729602	491.9495801764829	0.9960704126959307	0.0019336191831923527	8.199095830004315e-11	1.4112269049738092e-15	0.6768567887346815
1.130003325061305	487.08617878422046	0.9955797067355203	0.0021805278774921963	8.459863729271042e-11	1.5509222216591385e-15	0.6892952215414266
1.146170419171355	482.1612325176875	0.9950327919849896	0.002455606092950274	8.722022497013669e-11	1.7036967243231945e-15	0.7017336939822919
1.162291628665032	477.1910699599447	0.9944236819225686	0.0027618356964515924	8.985583390909533e-11	1.8708183781329652e-15	0.7141722075702815
1.1783681761823022	472.205684992522	0.9937459595756419	0.00310240984149236	9.250089746630515e-11	2.053712616102312e-15	0.7266107634955276
1.1944012329465727	467.2457768144669	0.9929927883210934	0.0034807282069799013	9.514649449833591e-11	2.253811207605132e-15	0.7390493625313449
1.2103919215670302	462.3342816997639	0.9921566679385356	0.0039005235114656835	9.782122043785158e-11	2.47337779117259e-15	0.7514880049585183
1.226341318782289	457.5129130139423	0.9912296980608779	0.004365725440534807	1.0053888712658263e-10	2.7142421127304315e-15	0.7639266906053059
1.2422504578708837	452.8279830441765	0.9902035343727743	0.0048804851613232555	1.0331101845740098e-10	2.978049886035813e-15	0.7763654187763421
1.258120331012941	448.3227470001024	0.9890691364826687	0.005449303520424205	1.0615377837713982e-10	3.2666134802742532e-15	0.7888041882788452
1.2739518915037082	444.03302075988535	0.9878176947519475	0.006076567314521149	1.0908416671034192e-10	3.5822487878628255e-15	0.8012429974582547
1.283432821320397	441.7376576946517	0.9870071462740518	0.00648271790468568	1.1088340169203616e-10	3.787695393477137e-15	0.8087063018453325
1.2992049731979205	437.7460991690938	0.9855593798530011	0.00720798955546251	1.139604411690186e-10	4.1477510695714444e-15	0.8211451699753542
1.3149411236359065	434.1617618415359	0.9839567781566687	0.008010579114837919	1.1717683549878026e-10	4.546352494315059e-15	0.8335840717174664
1.3306421025658244	430.870363000273	0.9821988716652842	0.00889071254360295	1.2054275094196358e-10	4.983498521832471e-15	0.8460230044076053
1.3463087097839608	427.8751700208938	0.9802736674032675	0.009854385648132609	1.2406521197390076e-10	5.4629259899097746e-15	0.8584619653154676
1.3619417165405487	425.17375007502886	0.9781685005146504	0.010907933079526779	1.2773967123274364e-10	5.988303688676978e-15	0.870900951731289
1.3775418670074346	422.75024787617025	0.9758699674465497	0.012058061875256836	1.3158135870820295e-10	6.5645540117024366e-15	0.883339961030309
1.3931098796649541	420.5856355974441	0.9733636067683828	0.013312009698470639	1.3561109299691326e-10	7.197632341279323e-15	0.8957789907415338
1.4086464485631882	418.6602461589008	0.970634472759839	0.014677256923869406	1.3983585289442935e-10	7.89359385235079e-15	0.9082180385798083
1.4241522444814716	416.95315375944733	0.9676668235937079	0.016161682462303237	1.442628122572791e-10	8.659311035571488e-15	0.9206571024551695
1.4396279160196401	415.44946294287485	0.9644431060440464	0.017774071164484612	1.489027975100326e-10	9.502223765455103e-15	0.9330961804818672
1.4550740906070938	414.11563828044524	0.9609476054337799	0.019522287786095036	1.5375820340724495e-10	1.0431370806510173e-14	0.9455352709719232
1.4704913754463909	412.93864413238083	0.957162331320529	0.021415334768376856	1.5881386518390243e-10	1.1454835340464328e-14	0.9579743724229579
1.4858803584002473	411.8924062979808	0.9530691958505738	0.023462262702383406	1.6407591240012157e-10	1.2583147961719524e-14	0.970413483504114
1.5012416088409466	410.972398813132	0.9486483658615248	0.025672994703329066	1.695719859408049e-10	1.3829248442814044e-14	0.9828526030524497
1.5165756784289177	410.15481963058494	0.943881224400662	0.028056844499941336	1.7530622239358256e-10	1.5206177670667863e-14	0.9952917300501597
1.5318831018547021	409.4251563158785	0.9387481627431196	0.03062362129267102	1.8129419054921554e-10	1.672921173984381e-14	1.007730863607666
1.5471643975430323	408.7701344582385	0.9332297251859691	0.03338305714891682	1.8754746616834008e-10	1.8414912666883306e-14	1.0201700029492515
1.5624200683211122	408.17627918669467	0.927291683683159	0.03635227013061268	1.9406314253283456e-10	2.028697249083872e-14	1.0326091474007812
1.5776506020673993	407.63061048118647	0.920892599215473	0.039551983254924636	2.0085236586773012e-10	2.2356781591693207e-14	1.0450482963908512
1.5867770541252342	407.44511294520373	0.9168868115242882	0.0415549686574627	2.050385991766385e-10	2.3708348856041867e-14	1.052511787774463
1.6019683476607525	406.3077477953062	0.9098227078557902	0.0450871610544045	2.122979799635142e-10	2.607545087588454e-14	1.0649509429422082
1.6171357067272198	405.8602659033373	0.9022824272662258	0.0488574260880494	2.198450804880791e-10	2.876008131551259e-14	1.0773901014181249
1.6322795700504305	405.4346357616159	0.8942559035960332	0.05287079907835138	2.2771526970881623e-10	3.173366720092357e-14	1.0898292628382467
1.6474003639127615	405.0307241612017	0.8857316937367489	0.057133003174942	2.358803167513954e-10	3.50212618331238e-14	1.1022684268836471
1.6624985026287922	404.6309600019704	0.8766922308399706	0.06165282333234401	2.443829147091267e-10	3.8660623208148e-14	1.1147075932736716
1.677574389001185	404.23484216551844	0.8671297003719846	0.06643416806618532	2.53249557921919e-10	4.268884014446952e-14	1.127146761762407
1.6926284147523005	403.83823995619014	0.8570359103909643	0.0714811344361672	2.6249739724178566e-10	4.7146179248207776e-14	1.1395859321334967
1.7076609609361268	403.4372178730908	0.8464057265453117	0.07679629056314109	2.7214317591212403e-10	5.207600352675561e-14	1.1520251041960003
1.7226723983314254	403.0283376922769	0.8352371499895656	0.08238063669265994	2.8220302622276925e-10	5.75247935170699e-14	1.1644642777810748
1.7376630878168582	402.6086867755523	0.823531523392874	0.08823350220891936	2.9269355238055564e-10	6.354229025784018e-14	1.176903452739134
1.7526333807290149	402.1759566846851	0.8112938034927616	0.09435240934332327	3.0357619572179026e-10	7.017152508379767e-14	1.1893426289374236
1.7675836192034218	401.7278859522196	0.7985327072582734	0.10073300018794475	3.149024570722446e-10	7.747300835601049e-14	1.2017818062572332
1.7825141365026302	401.26318809757896	0.7852606691626067	0.10736905799871968	3.2670498790019045e-10	8.550823991759031e-14	1.2142209845933936
1.7974252573276963	400.7807896256619	0.7714944969225104	0.11425217934301404	3.3900256033243567e-10	9.433979586408426e-14	1.2266601638522923
1.8123172981161815	400.2805436148187	0.757254431645946	0.12137224404144871	3.5181189455048484e-10	1.0403432114191509e-13	1.2390993439503224
1.8271905673273083	399.76216070103993	0.7425654360176933	0.12871677108160254	3.6514778905392086e-10	1.146618527202349e-13	1.2515385248126698
1.8420453657147724	399.22579302115	0.727456401106822	0.13627131522220445	3.7902921199117095e-10	1.262983476659689e-13	1.263977706372281
1.856881986587908	398.6723965906091	0.7119579078534806	0.14402058623804542	3.9341108322245774e-10	1.3900978398800285e-13	1.2764168885690166
1.8717007160612757	398.1026799936403	0.69610678092724	0.15194617203407365	4.083391629614344e-10	1.5288783395374303e-13	1.2888560713485517
1.8865018332944172	397.518844421536	0.6799425111521177	0.16002832740839754	4.2386064064344997e-10	1.6803239296823358e-13	1.301295254661975
1.9012856107216787	396.9225063324256	0.6635057516537399	0.16824672597963697	4.3998807600236284e-10	1.8453887397186665e-13	1.3137344384655711
1.916052314271553	396.3157812255946	0.6468382519879391	0.1765804931328118	4.567393905599405e-10	2.0250959778483878e-13	1.3261736227198564
1.930802203577203	395.7005520348078	0.6299866546200755	0.18500630776125593	4.741350240633258e-10	2.2204997584342919e-13	1.338612807388893
1.9455355321794066	395.0798448335574	0.6129938846927767	0.19350270746052864	4.92196231487476e-10	2.43274171476513e-13	1.3510519924405116
1.9602525477202888	394.4553461782727	0.5959076549957656	0.20204583592200992	5.108692438713147e-10	2.66268301544162e-13	1.3634911778457264
1.974953492128827	393.8301430741572	0.5787730403542531	0.21061315584046442	5.301941258357506e-10	2.9115915930207897e-13	1.3759303635778186
1.9896386018003158	393.2066759163926	0.5616370974709524	0.21918113896195615	5.502270369242692e-10	3.180870434935014e-13	1.3883695496126143
2.0043081077681166	392.58813468374893	0.5445429859413279	0.22772820557160664	5.709936588134743e-10	3.4719404400477114e-13	1.400808735928242
2.018962235868534	391.976985647824	0.5275338984049455	0.23623275942454658	5.925241309578562e-10	3.786322091011243e-13	1.4132479225047958
2.0336012068994314	391.37555182527996	0.5106509631362898	0.24467423645016004	6.148430456811348e-10	4.1256297764317766e-13	1.425687109324144
2.0482252367727076	390.7860129022345	0.49393241838623125	0.253033517581781	6.379619351751808e-10	4.491554405386009e-13	1.4381262963697328
2.0628345366610374	390.20596846077615	0.4773515929269818	0.26132393850763125	6.618543951773796e-10	4.887338073126737e-13	1.4505654836264907
2.0715931323295402	389.89620537713523	0.4672638644864471	0.26636780741083893	6.76633730652348e-10	5.144166838228194e-13	1.4580289960813269
2.0861792920547204	389.32071660120505	0.4514866943804205	0.27425639973333005	7.01707508458888e-10	5.579668662360707e-13	1.4704681836474651
2.1007512496603806	388.78878896461964	0.43563826840497727	0.282180619600452	7.278521837435137e-10	6.057600440266368e-13	1.4829073713903056
2.115309200389344	388.2763738314375	0.42009607065483684	0.2899517249298805	7.549321344806961e-10	6.572165141313616e-13	1.4953465592993063
2.12985333535142	387.78339090450334	0.404881975547651	0.29755877853765855	7.828213875034158e-10	7.125007964555731e-13	1.5077857473642877
2.1443838416423664	387.3112773308852	0.3900144723792244	0.3049925358140282	8.116558391440009e-10	7.719577233503458e-13	1.5202249355756485
2.1589009024586447	386.86042698808564	0.37551020182987394	0.31224467645024884	8.415181554400926e-10	8.359199332972781e-13	1.5326641239246597
2.1734046972077112	386.431201738511	0.36138122075873313	0.31930917204205456	8.724410533325167e-10	9.047150542529028e-13	1.5451033124034779
2.187895401613875	386.0232670509644	0.3476381936437411	0.32618069037384567	9.044540894317209e-10	9.786834681208993e-13	1.5575425010047295
2.2023731878210304	385.63624073579774	0.33428873673755444	0.33285542334077695	9.375918936104955e-10	1.0581918995621204e-12	1.5699816897216443
2.2168382244915015	385.26957051369044	0.3213376923563062	0.33933094980391054	9.71876590527793e-10	1.1436206526640893e-12	1.5824208785479634
2.2312906769014993	384.9219119955983	0.3087887527024219	0.34560542367456165	1.0072044666432805e-9	1.2352629988595694e-12	1.5948600674778912
2.2457307070331143	384.5927913217279	0.29664236685590695	0.3516786204336002	1.0436953692527646e-9	1.3336155834600115e-12	1.6072992565059225
2.2601584736635876	384.2813695838231	0.2848974280050745	0.35755109350579756	1.081464600619676e-9	1.4392020240140824e-12	1.6197384456270558
2.2745741324512476	383.9862486315637	0.27355176803121267	0.3632239269640628	1.1205273063310278e-9	1.552484434554761e-12	1.6321776348367527
2.28897783601841	383.7061244911197	0.2626012641994337	0.3686991821895153	1.1609289845786096e-9	1.6739775913658804e-12	1.644616824130795
2.303369734032412	383.43918962218726	0.25205184657103374	0.37397389422782507	1.2027228275223028e-9	1.804185604628014e-12	1.6570560135059358
2.3177499732821336	383.1845153199222	0.24187544809486275	0.37906209649319195	1.245927609148186e-9	1.9437216331687154e-12	1.6694952029589791
2.332118697751772	382.94034100901376	0.23207503894313242	0.38396230396102055	1.2903394644318555e-9	2.0928935612673882e-12	1.6819343924857022
2.3464760486957137	382.7047392343579	0.2226443426737208	0.38867765487125583	1.3362278936311409e-9	2.2525018845783716e-12	1.6943735820828587
2.3608221647080954	382.47634552962336	0.21357351500423163	0.3932130713746794	1.383648456590423e-9	2.4231975900317343e-12	1.7068127717476498
2.375157181790458	382.2535681721988	0.20485303845608555	0.3975733122189337	1.4326274422171425e-9	2.605617546820883e-12	1.7192519614775124
2.3894812334174205	382.03460708576256	0.1964735500744029	0.4017630588906947	1.483228124325112e-9	2.8004511694246663e-12	1.7316911512700874
2.40379445060031	381.81768754132827	0.18842535504482588	0.4057871588048628	1.5354928725955157e-9	3.008386956301603e-12	1.7441303411232378
2.4180969619487054	381.6012706689481	0.18069823268309268	0.40965072230804306	1.5893583733779963e-9	3.2300209205511526e-12	1.7565695310350173
2.4323888937300295	381.3817134070481	0.17323526051159324	0.41338221065049197	1.6447988477455097e-9	3.4673136477928117e-12	1.7690087210036258
2.4466703699273835	381.16153078849817	0.16611395652975283	0.4169428648273878	1.7018548428637856e-9	3.718300663612527e-12	1.7814479110274677
2.455234287710861	381.04230861539133	0.1619928725620366	0.41900340807431274	1.737085745982401e-9	3.8762430409129304e-12	1.7889114250714742
2.4694992873161445	380.8022418973449	0.1553870971336019	0.4223062979042359	1.7969801194543266e-9	4.15212989832486e-12	1.8013506151800454
2.483754143399037	380.5677309432282	0.14900718210073055	0.42549625747273073	1.8587551122878455e-9	4.446149192526119e-12	1.8137898053401773
2.49799897216987	380.3253094581924	0.1428922134541056	0.42855374380141337	1.9222150882551848e-9	4.757831375505183e-12	1.8262289955506623
2.5122338877981116	380.07318873875283	0.13703183834500662	0.43148393332297874	1.9875371269645038e-9	5.0881066556500405e-12	1.8386681858103908
2.526459002460996	379.81024817321145	0.13141648519787527	0.4342916118273367	2.0546709494544692e-9	5.437628849573802e-12	1.8511073761184513
2.5406744263904315	379.5385582637218	0.12594650545002478	0.43702660300576324	2.1239888240209175e-9	5.8087968699291694e-12	1.8635465664739939
2.5548802679159652	379.2485329646958	0.12079401754530028	0.43960284883005174	2.195196661437317e-9	6.199554297409882e-12	1.8759857568738698
2.569076633503498	378.9431907172484	0.11585863277776604	0.44207054306309046	2.268421090439622e-9	6.6119008313004915e-12	1.8884249473077217
2.5832636278315975	378.62128577427154	0.11113160815990829	0.4444340572012907	2.343679667258447e-9	7.046522302443338e-12	1.9008641377871816
2.59744135379433	378.2838356730973	0.10660471641116086	0.44669750487815424	2.420557980848558e-9	7.503594197591622e-12	1.9133033283117862
2.6116099125554095	377.92749867806083	0.10226966980073851	0.44886502997120326	2.4995306851112773e-9	7.98428406673714e-12	1.925742518880904
2.625769403588089	377.5509676084633	0.09811852869285174	0.4509406023007753	2.580648511985041e-9	8.489240216977375e-12	1.9381817094942
2.639919924713112	377.1532112792676	0.09414325847759024	0.4529282391733188	2.663935016743739e-9	9.019065345659127e-12	1.9506209001513957
2.654061572135831	376.7331373206245	0.09033663222451437	0.4548315540553107	2.7494075760508908e-9	9.574295038390562e-12	1.963060090852252
2.6681944404822784	376.2896503962204	0.08669146720665208	0.45665413831158097	2.8370990565922227e-9	1.0155450370662349e-11	1.9754992815965575
2.68231862283423	375.82161788926413	0.08320069006496528	0.4583995286229538	2.9270619267498917e-9	1.0763040650094708e-11	1.9879384723841316
2.696434210763296	375.33167680501833	0.07985798096397034	0.4600708848974804	3.0187502992290493e-9	1.1396999902909145e-11	2.000377663214826
2.710541294363761	374.8142124865979	0.07662703172103066	0.4616863612405773	3.1127974660179384e-9	1.2063931922950108e-11	2.012816854088269
2.724639962285402	374.27118202264984	0.07356805610929947	0.46321585075888655	3.209111993246477e-9	1.275165279578286e-11	2.025256045004395
2.7330951598658495	373.93507090250677	0.07179717564883807	0.4641012920105011	3.2684593179163668e-9	1.3175154041647811e-11	2.0327195595790646
2.7471805435759498	373.34163649945975	0.06895551308744681	0.46552212500369256	3.3685158309413006e-9	1.3906973017759192e-11	2.0451587505631497
2.761257735556877	372.7262537792563	0.06621594861328058	0.46689190893373433	3.4707039805423827e-9	1.466833894033306e-11	2.0575979415895653
2.7753268195099867	372.0807253661171	0.06359182570373727	0.4682039720759507	3.5753612308822033e-9	1.5458126881333418e-11	2.0700371326580034
2.789387877829194	371.4041252642237	0.061078187507843044	0.46946079285545617	3.68254436035576e-9	1.6276444375133823e-11	2.082476323768337
2.803440991628378	370.69588312576565	0.05867013358489209	0.470664821491532	3.792276669561926e-9	1.7123354580349274e-11	2.09491551492043
2.8174862407682317	369.9552982534697	0.056363107869225784	0.4718183360160562	3.904604403664152e-9	1.7998882137299057e-11	2.107354706114118
2.8315237038824317	369.18133289688814	0.054152701872083736	0.47292354067307935	4.019624359668149e-9	1.89030240225725e-11	2.1197938973492128
2.8455534584031312	368.3751542646583	0.05203474603505032	0.47398252023747517	4.137169305189575e-9	1.983574208266081e-11	2.1322330886255165
2.859575580585655	367.53916615250625	0.05000540955350907	0.47499719010563707	4.256932961729933e-9	2.0797066087683938e-11	2.144672279942724
2.873590145532617	366.6682057039281	0.04806072375807122	0.47596953461922187	4.37956421401437e-9	2.1786998209872122e-11	2.157111471300381
2.887597227217812	365.7623363369376	0.04619686772585805	0.4769014642373335	4.505071923694807e-9	2.280552909225987e-11	2.169550662698205
2.9015968985088945	364.8206754848942	0.04441031059528391	0.4777947443899152	4.63358519971357e-9	2.385262206315203e-11	2.181989854135855
2.9155892311897516	363.8424647356201	0.04269773499600634	0.4786510337610224	4.765227680403514e-9	2.4928248744137002e-11	2.194429045612971
2.929574295982273	362.82766779033705	0.04105594786813948	0.479471928878484	4.9000524089921954e-9	2.6032469339582428e-11	2.206868237129163
2.9435521625675416	361.77651102272233	0.03948181699911252	0.48025899584626397	5.038098879481298e-9	2.7165454166783517e-11	2.219307428683986
2.95752289960652	360.6948075381283	0.03797282715639995	0.4810134922716784	5.178762521568991e-9	2.8327985472634595e-11	2.2317466202769403
2.971486574760021	359.57545230820716	0.036525974849325155	0.4817369199076388	5.322967416422521e-9	2.951981684866305e-11	2.2441858119073035
2.9854432547088408	358.4182383383545	0.0351383793201772	0.48243071913132246	5.4708487034498175e-9	3.074136508636714e-11	2.256625003574537
2.999393005172666	357.2234364465239	0.03380758628331197	0.48309611708344774	5.622492871464258e-9	3.1993192835921454e-11	2.2690641952780553
3.0133358909288015	355.99100925112486	0.03253121855387484	0.483734302354919	5.778036684934775e-9	3.3275979061575576e-11	2.2815033870172434
3.0272719758303768	354.72034132830584	0.031306924143990764	0.48434645093886364	5.937703178189885e-9	3.459049000005889e-11	2.293942578791425
3.0412013228242003	353.4124420618164	0.030132561535313494	0.4849336335920281	6.101539618695969e-9	3.5937891523571754e-11	2.30638177059991
3.0551239939680723	352.07355263524124	0.029006252956204584	0.4854967891937962	6.2690056183108976e-9	3.732044674872809e-11	2.3188209624419507
3.069040050447618	350.6971267324265	0.0279257700002571	0.48603703195256676	6.44105018513479e-9	3.8738581587076565e-11	2.331260154316637
3.082949552593152	349.2830638269635	0.026889134042418487	0.4865553511799097	6.617896211957804e-9	4.0193905894063934e-11	2.3436993462231883
3.0968525598956482	347.8311889790726	0.025894457807150027	0.4870526905128803	6.7997924259758275e-9	4.1688239714512265e-11	2.3561385381607978
3.11074913102251	346.3417106386122	0.0249400144737652	0.48752991336094975	6.986954562086429e-9	4.322369065558204e-11	2.3685777301286435
3.1246393238329535	344.8154397609881	0.02402415678440093	0.4879878433518799	7.179544276528991e-9	4.4802734499166313e-11	2.381016922125882
3.138523195393014	343.2541039318114	0.023145321572598108	0.48842726206745213	7.377624915140969e-9	4.642828293140276e-11	2.3934561141516393
3.1524008019968703	341.6643560141245	0.022302249819414553	0.4888487990131407	7.580669025909704e-9	4.810445534804493e-11	2.4058953062109683
3.166272199160743	340.0395016088188	0.021474330396322613	0.48926275969070326	7.789801252121059e-9	4.982958131449608e-11	2.418334498296541
3.1801374416514907	338.37919932858335	0.0206806283636336	0.4896596116943863	8.005423886319543e-9	5.161599905244825e-11	2.430773690401716
3.193996583511439	336.68294953078066	0.019935370036152377	0.4900322418240984	8.227723273686536e-9	5.345956319006147e-11	2.443212882530565
3.207849678055653	334.95221776562283	0.019223042406320126	0.49038840656856403	8.456945949201962e-9	5.5365775707426304e-11	2.455652074683436
3.2216967778877392	333.1895311911395	0.018539773163134092	0.4907300420827112	8.693136115560201e-9	5.7339536398187844e-11	2.4680912668594233
3.235537934913994	331.39300772050575	0.01788549709847321	0.4910571809725023	8.936884635915432e-9	5.938449028152995e-11	2.48053045905761
3.2493732003559166	329.5740363513563	0.01725425026120364	0.4913728052081233	9.187029936377032e-9	6.150793367784893e-11	2.4929696512771113
3.2632026247622283	327.72344431942525	0.016648267446384726	0.491675797397863	9.445243425282092e-9	6.371256949609061e-11	2.5054088435169244
3.2770262580210825	325.8418829469696	0.016054814140946224	0.49197252479964404	9.711606024777775e-9	6.605636222289895e-11	2.5178480357761908
3.285317678737955	324.6917924453276	0.015704167615132374	0.4921478484985182	9.876494086932516e-9	6.752514916484394e-11	2.525311551142739
3.2991321483124563	322.7647075725135	0.01518426003231583	0.492407802980466	1.0156530354050447e-8	6.985352095010196e-11	2.537750743431407
3.312940953439317	320.81722736535255	0.014661439508642385	0.49266921390042184	1.044428388200043e-8	7.23900913738557e-11	2.5501899357373
3.326744141722817	318.84188474578804	0.014173130986630108	0.4929133688096631	1.0741209640023743e-8	7.502772116909246e-11	2.5626291280597027
3.340541760158059	316.83813261422904	0.013690493079822591	0.49315468835728643	1.1047935073854505e-8	7.777634822489738e-11	2.5750683203979587
3.3543338551409447	314.808447127224	0.013227086260142412	0.4933863923313959	1.1364452129103453e-8	8.063892023367573e-11	2.587507512750992
3.368120472479294	312.7548958947339	0.01278216615895619	0.49360885291697	1.1690873356437512e-8	8.362074031102675e-11	2.5999467051180574
3.381901657402567	310.6781196153897	0.012354969325165095	0.4938224518406098	1.2027521938190017e-8	8.672689870851854e-11	2.612385897498432
3.395677454571693	308.58278827610235	0.011944943971179862	0.49402746499674505	1.2374078528439034e-8	8.996270220035369e-11	2.624825089891406
3.409447908088711	306.4776535083686	0.011551217535227596	0.4942243286652241	1.2729485123208448e-8	9.333350284040613e-11	2.6372642822962833
3.423213061506171	304.35060450901693	0.011173093773890775	0.49441339097172987	1.3096116503614272e-8	9.684310692729261e-11	2.6497034747123602
3.4369729578364008	302.2042356882557	0.01080862271022015	0.4945956269022467	1.3474001163207355e-8	1.0049679695037969e-10	2.6621426671389594
3.450727639560665	300.0396796892579	0.010459893212894224	0.49476999202986727	1.3863359334329011e-8	1.0429839594101501e-10	2.6745818595755453
3.464477148637814	297.85837521598125	0.010124934839454544	0.4949374715732539	1.4264399019310278e-8	1.0825279507783857e-10	2.6870210520215494
3.4782215265129945	295.66309214493714	0.00980320944201952	0.4950983346070375	1.4677060013600693e-8	1.1236429534565884e-10	2.699460244476417
3.491960814126125	293.4572800029913	0.009494203834272711	0.49525283772503387	1.510112185141238e-8	1.1663695481643206e-10	2.71189943693961
3.5056950519201995	291.2518056223817	0.009197440329810522	0.49540121977037865	1.5534878773751615e-8	1.2107442812555356e-10	2.7243386294106076
3.5194242798493938	289.0313050365175	0.008912273508009747	0.4955438034560991	1.5981658525246968e-8	1.256813436581829e-10	2.7367778218888867
3.5331485373871088	286.8011661942427	0.008630285477080758	0.4956847977295038	1.644074829795647e-8	1.3060212440085499e-10	2.749217014374
3.546867863533717	284.56295346825243	0.008371595282779446	0.4958141430655621	1.6912567884575997e-8	1.3548206524127243e-10	2.7616562068655237
3.560582296824081	282.3156532943493	0.008121677464404817	0.495939102197439	1.7397565055154648e-8	1.4055558118026476e-10	2.7740953993629556
3.5742918753354704	280.0651015161235	0.007878650074899626	0.49606061609920565	1.789490685036008e-8	1.4586763076651596e-10	2.7865345918661055
3.5879966366941005	277.81348134713954	0.007649341303817418	0.4961752706856558	1.84044531099984e-8	1.5136100279234427e-10	2.7989737843743776
3.60169661808302	275.56719040846406	0.007424716232349634	0.4962875833968445	1.8925298022467537e-8	1.5704107967924664e-10	2.8114129768874077
3.6153918562488543	273.31903206949903	0.007208819522757711	0.4963955319131535	1.945933173331724e-8	1.6290877820919182e-10	2.823852169404798
3.6290823875088036	271.0724870641398	0.007001292826380809	0.4964992954093012	2.0006136273464168e-8	1.6896564484997123e-10	2.8362913619262025
3.642768247757349	268.8276241702455	0.006801794542778483	0.49659904468603205	2.0566072309937657e-8	1.752133034605382e-10	2.8487305544512838
3.6564494724728918	266.5827379266017	0.006609981285942087	0.49669495143688414	2.1139969632629042e-8	1.8165336620676641e-10	2.861169746979717
3.6701260967242404	264.33796338057056	0.006425530085169547	0.4967871771476016	2.1728235573764584e-8	1.8828697524717604e-10	2.87360893951119
3.6837981551769894	262.1042916279224	0.006248198230733694	0.4968758431731106	2.232838947362375e-8	1.9511350962302635e-10	2.8860481320454032
3.6974656820997396	259.8910221245346	0.006077757078549107	0.49696106383571376	2.2938136769894785e-8	2.0213217503202776e-10	2.898487324582056
3.7111287113702334	257.68208429864575	0.005913839180395975	0.49704302286031093	2.356206773067961e-8	2.0934553162420222e-10	2.910926517120856
3.7247872764813708	255.4814850771326	0.005756194183527544	0.49712184542346616	2.4199441445299936e-8	2.1675314513702898e-10	2.9233657096615278
3.7384414105470802	253.2906008253023	0.005604568086087192	0.49719765852636916	2.485018782098641e-8	2.2435468605042995e-10	2.9358049022038046
3.7520911463080915	251.11042241410522	0.005458719811786957	0.49727058270740615	2.55143300887247e-8	2.321496574452644e-10	2.9482440947474227
3.765736516137603	248.94271821291738	0.005318420124235629	0.4973407325850019	2.619163060871941e-8	2.4013728143026594e-10	2.9606832872921265
3.7793775520468316	246.78974446889626	0.00518345724572586	0.4974082140482322	2.688164309404547e-8	2.4831677342462996e-10	2.973122479837665
3.7930142856904654	244.66460253016814	0.0050536430296459385	0.4974731211707497	2.758029864288579e-8	2.5668762359401737e-10	2.985561672383795
3.8066467483720325	242.5526487108751	0.0049188633885846504	0.4975405109981731	2.8292100432873056e-8	2.659444032819614e-10	2.9980008649303
3.820274971049068	240.46048703442955	0.004809060453887917	0.49759541245968664	2.9016031786246243e-8	2.7395517061788003e-10	3.010440057476924
3.8338989843383207	238.38484490085864	0.00469352320565694	0.4976531810708282	2.9752349940348624e-8	2.828793850125263e-10	3.0228792500234225
3.847518818520837	236.32866132635897	0.004582365872128334	0.4977087597158526	3.050050940914433e-8	2.919850819166611e-10	3.0353184425695927
3.8611345035468463	234.29337794488586	0.004475427607384121	0.49776222881791965	3.1260081131700944e-8	3.0126930974593464e-10	3.047757635115215
3.8747460690406577	232.27825050461504	0.004372550545689848	0.49781366731002974	3.203141364132468e-8	3.1072898822382565e-10	3.060196827660078
3.888353544305424	230.29855553829051	0.004273606182895616	0.4978631394449811	3.2808580155050074e-8	3.203587905939018e-10	3.072636020203971
3.901956958327843	228.34179983608854	0.004178439180147301	0.4979107228919845	3.359623248902746e-8	3.301562335468721e-10	3.085075212746702
3.9155563397827398	226.40897583983246	0.004086871757253346	0.4979565065413317	3.4393928218492526e-8	3.401167266979883e-10	3.0975144052880745
3.9291517170375827	224.50100883019314	0.00399879137995133	0.4980005466603485	3.520120251566917e-8	3.502351311202376e-10	3.109953597827896
3.9427431181569217	222.61873679257857	0.0039140703572558295	0.49804290709473076	3.601757529273969e-8	3.605057954965518e-10	3.1223927903659776
3.9563305709067427	220.76320772897773	0.003832574942921983	0.49808365471783994	3.6842449651229596e-8	3.7092252799828935e-10	3.134831982902139
3.9699141027587355	218.93591931730796	0.003754201361958123	0.4981228414174268	3.767491593417185e-8	3.8147844143673113e-10	3.147271175436201
3.9834937408944993	217.14874319435688	0.003678862392692386	0.49816051080532725	3.850914884252948e-8	3.9216556364865653e-10	3.159710367967993
3.997069512209676	215.39100278242748	0.003606427779407982	0.4981967280089774	3.9349578814309215e-8	4.0297667518517995e-10	3.172149560497366
4.010641443317983	213.66351111257342	0.003536782231791865	0.49823155067379593	4.019543702267272e-8	4.139030877200963e-10	3.1845887530241757
4.0242095605551835	211.96670546766433	0.0034698350026745694	0.49826502417359586	4.10460415797691e-8	4.249354146361199e-10	3.197027945548281
4.037773889982972	210.30087274777378	0.003405496332761317	0.49829719338828027	4.19008093512727e-8	4.360636963072772e-10	3.2094671380695243
4.051334457392848	208.6664406949107	0.0033436647695069097	0.4983281090443024	4.2758811421733154e-8	4.4727707162921716e-10	3.2219063305877653
4.06489128830987	207.0660112303217	0.003284264608725015	0.4983578089941814	4.361796376926621e-8	4.5856411705177213e-10	3.234345523102868
4.078444407996497	205.50380224420044	0.0032272308845099225	0.49838632572077596	4.4473296955448584e-8	4.699109709805329e-10	3.2467847156148313
4.091993841455839	203.99814073448954	0.003172495042625727	0.49841369350824777	4.532573355817835e-8	4.813188354389076e-10	3.2592239081234244
4.1055396134356466	202.51608567493213	0.0031199462022820103	0.498439967787701	4.6176890222933945e-8	4.927566409668957e-10	3.271663100628583
4.119081748431649	201.07098733991435	0.0030695253886192826	0.4984651780507038	4.702476308241588e-8	5.042176260782137e-10	3.2841022931302346
4.132620270691	199.66373152666407	0.0030211581222814986	0.49848936153738044	4.786795942032835e-8	5.156874498977031e-10	3.296541485628303
4.146155204215688	198.29652966089355	0.002974790077062367	0.4985125454114565	4.870420794413158e-8	5.271513177980488e-10	3.3089806781227202
4.159686572765882	196.97022852830858	0.0029303634242060896	0.4985347585878077	4.9531955139148765e-8	5.38593795477464e-10	3.3214198706134375
4.17321439986319	195.7008097905595	0.0028878530762269875	0.49855601361268226	5.0339963844244684e-8	5.500010021573531e-10	3.333859063100415
4.1867387087939525	194.48195348745392	0.0028471890860549353	0.49857634545937707	5.113065209537007e-8	5.613560691204553e-10	3.3462982555836773
4.20025952261232	193.31920714357307	0.0028083231596187923	0.49859577827623996	5.1898911456201485e-8	5.726432139184934e-10	3.358737448063241
4.213776864143414	192.22714622302027	0.002771224863735828	0.49861432728256744	5.263332504732349e-8	5.838481019931032e-10	3.371176640539158
4.2272907559864255	191.2355745639829	0.00273591889092141	0.49863198013727084	5.3311492117933494e-8	5.949596808362649e-10	3.383615833011546
4.24080122051769	190.1767692160471	0.00270201445726145	0.49864893220795037	5.404641015340382e-8	6.059265375841676e-10	3.396055025480652
4.254308279892839	188.48813623227178	0.0026683242576400175	0.49866577705761017	5.523871134725004e-8	6.165952902124555e-10	3.408494217946115
4.267811956047964	187.76417802172054	0.0026378669692621055	0.49868100559745965	5.5764003953715595e-8	6.273072353846869e-10	3.42093341040535
4.2813122707116325	187.03526898643665	0.002609020343566746	0.49869542880251666	5.629865663209591e-8	6.378306153645733e-10	3.4333726028619824
4.294809245396923	186.30135953800863	0.002581510335408121	0.4987091836952789	5.6842923748039763e-8	6.481439419071071e-10	3.4458117953159255
4.308302901408225	185.562410464612	0.002555308242942409	0.4987222846265809	5.739705592927088e-8	6.582251947802156e-10	3.458250987767095
4.321793259843956	184.81838213518614	0.0025303835269367236	0.49873474686594943	5.796131244489686e-8	6.680522581728843e-10	3.4706901802153975
4.33528034159924	184.06923202353033	0.00250669869450338	0.49874658915973713	5.853596209075452e-8	6.776030697400138e-10	3.483129372660742
4.348764167368544	183.31492244591348	0.002484237509568408	0.49875781962587995	5.912128150668466e-8	6.868555786967412e-10	3.4955685651030355
4.356852908491068	182.85982611752127	0.002471173939294659	0.49876435133333963	5.947772136612881e-8	6.922869500760071e-10	3.5030320805664923
4.3703315672338565	182.0971799836765	0.002450697727679251	0.49877458930637003	6.008070941713626e-8	7.010167625597241e-10	3.515471273003699
4.383807022875642	181.32926129034135	0.002431285297849584	0.49878429538435076	6.069513983328985e-8	7.093924889430226e-10	3.5279104654375963
4.397279295409653	180.55603328283618	0.0024130034357870552	0.49879343617416744	6.132132198492976e-8	7.173933591049576e-10	3.540349657868081
4.410748404640031	179.77745366951328	0.0023958301919240073	0.49880202265048557	6.195958131151824e-8	7.249994592958661e-10	3.5527888502950455
4.424214370184227	178.99348012127413	0.0023797466869439707	0.49881006425284	6.261025487606953e-8	7.321917535382729e-10	3.565228042718381
4.437677211475374	178.20406900066897	0.0023647276083568606	0.4988175736373492	6.327369244619058e-8	7.389522930348877e-10	3.5776672351379757
4.451136947764604	177.4407350805233	0.002350810265946415	0.498824532155602	6.392338489269092e-8	7.452779684852048e-10	3.5901064275537125
4.464593598123527	177.0645836116227	0.0023385828423538664	0.49883064579326547	6.424832445981237e-8	7.513141695641168e-10	3.602545619965638
4.478047181448373	176.68677774437992	0.0023274599484199364	0.49883620716454646	6.457639331416578e-8	7.568842339705834e-10	3.614984812375712
4.491497716457982	176.30730442887278	0.0023173213161139885	0.49884127640345866	6.490764141749089e-8	7.619764170039997e-10	3.627424004783896
4.504945221698144	175.92615815460007	0.0023081488200921135	0.498845862572658	6.524211327611999e-8	7.665801534685693e-10	3.639863197190152
4.518389715543754	175.54333569407143	0.002299929944321637	0.49884997193014313	6.557985371042026e-8	7.706846588523333e-10	3.65230238959444
4.53183121620092	175.15954277408272	0.002296646611272211	0.4988516135136388	6.592072722789243e-8	7.719871270155322e-10	3.6647415819967137
4.545269741709024	174.9220002034886	0.0022961620642904645	0.49885185573505414	6.613354188208265e-8	7.718934708518714e-10	3.6771807743969047
4.558705309943725	174.75853295517956	0.0022958340762296507	0.4988520196931345	6.628069856595458e-8	7.718343614163164e-10	3.6896199667957963
4.572137938617636	174.59416237558585	0.0022955241388718265	0.4988521746253414	6.642858971648813e-8	7.717739637036566e-10	3.7020591591937895
4.585567645282283	174.50784626779398	0.002295340985817176	0.49885226618269357	6.650652098597595e-8	7.717507485866153e-10	3.7144983515908705
4.598994447330986	174.46058058683906	0.0022952434966905235	0.4988523149166891	6.654909877044269e-8	7.71745953269739e-10	3.726937543987472
4.60235069602014	174.42435940057672	0.002295187139282044	0.49885234307898557	6.65573195793448e-8	7.717083789654732e-10	3.730047342086497