# NH                 T_gas  H            H2           C            CO
  3.1800e+16    8040.3340   9.7550e-01   7.5702e-05   3.2942e-06   6.2464e-10
  3.2996e+16    8040.3340   9.7550e-01   7.5702e-05   3.2942e-06   6.2467e-10
  3.4237e+16    8040.3330   9.7550e-01   7.5702e-05   3.2942e-06   6.2472e-10
  3.5524e+16    8040.3340   9.7550e-01   7.5702e-05   3.2942e-06   6.2464e-10
  3.6860e+16    8040.3340   9.7550e-01   7.5702e-05   3.2942e-06   6.2470e-10
  3.8246e+16    8040.3330   9.7550e-01   7.5702e-05   3.2942e-06   6.2468e-10
  3.9684e+16    8040.3330   9.7550e-01   7.5702e-05   3.2942e-06   6.2470e-10
  4.1177e+16    8040.3330   9.7550e-01   7.5702e-05   3.2942e-06   6.2469e-10
  4.2725e+16    8040.3330   9.7550e-01   7.5702e-05   3.2942e-06   6.2469e-10
  4.4332e+16    8040.3330   9.7550e-01   7.5702e-05   3.2942e-06   6.2469e-10
  4.5999e+16    8040.3330   9.7550e-01   7.5702e-05   3.2942e-06   6.2464e-10
  4.7729e+16    8040.3330   9.7550e-01   7.5702e-05   3.2942e-06   6.2467e-10
  4.9524e+16    8040.3330   9.7550e-01   7.5702e-05   3.2942e-06   6.2464e-10
  5.1386e+16    8040.3330   9.7550e-01   7.5702e-05   3.2942e-06   6.2470e-10
  5.3318e+16    8040.3330   9.7550e-01   7.5702e-05   3.2942e-06   6.2465e-10
  5.5323e+16    8040.3320   9.7550e-01   7.5702e-05   3.2942e-06   6.2464e-10
  5.7404e+16    8040.3320   9.7550e-01   7.5702e-05   3.2942e-06   6.2464e-10
  5.9562e+16    8040.3320   9.7550e-01   7.5702e-05   3.2942e-06   6.2473e-10
  6.1802e+16    8040.3320   9.7550e-01   7.5702e-05   3.2942e-06   6.2464e-10
  6.4126e+16    8040.3320   9.7550e-01   7.5702e-05   3.2942e-06   6.2467e-10
  6.6538e+16    8040.3320   9.7550e-01   7.5702e-05   3.2942e-06   6.2464e-10
  6.9040e+16    8040.3310   9.7550e-01   7.5702e-05   3.2942e-06   6.2464e-10
  7.1636e+16    8040.3310   9.7550e-01   7.5702e-05   3.2942e-06   6.2464e-10
  7.4330e+16    8040.3310   9.7550e-01   7.5702e-05   3.2942e-06   6.2464e-10
  7.7125e+16    8040.3310   9.7550e-01   7.5702e-05   3.2942e-06   6.2464e-10
  8.0026e+16    8040.3300   9.7550e-01   7.5702e-05   3.2942e-06   6.2468e-10
  8.3035e+16    8040.3300   9.7550e-01   7.5702e-05   3.2942e-06   6.2464e-10
  8.6157e+16    8040.3300   9.7550e-01   7.5702e-05   3.2942e-06   6.2466e-10
  8.9397e+16    8040.3300   9.7550e-01   7.5702e-05   3.2942e-06   6.2464e-10
  9.2759e+16    8040.3300   9.7550e-01   7.5702e-05   3.2942e-06   6.2464e-10
  9.6247e+16    8040.3290   9.7550e-01   7.5702e-05   3.2942e-06   6.2465e-10
  9.9867e+16    8040.3290   9.7550e-01   7.5702e-05   3.2942e-06   6.2464e-10
  1.0362e+17    8040.3290   9.7550e-01   7.5702e-05   3.2942e-06   6.2465e-10
  1.0752e+17    8040.3290   9.7550e-01   7.5702e-05   3.2942e-06   6.2465e-10
  1.1156e+17    8040.3280   9.7550e-01   7.5702e-05   3.2942e-06   6.2467e-10
  1.1576e+17    8040.3280   9.7550e-01   7.5702e-05   3.2942e-06   6.2468e-10
  1.2011e+17    8040.3280   9.7550e-01   7.5702e-05   3.2942e-06   6.2465e-10
  1.2463e+17    8040.3270   9.7550e-01   7.5702e-05   3.2942e-06   6.2465e-10
  1.2931e+17    8040.3270   9.7550e-01   7.5702e-05   3.2942e-06   6.2465e-10
  1.3418e+17    8040.3270   9.7550e-01   7.5702e-05   3.2942e-06   6.2465e-10
  1.3922e+17    8040.3260   9.7550e-01   7.5702e-05   3.2942e-06   6.2465e-10
  1.4446e+17    8040.3260   9.7550e-01   7.5702e-05   3.2942e-06   6.2465e-10
  1.4989e+17    8040.3250   9.7550e-01   7.5702e-05   3.2942e-06   6.2471e-10
  1.5553e+17    8040.3250   9.7550e-01   7.5702e-05   3.2942e-06   6.2465e-10
  1.6138e+17    8040.3240   9.7550e-01   7.5702e-05   3.2942e-06   6.2470e-10
  1.6744e+17    8040.3240   9.7550e-01   7.5702e-05   3.2942e-06   6.2465e-10
  1.7374e+17    8040.3230   9.7550e-01   7.5702e-05   3.2942e-06   6.2465e-10
  1.8027e+17    8040.3230   9.7550e-01   7.5702e-05   3.2942e-06   6.2465e-10
  1.8705e+17    8040.3220   9.7550e-01   7.5703e-05   3.2942e-06   6.2472e-10
  1.9409e+17    8040.3220   9.7550e-01   7.5702e-05   3.2942e-06   6.2465e-10
  2.0139e+17    8040.3220   9.7550e-01   7.5702e-05   3.2942e-06   6.2465e-10
  2.0896e+17    8040.3210   9.7550e-01   7.5702e-05   3.2942e-06   6.2466e-10
  2.1682e+17    8040.3210   9.7550e-01   7.5702e-05   3.2942e-06   6.2465e-10
  2.2497e+17    8040.3200   9.7550e-01   7.5703e-05   3.2942e-06   6.2467e-10
  2.3343e+17    8040.3190   9.7550e-01   7.5703e-05   3.2942e-06   6.2466e-10
  2.4221e+17    8040.3180   9.7550e-01   7.5703e-05   3.2942e-06   6.2468e-10
  2.5132e+17    8040.3180   9.7550e-01   7.5703e-05   3.2942e-06   6.2466e-10
  2.6077e+17    8040.3170   9.7550e-01   7.5703e-05   3.2942e-06   6.2466e-10
  2.7057e+17    8040.3160   9.7550e-01   7.5703e-05   3.2942e-06   6.2466e-10
  2.8075e+17    8040.3150   9.7550e-01   7.5703e-05   3.2942e-06   6.2466e-10
  2.9131e+17    8040.3150   9.7550e-01   7.5703e-05   3.2942e-06   6.2466e-10
  3.0226e+17    8040.3140   9.7550e-01   7.5703e-05   3.2942e-06   6.2469e-10
  3.1363e+17    8040.3130   9.7550e-01   7.5703e-05   3.2942e-06   6.2466e-10
  3.2542e+17    8040.3110   9.7550e-01   7.5703e-05   3.2942e-06   6.2469e-10
  3.3766e+17    8040.3110   9.7550e-01   7.5703e-05   3.2942e-06   6.2467e-10
  3.5036e+17    8040.3110   9.7550e-01   7.5703e-05   3.2942e-06   6.2467e-10
  3.6353e+17    8040.3090   9.7550e-01   7.5703e-05   3.2942e-06   6.2472e-10
  3.7720e+17    8040.3090   9.7550e-01   7.5703e-05   3.2942e-06   6.2467e-10
  3.9139e+17    8040.3070   9.7550e-01   7.5703e-05   3.2942e-06   6.2467e-10
  4.0611e+17    8040.3060   9.7550e-01   7.5703e-05   3.2942e-06   6.2473e-10
  4.2138e+17    8040.3050   9.7550e-01   7.5703e-05   3.2942e-06   6.2468e-10
  4.3722e+17    8040.3040   9.7550e-01   7.5703e-05   3.2942e-06   6.2468e-10
  4.5367e+17    8040.3030   9.7550e-01   7.5703e-05   3.2943e-06   6.2468e-10
  4.7073e+17    8040.3010   9.7550e-01   7.5703e-05   3.2943e-06   6.2468e-10
  4.8843e+17    8040.3000   9.7550e-01   7.5703e-05   3.2943e-06   6.2473e-10
  5.0679e+17    8040.2980   9.7550e-01   7.5703e-05   3.2943e-06   6.2472e-10
  5.2585e+17    8040.2970   9.7550e-01   7.5703e-05   3.2943e-06   6.2471e-10
  5.4563e+17    8040.2960   9.7550e-01   7.5703e-05   3.2943e-06   6.2474e-10
  5.6615e+17    8040.2940   9.7550e-01   7.5704e-05   3.2943e-06   6.2475e-10
  5.8744e+17    8040.2930   9.7550e-01   7.5704e-05   3.2943e-06   6.2472e-10
  6.0953e+17    8040.2900   9.7550e-01   7.5704e-05   3.2943e-06   6.2469e-10
  6.3245e+17    8040.2890   9.7550e-01   7.5704e-05   3.2943e-06   6.2470e-10
  6.5623e+17    8040.2870   9.7550e-01   7.5704e-05   3.2943e-06   6.2470e-10
  6.8091e+17    8040.2850   9.7550e-01   7.5704e-05   3.2943e-06   6.2476e-10
  7.0651e+17    8040.2840   9.7550e-01   7.5704e-05   3.2943e-06   6.2470e-10
  7.3308e+17    8040.2820   9.7550e-01   7.5704e-05   3.2943e-06   6.2475e-10
  7.6065e+17    8040.2800   9.7550e-01   7.5704e-05   3.2943e-06   6.2471e-10
  7.8925e+17    8040.2780   9.7550e-01   7.5704e-05   3.2943e-06   6.2471e-10
  8.1893e+17    8040.2750   9.7550e-01   7.5704e-05   3.2943e-06   6.2474e-10
  8.4973e+17    8040.2730   9.7550e-01   7.5704e-05   3.2943e-06   6.2472e-10
  8.8168e+17    8040.2710   9.7550e-01   7.5704e-05   3.2943e-06   6.2472e-10
  9.1484e+17    8040.2680   9.7550e-01   7.5705e-05   3.2943e-06   6.2483e-10
  9.4924e+17    8040.2660   9.7550e-01   7.5704e-05   3.2943e-06   6.2472e-10
  9.8494e+17    8040.2630   9.7550e-01   7.5705e-05   3.2943e-06   6.2480e-10
  1.0220e+18    8040.2600   9.7550e-01   7.5705e-05   3.2943e-06   6.2473e-10
  1.0604e+18    8040.2570   9.7550e-01   7.5705e-05   3.2943e-06   6.2474e-10
  1.1003e+18    8040.2540   9.7550e-01   7.5705e-05   3.2943e-06   6.2483e-10
  1.1417e+18    8040.2510   9.7550e-01   7.5705e-05   3.2943e-06   6.2481e-10
  1.1846e+18    8040.2480   9.7550e-01   7.5705e-05   3.2944e-06   6.2477e-10
  1.2291e+18    8040.2440   9.7550e-01   7.5705e-05   3.2944e-06   6.2487e-10
  1.2754e+18    8040.2410   9.7550e-01   7.5705e-05   3.2944e-06   6.2476e-10
  1.3233e+18    8040.2370   9.7550e-01   7.5705e-05   3.2944e-06   6.2476e-10
  1.3731e+18    8040.2340   9.7550e-01   7.5706e-05   3.2944e-06   6.2480e-10
  1.4247e+18    8040.2300   9.7550e-01   7.5706e-05   3.2944e-06   6.2477e-10
  1.4783e+18    8040.2260   9.7550e-01   7.5706e-05   3.2944e-06   6.2478e-10
  1.5339e+18    8040.2210   9.7550e-01   7.5706e-05   3.2944e-06   6.2480e-10
  1.5916e+18    8040.2170   9.7550e-01   7.5706e-05   3.2944e-06   6.2479e-10
  1.6514e+18    8040.2130   9.7550e-01   7.5706e-05   3.2944e-06   6.2479e-10
  1.7135e+18    8040.2090   9.7550e-01   7.5706e-05   3.2944e-06   6.2480e-10
  1.7780e+18    8040.2030   9.7550e-01   7.5707e-05   3.2944e-06   6.2481e-10
  1.8448e+18    8040.1980   9.7550e-01   7.5707e-05   3.2944e-06   6.2494e-10
  1.9142e+18    8040.1930   9.7550e-01   7.5707e-05   3.2944e-06   6.2482e-10
  1.9862e+18    8040.1880   9.7550e-01   7.5707e-05   3.2945e-06   6.2485e-10
  2.0609e+18    8040.1820   9.7550e-01   7.5707e-05   3.2945e-06   6.2483e-10
  2.1384e+18    8040.1760   9.7550e-01   7.5708e-05   3.2945e-06   6.2498e-10
  2.2188e+18    8040.1700   9.7550e-01   7.5708e-05   3.2945e-06   6.2485e-10
  2.3022e+18    8040.1640   9.7550e-01   7.5708e-05   3.2945e-06   6.2493e-10
  2.3888e+18    8040.1570   9.7550e-01   7.5708e-05   3.2945e-06   6.2486e-10
  2.4786e+18    8040.1500   9.7550e-01   7.5708e-05   3.2945e-06   6.2487e-10
  2.5718e+18    8040.1440   9.7550e-01   7.5709e-05   3.2945e-06   6.2488e-10
  2.6685e+18    8040.1360   9.7550e-01   7.5709e-05   3.2946e-06   6.2489e-10
  2.7689e+18    8040.1290   9.7550e-01   7.5709e-05   3.2946e-06   6.2495e-10
  2.8730e+18    8040.1210   9.7550e-01   7.5709e-05   3.2946e-06   6.2491e-10
  2.9811e+18    8040.1130   9.7550e-01   7.5710e-05   3.2946e-06   6.2492e-10
  3.0932e+18    8040.1040   9.7550e-01   7.5710e-05   3.2946e-06   6.2499e-10
  3.2095e+18    8040.0960   9.7550e-01   7.5710e-05   3.2946e-06   6.2494e-10
  3.3302e+18    8040.0860   9.7550e-01   7.5711e-05   3.2946e-06   6.2501e-10
  3.4554e+18    8040.0760   9.7550e-01   7.5711e-05   3.2947e-06   6.2513e-10
  3.5853e+18    8040.0670   9.7550e-01   7.5711e-05   3.2947e-06   6.2502e-10
  3.7202e+18    8040.0550   9.7550e-01   7.5712e-05   3.2947e-06   6.2499e-10
  3.8601e+18    8040.0460   9.7550e-01   7.5712e-05   3.2947e-06   6.2507e-10
  4.0052e+18    8040.0350   9.7551e-01   7.5712e-05   3.2947e-06   6.2502e-10
  4.1558e+18    8040.0230   9.7551e-01   7.5713e-05   3.2948e-06   6.2516e-10
  4.3121e+18    8040.0120   9.7551e-01   7.5713e-05   3.2948e-06   6.2505e-10
  4.4743e+18    8039.9990   9.7551e-01   7.5714e-05   3.2948e-06   6.2506e-10
  4.6425e+18    8039.9860   9.7551e-01   7.5714e-05   3.2948e-06   6.2513e-10
  4.8171e+18    8039.9720   9.7551e-01   7.5715e-05   3.2949e-06   6.2535e-10
  4.9983e+18    8039.9580   9.7551e-01   7.5716e-05   3.2949e-06   6.2537e-10
  5.1862e+18    8039.9440   9.7551e-01   7.5716e-05   3.2949e-06   6.2520e-10
  5.3813e+18    8039.9300   9.7551e-01   7.5716e-05   3.2949e-06   6.2515e-10
  5.5836e+18    8039.9150   9.7551e-01   7.5716e-05   3.2950e-06   6.2517e-10
  5.7936e+18    8039.8980   9.7551e-01   7.5717e-05   3.2950e-06   6.2519e-10
  6.0115e+18    8039.8820   9.7551e-01   7.5718e-05   3.2950e-06   6.2521e-10
  6.2375e+18    8039.8640   9.7551e-01   7.5718e-05   3.2950e-06   6.2523e-10
  6.4721e+18    8039.8460   9.7551e-01   7.5719e-05   3.2951e-06   6.2526e-10
  6.7155e+18    8039.8270   9.7551e-01   7.5720e-05   3.2951e-06   6.2528e-10
  6.9680e+18    8039.8070   9.7551e-01   7.5720e-05   3.2951e-06   6.2530e-10
  7.2300e+18    8039.7870   9.7551e-01   7.5721e-05   3.2952e-06   6.2533e-10
  7.5019e+18    8039.7670   9.7551e-01   7.5722e-05   3.2952e-06   6.2536e-10
  7.7840e+18    8039.7450   9.7551e-01   7.5722e-05   3.2953e-06   6.2538e-10
  8.0768e+18    8039.7220   9.7551e-01   7.5723e-05   3.2953e-06   6.2541e-10
  8.3805e+18    8039.6990   9.7551e-01   7.5724e-05   3.2953e-06   6.2544e-10
  8.6956e+18    8039.6740   9.7551e-01   7.5725e-05   3.2954e-06   6.2547e-10
  9.0226e+18    8039.6480   9.7551e-01   7.5726e-05   3.2954e-06   6.2550e-10
  9.3619e+18    8039.6220   9.7551e-01   7.5727e-05   3.2955e-06   6.2554e-10
  9.7140e+18    8039.5950   9.7551e-01   7.5728e-05   3.2955e-06   6.2557e-10
  1.0079e+19    8039.5660   9.7552e-01   7.5729e-05   3.2956e-06   6.2560e-10
  1.0458e+19    8039.5370   9.7552e-01   7.5730e-05   3.2956e-06   6.2568e-10
  1.0852e+19    8039.5050   9.7552e-01   7.5731e-05   3.2957e-06   6.2577e-10
  1.1260e+19    8039.4740   9.7552e-01   7.5732e-05   3.2957e-06   6.2572e-10
  1.1683e+19    8039.4410   9.7552e-01   7.5733e-05   3.2958e-06   6.2576e-10
  1.2122e+19    8039.4060   9.7552e-01   7.5734e-05   3.2958e-06   6.2580e-10
  1.2578e+19    8039.3700   9.7552e-01   7.5735e-05   3.2959e-06   6.2585e-10
  1.3051e+19    8039.3330   9.7552e-01   7.5737e-05   3.2960e-06   6.2589e-10
  1.3542e+19    8039.2940   9.7552e-01   7.5738e-05   3.2960e-06   6.2594e-10
  1.4051e+19    8039.2540   9.7552e-01   7.5739e-05   3.2961e-06   6.2599e-10
  1.4580e+19    8039.2120   9.7552e-01   7.5741e-05   3.2962e-06   6.2604e-10
  1.5128e+19    8039.1690   9.7552e-01   7.5743e-05   3.2963e-06   6.2609e-10
  1.5697e+19    8039.1230   9.7552e-01   7.5744e-05   3.2963e-06   6.2615e-10
  1.6287e+19    8039.0760   9.7553e-01   7.5746e-05   3.2964e-06   6.2621e-10
  1.6900e+19    8039.0270   9.7553e-01   7.5747e-05   3.2965e-06   6.2627e-10
  1.7535e+19    8038.9770   9.7553e-01   7.5749e-05   3.2966e-06   6.2633e-10
  1.8195e+19    8038.9240   9.7553e-01   7.5751e-05   3.2967e-06   6.2639e-10
  1.8879e+19    8038.8690   9.7553e-01   7.5753e-05   3.2968e-06   6.2646e-10
  1.9589e+19    8038.8120   9.7553e-01   7.5755e-05   3.2969e-06   6.2653e-10
  2.0325e+19    8038.7530   9.7553e-01   7.5757e-05   3.2970e-06   6.2660e-10
  2.1090e+19    8038.6920   9.7553e-01   7.5759e-05   3.2971e-06   6.2667e-10
  2.1883e+19    8038.6280   9.7554e-01   7.5761e-05   3.2972e-06   6.2675e-10
  2.2706e+19    8038.5610   9.7554e-01   7.5764e-05   3.2973e-06   6.2683e-10
  2.3560e+19    8038.4920   9.7554e-01   7.5766e-05   3.2974e-06   6.2692e-10
  2.4445e+19    8038.4200   9.7554e-01   7.5769e-05   3.2975e-06   6.2706e-10
  2.5365e+19    8038.3450   9.7554e-01   7.5771e-05   3.2977e-06   6.2710e-10
  2.6319e+19    8038.2670   9.7554e-01   7.5774e-05   3.2978e-06   6.2719e-10
  2.7308e+19    8038.1870   9.7554e-01   7.5777e-05   3.2979e-06   6.2728e-10
  2.8335e+19    8038.1030   9.7555e-01   7.5780e-05   3.2981e-06   6.2739e-10
  2.9401e+19    8038.0160   9.7555e-01   7.5783e-05   3.2982e-06   6.2749e-10
  3.0506e+19    8037.9250   9.7555e-01   7.5786e-05   3.2984e-06   6.2760e-10
  3.1654e+19    8037.8310   9.7555e-01   7.5789e-05   3.2985e-06   6.2771e-10
  3.2844e+19    8037.7330   9.7555e-01   7.5793e-05   3.2987e-06   6.2783e-10
  3.4079e+19    8037.6310   9.7556e-01   7.5797e-05   3.2988e-06   6.2795e-10
  3.5361e+19    8037.5250   9.7556e-01   7.5800e-05   3.2990e-06   6.2808e-10
  3.6690e+19    8037.4150   9.7556e-01   7.5804e-05   3.2992e-06   6.2821e-10
  3.8070e+19    8037.3010   9.7556e-01   7.5808e-05   3.2994e-06   6.2835e-10
  3.9502e+19    8037.1820   9.7556e-01   7.5812e-05   3.2996e-06   6.2849e-10
  4.0987e+19    8037.0580   9.7557e-01   7.5817e-05   3.2998e-06   6.2864e-10
  4.2528e+19    8036.9300   9.7557e-01   7.5821e-05   3.3000e-06   6.2879e-10
  4.4128e+19    8036.7960   9.7557e-01   7.5826e-05   3.3002e-06   6.2898e-10
  4.5787e+19    8036.6580   9.7557e-01   7.5831e-05   3.3005e-06   6.2912e-10
  4.7509e+19    8036.5140   9.7558e-01   7.5836e-05   3.3007e-06   6.2928e-10
  4.9296e+19    8036.3630   9.7558e-01   7.5841e-05   3.3009e-06   6.2946e-10
  5.1149e+19    8036.2080   9.7558e-01   7.5847e-05   3.3012e-06   6.2964e-10
  5.3073e+19    8036.0460   9.7559e-01   7.5853e-05   3.3015e-06   6.2984e-10
  5.5069e+19    8035.8780   9.7559e-01   7.5859e-05   3.3017e-06   6.3003e-10
  5.7139e+19    8035.7030   9.7559e-01   7.5865e-05   3.3020e-06   6.3024e-10
  5.9288e+19    8035.5210   9.7560e-01   7.5871e-05   3.3023e-06   6.3046e-10
  6.1518e+19    8035.3320   9.7560e-01   7.5878e-05   3.3026e-06   6.3070e-10
  6.3831e+19    8035.1360   9.7560e-01   7.5885e-05   3.3029e-06   6.3091e-10
  6.6231e+19    8034.9320   9.7561e-01   7.5892e-05   3.3033e-06   6.3115e-10
  6.8722e+19    8034.7190   9.7561e-01   7.5900e-05   3.3036e-06   6.3140e-10
  7.1306e+19    8034.4990   9.7562e-01   7.5908e-05   3.3040e-06   6.3166e-10
  7.3988e+19    8034.2690   9.7562e-01   7.5916e-05   3.3043e-06   6.3195e-10
  7.6770e+19    8034.0320   9.7563e-01   7.5924e-05   3.3047e-06   6.3221e-10
  7.9657e+19    8033.7840   9.7563e-01   7.5933e-05   3.3051e-06   6.3250e-10
  8.2653e+19    8033.5270   9.7564e-01   7.5942e-05   3.3055e-06   6.3280e-10
  8.5761e+19    8033.2600   9.7564e-01   7.5952e-05   3.3059e-06   6.3317e-10
  8.8986e+19    8032.9810   9.7565e-01   7.5962e-05   3.3064e-06   6.3363e-10
  9.2332e+19    8032.6940   9.7565e-01   7.5972e-05   3.3068e-06   6.3377e-10
  9.5804e+19    8032.3950   9.7566e-01   7.5983e-05   3.3073e-06   6.3413e-10
  9.9407e+19    8032.0830   9.7566e-01   7.5994e-05   3.3078e-06   6.3449e-10
  1.0315e+20    8031.7590   9.7567e-01   7.6006e-05   3.3083e-06   6.3486e-10
  1.0702e+20    8031.4230   9.7568e-01   7.6018e-05   3.3089e-06   6.3526e-10
  1.1105e+20    8031.0740   9.7568e-01   7.6029e-05   3.3094e-06   6.3566e-10
  1.1522e+20    8030.7110   9.7569e-01   7.6043e-05   3.3100e-06   6.3609e-10
  1.1956e+20    8030.3330   9.7570e-01   7.6057e-05   3.3106e-06   6.3653e-10
  1.2405e+20    8029.9420   9.7571e-01   7.6071e-05   3.3112e-06   6.3698e-10
  1.2872e+20    8029.5350   9.7571e-01   7.6085e-05   3.3118e-06   6.3746e-10
  1.3356e+20    8029.1110   9.7572e-01   7.6101e-05   3.3125e-06   6.3795e-10
  1.3858e+20    8028.6720   9.7573e-01   7.6116e-05   3.3132e-06   6.3846e-10
  1.4379e+20    8028.2150   9.7574e-01   7.6133e-05   3.3139e-06   6.3899e-10
  1.4920e+20    8027.7410   9.7575e-01   7.6150e-05   3.3147e-06   6.3955e-10
  1.5481e+20    8027.2480   9.7576e-01   7.6168e-05   3.3154e-06   6.4012e-10
  1.6063e+20    8026.7350   9.7577e-01   7.6186e-05   3.3162e-06   6.4072e-10
  1.6667e+20    8026.2030   9.7578e-01   7.6205e-05   3.3171e-06   6.4133e-10
  1.7294e+20    8025.6500   9.7579e-01   7.6225e-05   3.3179e-06   6.4198e-10
  1.7944e+20    8025.0760   9.7580e-01   7.6246e-05   3.3188e-06   6.4265e-10
  1.8619e+20    8024.4790   9.7581e-01   7.6268e-05   3.3198e-06   6.4334e-10
  1.9319e+20    8023.8580   9.7582e-01   7.6290e-05   3.3207e-06   6.4406e-10
  2.0046e+20    8023.2150   9.7583e-01   7.6312e-05   3.3217e-06   6.4482e-10
  2.0800e+20    8022.5440   9.7584e-01   7.6338e-05   3.3228e-06   6.4559e-10
  2.1582e+20    8021.8490   9.7586e-01   7.6363e-05   3.3239e-06   6.4640e-10
  2.2394e+20    8021.1260   9.7587e-01   7.6389e-05   3.3250e-06   6.4724e-10
  2.3236e+20    8020.3740   9.7588e-01   7.6416e-05   3.3261e-06   6.4811e-10
  2.4109e+20    8019.5940   9.7590e-01   7.6445e-05   3.3274e-06   6.4902e-10
  2.5016e+20    8018.7830   9.7591e-01   7.6474e-05   3.3286e-06   6.4996e-10
  2.5957e+20    8017.9400   9.7593e-01   7.6505e-05   3.3299e-06   6.5094e-10
  2.6933e+20    8017.0650   9.7594e-01   7.6537e-05   3.3313e-06   6.5196e-10
  2.7946e+20    8016.1540   9.7596e-01   7.6570e-05   3.3327e-06   6.5302e-10
  2.8997e+20    8015.2080   9.7598e-01   7.6604e-05   3.3341e-06   6.5412e-10
  3.0087e+20    8014.2250   9.7600e-01   7.6640e-05   3.3356e-06   6.5527e-10
  3.1218e+20    8013.2040   9.7601e-01   7.6677e-05   3.3372e-06   6.5646e-10
  3.2392e+20    8012.1420   9.7603e-01   7.6716e-05   3.3388e-06   6.5770e-10
  3.3611e+20    8011.0390   9.7605e-01   7.6756e-05   3.3405e-06   6.5898e-10
  3.4874e+20    8009.8920   9.7607e-01   7.6799e-05   3.3423e-06   6.6032e-10
  3.6186e+20    8008.7000   9.7609e-01   7.6842e-05   3.3441e-06   6.6172e-10
  3.7547e+20    8007.4610   9.7612e-01   7.6888e-05   3.3460e-06   6.6316e-10
  3.8959e+20    8006.1730   9.7614e-01   7.6935e-05   3.3479e-06   6.6467e-10
  4.0424e+20    8004.8340   9.7616e-01   7.6984e-05   3.3500e-06   6.6624e-10
  4.1944e+20    8003.4420   9.7619e-01   7.7036e-05   3.3521e-06   6.6787e-10
  4.3521e+20    8001.9960   9.7621e-01   7.7089e-05   3.3543e-06   6.6956e-10
  4.5158e+20    8000.4910   9.7624e-01   7.7145e-05   3.3565e-06   6.7133e-10
  4.6856e+20    7998.9280   9.7627e-01   7.7201e-05   3.3589e-06   6.7319e-10
  4.8618e+20    7997.3030   9.7630e-01   7.7260e-05   3.3614e-06   6.7512e-10
  5.0446e+20    7995.6110   9.7632e-01   7.7325e-05   3.3639e-06   6.7706e-10
  5.2343e+20    7993.8530   9.7635e-01   7.7391e-05   3.3666e-06   6.7913e-10
  5.4312e+20    7992.0260   9.7639e-01   7.7457e-05   3.3693e-06   6.8129e-10
  5.6354e+20    7990.1230   9.7642e-01   7.7529e-05   3.3722e-06   6.8353e-10
  5.8473e+20    7988.1460   9.7645e-01   7.7603e-05   3.3751e-06   6.8586e-10
  6.0672e+20    7986.0890   9.7649e-01   7.7680e-05   3.3782e-06   6.8830e-10
  6.2954e+20    7983.9500   9.7652e-01   7.7760e-05   3.3814e-06   6.9083e-10
  6.5321e+20    7981.7250   9.7656e-01   7.7844e-05   3.3847e-06   6.9347e-10
  6.7777e+20    7979.4100   9.7660e-01   7.7931e-05   3.3881e-06   6.9622e-10
  7.0326e+20    7977.0010   9.7664e-01   7.8021e-05   3.3917e-06   6.9909e-10
  7.2971e+20    7974.4960   9.7668e-01   7.8116e-05   3.3954e-06   7.0207e-10
  7.5715e+20    7971.8890   9.7672e-01   7.8215e-05   3.3993e-06   7.0519e-10
  7.8562e+20    7969.1750   9.7677e-01   7.8317e-05   3.4033e-06   7.0843e-10
  8.1516e+20    7966.3510   9.7681e-01   7.8425e-05   3.4074e-06   7.1182e-10
  8.4582e+20    7963.4130   9.7686e-01   7.8537e-05   3.4117e-06   7.1535e-10
  8.7762e+20    7960.3530   9.7691e-01   7.8653e-05   3.4162e-06   7.1903e-10
  9.1063e+20    7957.1690   9.7696e-01   7.8775e-05   3.4209e-06   7.2287e-10
  9.4487e+20    7953.8540   9.7702e-01   7.8901e-05   3.4257e-06   7.2687e-10
  9.8040e+20    7950.4010   9.7707e-01   7.9035e-05   3.4307e-06   7.3107e-10
  1.0173e+21    7946.8610   9.7713e-01   7.9171e-05   3.3951e-06   7.3562e-10
  1.0555e+21    7943.1180   9.7718e-01   7.9316e-05   3.4008e-06   7.4019e-10
  1.0952e+21    7939.2180   9.7724e-01   7.9468e-05   3.4068e-06   7.4495e-10
  1.1364e+21    7935.1540   9.7731e-01   7.9626e-05   3.4129e-06   7.4993e-10
  1.1791e+21    7930.9200   9.7737e-01   7.9791e-05   3.4193e-06   7.5514e-10
  1.2235e+21    7926.5090   9.7744e-01   7.9965e-05   3.4260e-06   7.6058e-10
  1.2695e+21    7921.9110   9.7751e-01   8.0146e-05   3.4329e-06   7.6627e-10
  1.3172e+21    7917.1180   9.7758e-01   8.0335e-05   3.4401e-06   7.7222e-10
  1.3668e+21    7912.1240   9.7765e-01   8.0531e-05   3.4476e-06   7.7842e-10
  1.4182e+21    7906.9110   9.7773e-01   8.0741e-05   3.4554e-06   7.8497e-10
  1.4715e+21    7901.4780   9.7781e-01   8.0958e-05   3.4634e-06   7.9179e-10
  1.5268e+21    7895.8060   9.7789e-01   8.1186e-05   3.4718e-06   7.9895e-10
  1.5842e+21    7889.8890   9.7797e-01   8.1425e-05   3.4806e-06   8.0644e-10
  1.6438e+21    7883.7140   9.7806e-01   8.1676e-05   3.4896e-06   8.1430e-10
  1.7056e+21    7877.2670   9.7814e-01   8.1939e-05   3.4991e-06   8.2254e-10
  1.7698e+21    7870.5340   9.7824e-01   8.2215e-05   3.5089e-06   8.3118e-10
  1.8363e+21    7863.5010   9.7833e-01   8.2506e-05   3.5191e-06   8.4026e-10
  1.9054e+21    7856.1510   9.7843e-01   8.2811e-05   3.5297e-06   8.4980e-10
  1.9770e+21    7848.4700   9.7853e-01   8.3131e-05   3.5407e-06   8.5982e-10
  2.0514e+21    7840.4370   9.7863e-01   8.3469e-05   3.5522e-06   8.7036e-10
  2.1285e+21    7832.0330   9.7874e-01   8.3825e-05   3.5642e-06   8.8145e-10
  2.2086e+21    7823.2380   9.7885e-01   8.4199e-05   3.5766e-06   8.9313e-10
  2.2916e+21    7814.0310   9.7896e-01   8.4594e-05   3.5896e-06   9.0543e-10
  2.3778e+21    7804.3850   9.7908e-01   8.5012e-05   3.6031e-06   9.1840e-10
  2.4672e+21    7794.2760   9.7920e-01   8.5452e-05   3.6171e-06   9.3209e-10
  2.5600e+21    7783.6750   9.7932e-01   8.5919e-05   3.6317e-06   9.4655e-10
  2.6563e+21    7772.5500   9.7945e-01   8.6412e-05   3.6470e-06   9.6183e-10
  2.7562e+21    7760.8700   9.7958e-01   8.6936e-05   3.6628e-06   9.7799e-10
  2.8598e+21    7748.5960   9.7972e-01   8.7491e-05   3.6794e-06   9.9512e-10
  2.9673e+21    7735.6890   9.7985e-01   8.8081e-05   3.6966e-06   1.0133e-09
  3.0789e+21    7722.1020   9.8000e-01   8.8708e-05   3.7146e-06   1.0325e-09
  3.1947e+21    7707.7900   9.8014e-01   8.9377e-05   3.7334e-06   1.0530e-09
  3.3148e+21    7692.6960   9.8029e-01   9.0091e-05   3.7530e-06   1.0748e-09
  3.4395e+21    7676.7570   9.8045e-01   9.0855e-05   3.7735e-06   1.0980e-09
  3.5688e+21    7659.9100   9.8060e-01   9.1673e-05   3.7948e-06   1.1228e-09
  3.7030e+21    7642.0710   9.8077e-01   9.2552e-05   3.8172e-06   1.1494e-09
  3.8423e+21    7623.1600   9.8093e-01   9.3497e-05   3.8405e-06   1.1778e-09
  3.9868e+21    7603.0700   9.8111e-01   9.4518e-05   3.8650e-06   1.2083e-09
  4.1367e+21    7581.6920   9.8128e-01   9.5622e-05   3.8906e-06   1.2412e-09
  4.2923e+21    7558.8920   9.8146e-01   9.6822e-05   3.9175e-06   1.2767e-09
  4.4537e+21    7534.5160   9.8165e-01   9.8128e-05   3.9457e-06   1.3150e-09
  4.6212e+21    7508.3790   9.8183e-01   9.9558e-05   3.9754e-06   1.3568e-09
  4.7949e+21    7480.2650   9.8203e-01   1.0113e-04   4.0066e-06   1.4022e-09
  4.9753e+21    7449.9100   9.8223e-01   1.0287e-04   4.0396e-06   1.4520e-09
  5.1624e+21    7416.9930   9.8243e-01   1.0480e-04   4.0744e-06   1.5069e-09
  5.3565e+21    7381.1220   9.8264e-01   1.0696e-04   4.1113e-06   1.5676e-09
  5.5579e+21    7341.7590   9.8286e-01   1.0940e-04   4.1506e-06   1.6353e-09
  5.7669e+21    7298.2730   9.8308e-01   1.1218e-04   4.1926e-06   1.7115e-09
  5.9838e+21    7249.7720   9.8330e-01   1.1539e-04   4.2378e-06   1.7981e-09
  6.2088e+21    7195.0390   9.8354e-01   1.1915e-04   4.2867e-06   1.8979e-09
  6.4423e+21    7132.3210   9.8378e-01   1.2364e-04   4.3402e-06   2.0149e-09
  6.6846e+21    7058.9390   9.8403e-01   1.2914e-04   4.3997e-06   2.1552e-09
  6.9359e+21    6970.5020   9.8430e-01   1.3612e-04   4.4674e-06   2.3291e-09
  7.1968e+21    6860.9470   9.8458e-01   1.4530e-04   4.5464e-06   2.5523e-09
  7.4674e+21    6714.4180   9.8489e-01   1.5845e-04   4.6447e-06   2.8628e-09
  7.7482e+21    6485.4850   9.8526e-01   1.8077e-04   4.7856e-06   3.3702e-09
  8.0396e+21    6049.8180   9.8579e-01   2.2664e-04   5.0341e-06   4.3880e-09
  8.3419e+21    5616.1700   9.8632e-01   2.6988e-04   5.2854e-06   5.4204e-09
  8.6556e+21    5345.4890   9.8674e-01   2.9184e-04   5.4537e-06   6.0547e-09
  8.9811e+21    5141.5320   9.8711e-01   3.0481e-04   5.5887e-06   6.5248e-09
  9.3188e+21    4970.0160   9.8745e-01   3.1321e-04   5.7085e-06   6.9165e-09
  9.6693e+21    4817.2450   9.8778e-01   3.1886e-04   5.8206e-06   7.2649e-09
  1.0033e+22    4676.4280   9.8810e-01   3.2267e-04   5.9289e-06   7.5883e-09
  1.0410e+22    4543.6960   9.8841e-01   3.2521e-04   6.0358e-06   7.8976e-09
  1.0802e+22    4416.6430   9.8872e-01   3.2682e-04   6.1428e-06   8.2004e-09
  1.1208e+22    4293.6680   9.8902e-01   3.2779e-04   6.2511e-06   8.5025e-09
  1.1629e+22    4173.6840   9.8932e-01   3.2828e-04   6.3617e-06   8.8086e-09
  1.2067e+22    4055.9250   9.8962e-01   3.2847e-04   6.4753e-06   9.1230e-09
  1.2520e+22    3926.4960   9.8992e-01   3.3120e-04   6.6060e-06   9.5329e-09
  1.2991e+22    3812.1060   9.9021e-01   3.3118e-04   6.7282e-06   9.8804e-09
  1.3480e+22    3698.7870   9.9050e-01   3.3119e-04   6.8555e-06   1.0249e-08
  1.3987e+22    3586.4250   9.9078e-01   3.3130e-04   6.9883e-06   1.0641e-08
  1.4513e+22    2494.0300   9.9117e-01   8.1289e-04   8.4841e-06   7.6451e-09
  1.5058e+22    2346.9360   9.9129e-01   9.1236e-04   8.6915e-06   7.6887e-09
  1.5625e+22    2216.2440   9.9138e-01   1.0229e-03   8.8990e-06   7.7203e-09
  1.6212e+22    2100.6130   9.9142e-01   1.1434e-03   9.1049e-06   7.7430e-09
  1.6822e+22    1998.2750   9.9142e-01   1.2730e-03   9.3084e-06   7.7565e-09
  1.7454e+22    1906.8220   9.9139e-01   1.4115e-03   9.5094e-06   7.7664e-09
  1.8111e+22    1825.2700   9.9133e-01   1.5577e-03   9.7080e-06   7.7748e-09
  1.8792e+22    1752.0700   9.9125e-01   1.7111e-03   9.9046e-06   7.7836e-09
  1.9499e+22    1685.9170   9.9113e-01   1.8715e-03   1.0100e-05   7.7940e-09
  2.0232e+22    1625.7330   9.9099e-01   2.0390e-03   1.0295e-05   7.8067e-09
  2.0993e+22    1570.6260   9.9083e-01   2.2136e-03   1.0489e-05   7.8224e-09
  2.1782e+22    1519.9230   9.9064e-01   2.3954e-03   1.0685e-05   7.8419e-09
  2.2601e+22    1473.6710   9.9043e-01   2.5822e-03   1.0882e-05   7.8721e-09
  2.3451e+22    1430.7690   9.9021e-01   2.7761e-03   1.1080e-05   7.9084e-09
  2.4333e+22    1390.8410   9.8996e-01   2.9771e-03   1.1282e-05   7.9515e-09
  2.5248e+22    1353.5760   9.8969e-01   3.1851e-03   1.1486e-05   8.0023e-09
  2.6197e+22    1318.7010   9.8940e-01   3.4004e-03   1.1694e-05   8.0618e-09
  2.7183e+22    1285.9790   9.8908e-01   3.6230e-03   1.1905e-05   8.1306e-09
  2.8205e+22    1255.2160   9.8875e-01   3.8529e-03   1.2121e-05   8.2099e-09
  2.9265e+22    1226.2240   9.8840e-01   4.0904e-03   1.2341e-05   8.3005e-09
  3.0366e+22    1198.8490   9.8803e-01   4.3356e-03   1.2567e-05   8.4034e-09
  3.1508e+22    1172.9510   9.8764e-01   4.5886e-03   1.2797e-05   8.5197e-09
  3.2693e+22    1148.4090   9.8723e-01   4.8495e-03   1.3033e-05   8.6508e-09
  3.3922e+22    1125.1100   9.8680e-01   5.1185e-03   1.3275e-05   8.7979e-09
  3.5198e+22    1102.9570   9.8634e-01   5.3957e-03   1.3523e-05   8.9626e-09
  3.6521e+22    1081.8640   9.8587e-01   5.6812e-03   1.3778e-05   9.1468e-09
  3.7895e+22    1061.7460   9.8538e-01   5.9754e-03   1.4038e-05   9.3519e-09
  3.9320e+22    1042.5360   9.8486e-01   6.2782e-03   1.4306e-05   9.5805e-09
  4.0798e+22    1024.1680   9.8433e-01   6.5899e-03   1.4580e-05   9.8350e-09
  4.2333e+22    1006.5830   9.8377e-01   6.9105e-03   1.4862e-05   1.0118e-08
  4.3925e+22     991.2081   9.8341e-01   7.1286e-03   1.5128e-05   1.0342e-08
  4.5576e+22     975.0457   9.8283e-01   7.4598e-03   1.5424e-05   1.0684e-08
  4.7290e+22     959.5137   9.8222e-01   7.8007e-03   1.5728e-05   1.1064e-08
  4.9069e+22     944.5729   9.8160e-01   8.1513e-03   1.6040e-05   1.1487e-08
  5.0914e+22     930.1902   9.8095e-01   8.5119e-03   1.6360e-05   1.1957e-08
  5.2828e+22     916.3356   9.8027e-01   8.8823e-03   1.6688e-05   1.2480e-08
  5.4815e+22     902.9772   9.7958e-01   9.2628e-03   1.7025e-05   1.3061e-08
  5.6876e+22     890.0046   9.7886e-01   9.6546e-03   1.7371e-05   1.3705e-08
  5.9015e+22     877.4695   9.7812e-01   1.0057e-02   1.7725e-05   1.4421e-08
  6.1235e+22     865.3769   9.7735e-01   1.0469e-02   1.8089e-05   1.5219e-08
  6.3537e+22     853.6994   9.7657e-01   1.0892e-02   1.8461e-05   1.6107e-08
  6.5927e+22     842.4141   9.7576e-01   1.1325e-02   1.8843e-05   1.7095e-08
  6.8406e+22     831.4989   9.7492e-01   1.1768e-02   1.9235e-05   1.8195e-08
  7.0978e+22     820.9320   9.7407e-01   1.2221e-02   1.9636e-05   1.9418e-08
  7.3647e+22     810.6954   9.7319e-01   1.2685e-02   2.0046e-05   2.0777e-08
  7.6417e+22     800.7698   9.7229e-01   1.3160e-02   2.0467e-05   2.2288e-08
  7.9290e+22     791.2497   9.7137e-01   1.3644e-02   2.0897e-05   2.3969e-08
  8.2272e+22     782.0032   9.7043e-01   1.4137e-02   2.1336e-05   2.5835e-08
  8.5366e+22     773.0055   9.6946e-01   1.4643e-02   2.1787e-05   2.7904e-08
  8.8576e+22     764.2325   9.6847e-01   1.5161e-02   2.2247e-05   3.0198e-08
  9.1907e+22     755.6874   9.6745e-01   1.5690e-02   2.2718e-05   3.2741e-08
  9.5363e+22     747.3545   9.6641e-01   1.6231e-02   2.3200e-05   3.5558e-08
  9.8949e+22     739.2160   9.6534e-01   1.6785e-02   2.3692e-05   3.8679e-08
  1.0267e+23     731.2657   9.6425e-01   1.7352e-02   2.4195e-05   4.2134e-08
  1.0653e+23     723.4937   9.6312e-01   1.7933e-02   2.4709e-05   4.5958e-08
  1.1054e+23     715.8808   9.6197e-01   1.8527e-02   2.5234e-05   5.0189e-08
  1.1469e+23     708.4199   9.6078e-01   1.9136e-02   2.5771e-05   5.4870e-08
  1.1901e+23     701.1229   9.5957e-01   1.9759e-02   2.6318e-05   6.0046e-08
  1.2348e+23     694.0623   9.5833e-01   2.0393e-02   2.6877e-05   6.5764e-08
  1.2813e+23     687.1385   9.5706e-01   2.1045e-02   2.7446e-05   7.2084e-08
  1.3294e+23     680.3302   9.5576e-01   2.1712e-02   2.8028e-05   7.9067e-08
  1.3794e+23     673.6325   9.5442e-01   2.2398e-02   2.8621e-05   8.6783e-08
  1.4313e+23     667.0367   9.5304e-01   2.3102e-02   2.9226e-05   9.5308e-08
  1.4851e+23     660.5332   9.5161e-01   2.3826e-02   2.9844e-05   1.0473e-07
  1.5410e+23     654.1179   9.5015e-01   2.4570e-02   3.0473e-05   1.1514e-07
  1.5989e+23     647.7788   9.4864e-01   2.5337e-02   3.1115e-05   1.2666e-07
  1.6591e+23     641.5078   9.4709e-01   2.6128e-02   3.1769e-05   1.3939e-07
  1.7214e+23     635.2967   9.4548e-01   2.6943e-02   3.2436e-05   1.5348e-07
  1.7862e+23     629.1365   9.4382e-01   2.7785e-02   3.3116e-05   1.6908e-07
  1.8534e+23     623.0184   9.4210e-01   2.8655e-02   3.3809e-05   1.8636e-07
  1.9230e+23     616.9331   9.4032e-01   2.9556e-02   3.4515e-05   2.0552e-07
  1.9954e+23     610.8719   9.3848e-01   3.0490e-02   3.5234e-05   2.2677e-07
  2.0704e+23     604.8254   9.3656e-01   3.1459e-02   3.5966e-05   2.5038e-07
  2.1483e+23     598.7906   9.3457e-01   3.2465e-02   3.6712e-05   2.7663e-07
  2.2290e+23     592.7777   9.3250e-01   3.3510e-02   3.7470e-05   3.0584e-07
  2.3129e+23     586.7494   9.3034e-01   3.4599e-02   3.8243e-05   3.3840e-07
  2.3998e+23     580.6962   9.2809e-01   3.5734e-02   3.9029e-05   3.7474e-07
  2.4901e+23     574.6077   9.2573e-01   3.6920e-02   3.9829e-05   4.1538e-07
  2.5837e+23     568.4726   9.2327e-01   3.8161e-02   4.0642e-05   4.6091e-07
  2.6809e+23     562.2828   9.2069e-01   3.9460e-02   4.1469e-05   5.1200e-07
  2.7817e+23     556.0248   9.1798e-01   4.0823e-02   4.2309e-05   5.6945e-07
  2.8863e+23     549.6879   9.1513e-01   4.2255e-02   4.3162e-05   6.3420e-07
  2.9949e+23     543.2601   9.1213e-01   4.3762e-02   4.4028e-05   7.0733e-07
  3.1075e+23     536.7283   9.0897e-01   4.5349e-02   4.4906e-05   7.9014e-07
  3.2243e+23     530.0823   9.0565e-01   4.7021e-02   4.5795e-05   8.8406e-07
  3.3456e+23     523.3108   9.0211e-01   4.8794e-02   4.6695e-05   9.9114e-07
  3.4714e+23     516.3968   8.9838e-01   5.0668e-02   4.7603e-05   1.1133e-06
  3.6019e+23     509.3394   8.9442e-01   5.2653e-02   4.8519e-05   1.2530e-06
  3.7374e+23     502.1105   8.9022e-01   5.4760e-02   4.9440e-05   1.4135e-06
  3.8779e+23     494.6946   8.8575e-01   5.7003e-02   5.0364e-05   1.5984e-06
  4.0238e+23     487.0778   8.8099e-01   5.9391e-02   5.1288e-05   1.8120e-06
  4.1751e+23     479.2428   8.7590e-01   6.1941e-02   5.2207e-05   2.0597e-06
  4.3321e+23     471.1755   8.7046e-01   6.4669e-02   5.3117e-05   2.3479e-06
  4.4950e+23     462.8557   8.6462e-01   6.7592e-02   5.4012e-05   2.6844e-06
  4.6640e+23     454.2675   8.5835e-01   7.0731e-02   5.4884e-05   3.0783e-06
  4.8394e+23     445.3974   8.5161e-01   7.4109e-02   5.5723e-05   3.5411e-06
  5.0214e+23     436.2284   8.4433e-01   7.7754e-02   5.6518e-05   4.0862e-06
  5.2102e+23     426.7426   8.3645e-01   8.1697e-02   5.7256e-05   4.7299e-06
  5.4061e+23     416.9279   8.2790e-01   8.5980e-02   5.7919e-05   5.4919e-06
  5.6094e+23     406.7733   8.1861e-01   9.0626e-02   5.8487e-05   6.3926e-06
  5.8204e+23     396.2907   8.0848e-01   9.5696e-02   5.8938e-05   7.4582e-06
  6.0393e+23     385.4971   7.9741e-01   1.0123e-01   5.9246e-05   8.7145e-06
  6.2664e+23     374.3838   7.8529e-01   1.0730e-01   5.9384e-05   1.0188e-05
  6.5020e+23     362.9886   7.7200e-01   1.1395e-01   5.9326e-05   1.1902e-05
  6.7465e+23     351.3782   7.5744e-01   1.2123e-01   5.9051e-05   1.3869e-05
  7.0002e+23     339.6312   7.4152e-01   1.2919e-01   5.8548e-05   1.6086e-05
  7.2635e+23     327.8644   7.2420e-01   1.3786e-01   5.7823e-05   1.8531e-05
  7.5366e+23     316.2115   7.0546e-01   1.4723e-01   5.6900e-05   2.1154e-05
  7.8200e+23     304.8200   6.8538e-01   1.5727e-01   5.5821e-05   2.3886e-05
  8.1141e+23     293.8572   6.6405e-01   1.6794e-01   5.4547e-05   2.6740e-05
  8.4192e+23     283.4902   6.4172e-01   1.7911e-01   5.3316e-05   2.9457e-05
  8.7358e+23     273.7143   6.1856e-01   1.9069e-01   5.2092e-05   3.2061e-05
  9.0644e+23     264.5449   5.9476e-01   2.0259e-01   5.0919e-05   3.4504e-05
  9.4052e+23     255.9695   5.7048e-01   2.1473e-01   4.9827e-05   3.6758e-05
  9.7589e+23     247.9492   5.4591e-01   2.2701e-01   4.8828e-05   3.8815e-05
  1.0126e+24     240.4341   5.2121e-01   2.3937e-01   4.7930e-05   4.0678e-05
  1.0507e+24     233.3610   4.9651e-01   2.5172e-01   4.7125e-05   4.2364e-05
  1.0902e+24     226.6688   4.7194e-01   2.6400e-01   4.6403e-05   4.3895e-05
  1.1312e+24     220.2955   4.4762e-01   2.7617e-01   4.5742e-05   4.5301e-05
  1.1737e+24     214.1853   4.2366e-01   2.8815e-01   4.5121e-05   4.6615e-05
  1.2178e+24     208.2873   4.0013e-01   2.9991e-01   4.4511e-05   4.7871e-05
  1.2636e+24     202.5564   3.7713e-01   3.1141e-01   4.3882e-05   4.9108e-05
  1.3112e+24     196.9693   3.5473e-01   3.2261e-01   4.3196e-05   5.0368e-05
  1.3605e+24     191.5004   3.3298e-01   3.3349e-01   4.2423e-05   5.1686e-05
  1.4116e+24     186.0991   3.1192e-01   3.4402e-01   4.1528e-05   5.3101e-05
  1.4647e+24     180.7507   2.9159e-01   3.5419e-01   4.0477e-05   5.4644e-05
  1.5198e+24     175.4432   2.7201e-01   3.6398e-01   3.9242e-05   5.6349e-05
  1.5769e+24     170.1719   2.5321e-01   3.7338e-01   3.7799e-05   5.8237e-05
  1.6363e+24     164.9381   2.3519e-01   3.8239e-01   3.6135e-05   6.0319e-05
  1.6978e+24     159.7466   2.1796e-01   3.9101e-01   3.4250e-05   6.2595e-05
  1.7616e+24     151.4617   2.0248e-01   3.9875e-01   3.0535e-05   6.6733e-05
  1.8279e+24     146.2044   1.8687e-01   4.0655e-01   2.8179e-05   6.9412e-05
  1.8966e+24     141.0074   1.7203e-01   4.1397e-01   2.5731e-05   7.2148e-05
  1.9679e+24     135.8799   1.5795e-01   4.2101e-01   2.3251e-05   7.4881e-05
  2.0419e+24     130.8326   1.4461e-01   4.2768e-01   2.0806e-05   7.7546e-05
  2.1187e+24     125.8724   1.3202e-01   4.3398e-01   1.8451e-05   8.0088e-05
  2.1984e+24     121.0008   1.2015e-01   4.3991e-01   1.6232e-05   8.2464e-05
  2.2811e+24     116.2188   1.0902e-01   4.4548e-01   1.4180e-05   8.4647e-05
  2.3668e+24     111.5202   9.8598e-02   4.5069e-01   1.2314e-05   8.6622e-05
  2.4559e+24     106.8980   8.8893e-02   4.5554e-01   1.0638e-05   8.8388e-05
  2.5482e+24     102.5045   7.9869e-02   4.6005e-01   9.2278e-06   8.9857e-05
  2.6440e+24      97.9293   7.1566e-02   4.6420e-01   7.8860e-06   9.1263e-05
  2.7435e+24      93.3807   6.3938e-02   4.6802e-01   6.7139e-06   9.2491e-05
  2.8466e+24      88.8761   5.6962e-02   4.7150e-01   5.6974e-06   9.3556e-05
  2.9537e+24      84.4062   5.0612e-02   4.7468e-01   4.8199e-06   9.4476e-05
  3.0648e+24      79.9650   4.4859e-02   4.7756e-01   4.0653e-06   9.5269e-05
  3.1800e+24      75.5472   3.9674e-02   4.8015e-01   3.4188e-06   9.5951e-05
