# NH                 T_gas  H            H2           C            CO
  3.1800e+16   11130.2500   5.7919e-01   7.1068e-06   3.7364e-07   3.0783e-15
  3.2996e+16   11130.2500   5.7919e-01   7.1068e-06   3.7364e-07   1.7246e-14
  3.4237e+16   11130.2500   5.7919e-01   7.1068e-06   3.7364e-07   2.7374e-15
  3.5524e+16   11130.2500   5.7919e-01   7.1068e-06   3.7364e-07   3.8446e-15
  3.6860e+16   11130.2500   5.7919e-01   7.1068e-06   3.7364e-07   9.3282e-16
  3.8246e+16   11130.2500   5.7919e-01   7.1068e-06   3.7364e-07   5.1860e-15
  3.9684e+16   11130.2500   5.7919e-01   7.1068e-06   3.7364e-07   3.2246e-14
  4.1177e+16   11130.2500   5.7919e-01   7.1068e-06   3.7364e-07   1.2080e-14
  4.2725e+16   11130.2500   5.7919e-01   7.1068e-06   3.7364e-07   4.6976e-15
  4.4332e+16   11130.2500   5.7919e-01   7.1068e-06   3.7364e-07   2.8844e-16
  4.5999e+16   11130.2500   5.7919e-01   7.1068e-06   3.7364e-07   1.5581e-14
  4.7729e+16   11130.2500   5.7919e-01   7.1068e-06   3.7364e-07   2.2656e-16
  4.9524e+16   11130.2500   5.7919e-01   7.1068e-06   3.7364e-07   3.3951e-14
  5.1386e+16   11130.2500   5.7919e-01   7.1068e-06   3.7364e-07   2.6399e-15
  5.3318e+16   11130.2500   5.7919e-01   7.1068e-06   3.7364e-07   7.1317e-15
  5.5323e+16   11130.2500   5.7919e-01   7.1068e-06   3.7364e-07   4.2091e-15
  5.7404e+16   11130.2500   5.7919e-01   7.1068e-06   3.7364e-07   1.7958e-14
  5.9562e+16   11130.2500   5.7919e-01   7.1068e-06   3.7364e-07   5.8896e-15
  6.1802e+16   11130.2500   5.7919e-01   7.1068e-06   3.7364e-07   1.5538e-14
  6.4126e+16   11130.2500   5.7919e-01   7.1068e-06   3.7364e-07   7.7411e-15
  6.6538e+16   11130.2500   5.7919e-01   7.1068e-06   3.7364e-07   3.6115e-15
  6.9040e+16   11130.2500   5.7919e-01   7.1068e-06   3.7364e-07   7.8920e-15
  7.1636e+16   11130.2500   5.7919e-01   7.1068e-06   3.7364e-07   3.3664e-15
  7.4330e+16   11130.2500   5.7919e-01   7.1068e-06   3.7364e-07   4.0410e-14
  7.7125e+16   11130.2500   5.7919e-01   7.1068e-06   3.7364e-07   7.6036e-15
  8.0026e+16   11130.2500   5.7919e-01   7.1068e-06   3.7364e-07   3.1994e-15
  8.3035e+16   11130.2500   5.7919e-01   7.1068e-06   3.7364e-07   2.2525e-14
  8.6157e+16   11130.2400   5.7919e-01   7.1068e-06   3.7364e-07   2.3159e-14
  8.9397e+16   11130.2400   5.7919e-01   7.1068e-06   3.7364e-07   1.6367e-14
  9.2759e+16   11130.2400   5.7919e-01   7.1068e-06   3.7364e-07   8.5576e-15
  9.6247e+16   11130.2400   5.7919e-01   7.1068e-06   3.7364e-07   4.0716e-15
  9.9867e+16   11130.2400   5.7919e-01   7.1068e-06   3.7364e-07   3.3893e-15
  1.0362e+17   11130.2400   5.7919e-01   7.1068e-06   3.7365e-07   6.0110e-15
  1.0752e+17   11130.2400   5.7919e-01   7.1068e-06   3.7365e-07   2.3941e-15
  1.1156e+17   11130.2400   5.7919e-01   7.1068e-06   3.7365e-07   2.2666e-15
  1.1576e+17   11130.2400   5.7919e-01   7.1068e-06   3.7365e-07   2.6776e-14
  1.2011e+17   11130.2400   5.7919e-01   7.1068e-06   3.7365e-07   6.9666e-15
  1.2463e+17   11130.2400   5.7919e-01   7.1068e-06   3.7365e-07   5.0948e-15
  1.2931e+17   11130.2400   5.7919e-01   7.1068e-06   3.7365e-07   2.1922e-15
  1.3418e+17   11130.2400   5.7919e-01   7.1068e-06   3.7365e-07   2.7219e-15
  1.3922e+17   11130.2400   5.7919e-01   7.1068e-06   3.7365e-07   2.8685e-15
  1.4446e+17   11130.2400   5.7919e-01   7.1068e-06   3.7365e-07   1.6558e-14
  1.4989e+17   11130.2400   5.7919e-01   7.1068e-06   3.7365e-07   2.5223e-15
  1.5553e+17   11130.2400   5.7919e-01   7.1069e-06   3.7365e-07   3.8452e-15
  1.6138e+17   11130.2400   5.7919e-01   7.1069e-06   3.7365e-07   3.3228e-15
  1.6744e+17   11130.2400   5.7919e-01   7.1069e-06   3.7365e-07   3.7391e-15
  1.7374e+17   11130.2400   5.7919e-01   7.1069e-06   3.7365e-07   5.3393e-15
  1.8027e+17   11130.2400   5.7919e-01   7.1069e-06   3.7365e-07   2.0017e-14
  1.8705e+17   11130.2400   5.7919e-01   7.1069e-06   3.7365e-07   2.1607e-15
  1.9409e+17   11130.2400   5.7919e-01   7.1069e-06   3.7365e-07   4.0172e-15
  2.0139e+17   11130.2400   5.7919e-01   7.1069e-06   3.7365e-07   5.7377e-15
  2.0896e+17   11130.2300   5.7919e-01   7.1069e-06   3.7365e-07   1.3844e-14
  2.1682e+17   11130.2300   5.7919e-01   7.1069e-06   3.7365e-07   2.3349e-15
  2.2497e+17   11130.2300   5.7919e-01   7.1069e-06   3.7365e-07   1.3626e-14
  2.3343e+17   11130.2300   5.7919e-01   7.1069e-06   3.7365e-07   2.8324e-14
  2.4221e+17   11130.2300   5.7919e-01   7.1069e-06   3.7365e-07   3.7611e-15
  2.5132e+17   11130.2300   5.7919e-01   7.1069e-06   3.7365e-07   1.8657e-15
  2.6077e+17   11130.2300   5.7919e-01   7.1069e-06   3.7365e-07   2.9477e-14
  2.7057e+17   11130.2300   5.7919e-01   7.1069e-06   3.7365e-07   6.3033e-15
  2.8075e+17   11130.2300   5.7919e-01   7.1069e-06   3.7365e-07   7.7786e-15
  2.9131e+17   11130.2300   5.7919e-01   7.1069e-06   3.7365e-07   2.8777e-15
  3.0226e+17   11130.2300   5.7919e-01   7.1070e-06   3.7365e-07   3.0721e-15
  3.1363e+17   11130.2300   5.7919e-01   7.1070e-06   3.7365e-07   3.0855e-15
  3.2542e+17   11130.2300   5.7919e-01   7.1070e-06   3.7365e-07   2.5740e-15
  3.3766e+17   11130.2200   5.7919e-01   7.1070e-06   3.7365e-07   2.5115e-15
  3.5036e+17   11130.2200   5.7919e-01   7.1070e-06   3.7365e-07   4.2992e-16
  3.6353e+17   11130.2200   5.7919e-01   7.1070e-06   3.7365e-07   3.0605e-15
  3.7720e+17   11130.2200   5.7919e-01   7.1070e-06   3.7365e-07   7.5037e-16
  3.9139e+17   11130.2200   5.7919e-01   7.1070e-06   3.7365e-07   2.4059e-15
  4.0611e+17   11130.2200   5.7919e-01   7.1070e-06   3.7365e-07   3.2203e-15
  4.2138e+17   11130.2200   5.7919e-01   7.1070e-06   3.7365e-07   3.1572e-15
  4.3722e+17   11130.2200   5.7919e-01   7.1071e-06   3.7365e-07   3.6827e-14
  4.5367e+17   11130.2200   5.7919e-01   7.1071e-06   3.7365e-07   7.7889e-15
  4.7073e+17   11130.2100   5.7919e-01   7.1071e-06   3.7365e-07   1.2353e-15
  4.8843e+17   11130.2100   5.7919e-01   7.1071e-06   3.7365e-07   2.5226e-15
  5.0679e+17   11130.2100   5.7919e-01   7.1071e-06   3.7365e-07   7.7890e-15
  5.2585e+17   11130.2100   5.7920e-01   7.1071e-06   3.7365e-07   3.5111e-15
  5.4563e+17   11130.2100   5.7920e-01   7.1071e-06   3.7365e-07   1.8404e-14
  5.6615e+17   11130.2100   5.7920e-01   7.1071e-06   3.7365e-07   1.9427e-14
  5.8744e+17   11130.2000   5.7920e-01   7.1072e-06   3.7365e-07   7.9017e-15
  6.0953e+17   11130.2000   5.7920e-01   7.1072e-06   3.7365e-07   4.7509e-15
  6.3245e+17   11130.2000   5.7920e-01   7.1072e-06   3.7365e-07   9.2059e-15
  6.5623e+17   11130.2000   5.7920e-01   7.1072e-06   3.7365e-07   2.1796e-14
  6.8091e+17   11130.2000   5.7920e-01   7.1072e-06   3.7365e-07   1.6156e-14
  7.0651e+17   11130.2000   5.7920e-01   7.1072e-06   3.7366e-07   7.6900e-16
  7.3308e+17   11130.1900   5.7920e-01   7.1072e-06   3.7366e-07   6.4408e-15
  7.6065e+17   11130.1900   5.7920e-01   7.1073e-06   3.7366e-07   8.3083e-15
  7.8925e+17   11130.1900   5.7920e-01   7.1073e-06   3.7366e-07   1.4029e-14
  8.1893e+17   11130.1900   5.7920e-01   7.1073e-06   3.7366e-07   1.0897e-14
  8.4973e+17   11130.1800   5.7920e-01   7.1073e-06   3.7366e-07   6.3508e-15
  8.8168e+17   11130.1800   5.7920e-01   7.1074e-06   3.7366e-07   1.2612e-14
  9.1484e+17   11130.1800   5.7920e-01   7.1074e-06   3.7366e-07   4.3568e-15
  9.4924e+17   11130.1800   5.7920e-01   7.1074e-06   3.7366e-07   9.3348e-15
  9.8494e+17   11130.1700   5.7920e-01   7.1074e-06   3.7366e-07   3.3356e-15
  1.0220e+18   11130.1700   5.7920e-01   7.1075e-06   3.7366e-07   3.3361e-15
  1.0604e+18   11130.1700   5.7920e-01   7.1075e-06   3.7366e-07   3.8436e-15
  1.1003e+18   11130.1600   5.7920e-01   7.1075e-06   3.7366e-07   2.0224e-15
  1.1417e+18   11130.1600   5.7920e-01   7.1075e-06   3.7366e-07   1.4533e-15
  1.1846e+18   11130.1600   5.7920e-01   7.1076e-06   3.7366e-07   3.6639e-15
  1.2291e+18   11130.1500   5.7921e-01   7.1076e-06   3.7366e-07   3.3726e-15
  1.2754e+18   11130.1500   5.7921e-01   7.1076e-06   3.7366e-07   2.3989e-15
  1.3233e+18   11130.1500   5.7921e-01   7.1077e-06   3.7367e-07   4.5354e-15
  1.3731e+18   11130.1400   5.7921e-01   7.1077e-06   3.7367e-07   3.3800e-15
  1.4247e+18   11130.1400   5.7921e-01   7.1077e-06   3.7367e-07   5.3284e-15
  1.4783e+18   11130.1300   5.7921e-01   7.1078e-06   3.7367e-07   3.3092e-15
  1.5339e+18   11130.1300   5.7921e-01   7.1078e-06   3.7367e-07   9.0729e-15
  1.5916e+18   11130.1200   5.7921e-01   7.1079e-06   3.7367e-07   7.8922e-15
  1.6514e+18   11130.1200   5.7921e-01   7.1079e-06   3.7367e-07   1.2827e-14
  1.7135e+18   11130.1100   5.7921e-01   7.1080e-06   3.7367e-07   2.1824e-14
  1.7780e+18   11130.1100   5.7921e-01   7.1080e-06   3.7367e-07   5.6150e-15
  1.8448e+18   11130.1000   5.7921e-01   7.1080e-06   3.7367e-07   2.5339e-15
  1.9142e+18   11130.1000   5.7922e-01   7.1081e-06   3.7367e-07   3.2228e-15
  1.9862e+18   11130.0900   5.7922e-01   7.1081e-06   3.7368e-07   2.9820e-14
  2.0609e+18   11130.0900   5.7922e-01   7.1082e-06   3.7368e-07   4.9002e-15
  2.1384e+18   11130.0800   5.7922e-01   7.1083e-06   3.7368e-07   1.1674e-14
  2.2188e+18   11130.0700   5.7922e-01   7.1083e-06   3.7368e-07   3.2640e-16
  2.3022e+18   11130.0700   5.7922e-01   7.1084e-06   3.7368e-07   8.7483e-15
  2.3888e+18   11130.0600   5.7922e-01   7.1084e-06   3.7368e-07   1.9838e-15
  2.4786e+18   11130.0500   5.7922e-01   7.1085e-06   3.7368e-07   4.4769e-15
  2.5718e+18   11130.0500   5.7922e-01   7.1086e-06   3.7369e-07   6.5082e-15
  2.6685e+18   11130.0400   5.7923e-01   7.1086e-06   3.7369e-07   3.0602e-15
  2.7689e+18   11130.0300   5.7923e-01   7.1087e-06   3.7369e-07   7.7909e-15
  2.8730e+18   11130.0200   5.7923e-01   7.1088e-06   3.7369e-07   1.1191e-14
  2.9811e+18   11130.0100   5.7923e-01   7.1088e-06   3.7369e-07   8.6128e-15
  3.0932e+18   11130.0000   5.7923e-01   7.1089e-06   3.7369e-07   2.4246e-15
  3.2095e+18   11129.9900   5.7923e-01   7.1090e-06   3.7370e-07   1.3314e-14
  3.3302e+18   11129.9800   5.7924e-01   7.1091e-06   3.7370e-07   4.2729e-19
  3.4554e+18   11129.9700   5.7924e-01   7.1092e-06   3.7370e-07   3.6726e-15
  3.5853e+18   11129.9600   5.7924e-01   7.1093e-06   3.7370e-07   2.9999e-15
  3.7202e+18   11129.9500   5.7924e-01   7.1094e-06   3.7370e-07   1.4534e-15
  3.8601e+18   11129.9400   5.7924e-01   7.1095e-06   3.7371e-07   9.7583e-15
  4.0052e+18   11129.9300   5.7924e-01   7.1096e-06   3.7371e-07   1.9614e-14
  4.1558e+18   11129.9200   5.7925e-01   7.1097e-06   3.7371e-07   7.5821e-15
  4.3121e+18   11129.9100   5.7925e-01   7.1098e-06   3.7371e-07   3.0018e-15
  4.4743e+18   11129.8900   5.7925e-01   7.1099e-06   3.7372e-07   3.3744e-15
  4.6425e+18   11129.8800   5.7925e-01   7.1100e-06   3.7372e-07   4.5980e-15
  4.8171e+18   11129.8700   5.7926e-01   7.1101e-06   3.7372e-07   9.2775e-15
  4.9983e+18   11129.8500   5.7926e-01   7.1103e-06   3.7373e-07   1.1633e-14
  5.1862e+18   11129.8400   5.7926e-01   7.1104e-06   3.7373e-07   4.8034e-15
  5.3813e+18   11129.8200   5.7926e-01   7.1105e-06   3.7373e-07   2.3500e-15
  5.5836e+18   11129.8000   5.7927e-01   7.1107e-06   3.7373e-07   2.1698e-15
  5.7936e+18   11129.7900   5.7927e-01   7.1108e-06   3.7374e-07   7.0183e-15
  6.0115e+18   11129.7700   5.7927e-01   7.1110e-06   3.7374e-07   3.0122e-15
  6.2375e+18   11129.7500   5.7928e-01   7.1111e-06   3.7375e-07   7.2855e-15
  6.4721e+18   11129.7300   5.7928e-01   7.1113e-06   3.7375e-07   2.4138e-15
  6.7155e+18   11129.7100   5.7928e-01   7.1115e-06   3.7375e-07   4.3861e-15
  6.9680e+18   11129.6900   5.7929e-01   7.1117e-06   3.7376e-07   4.2432e-14
  7.2300e+18   11129.6700   5.7929e-01   7.1118e-06   3.7376e-07   4.6012e-15
  7.5019e+18   11129.6500   5.7929e-01   7.1120e-06   3.7377e-07   2.9402e-15
  7.7840e+18   11129.6300   5.7930e-01   7.1122e-06   3.7377e-07   3.3545e-15
  8.0768e+18   11129.6000   5.7930e-01   7.1124e-06   3.7378e-07   2.5374e-15
  8.3805e+18   11129.5800   5.7931e-01   7.1126e-06   3.7378e-07   1.9951e-14
  8.6956e+18   11129.5500   5.7931e-01   7.1129e-06   3.7379e-07   1.2651e-14
  9.0226e+18   11129.5300   5.7932e-01   7.1131e-06   3.7379e-07   4.2761e-15
  9.3619e+18   11129.5000   5.7932e-01   7.1133e-06   3.7380e-07   5.9515e-15
  9.7140e+18   11129.4700   5.7933e-01   7.1136e-06   3.7380e-07   2.9511e-15
  1.0079e+19   11129.4400   5.7933e-01   7.1138e-06   3.7381e-07   3.0315e-15
  1.0458e+19   11129.4100   5.7934e-01   7.1141e-06   3.7381e-07   2.8767e-15
  1.0852e+19   11129.3800   5.7934e-01   7.1144e-06   3.7382e-07   2.2632e-14
  1.1260e+19   11129.3500   5.7935e-01   7.1147e-06   3.7383e-07   2.2456e-15
  1.1683e+19   11129.3200   5.7935e-01   7.1150e-06   3.7383e-07   3.7905e-15
  1.2122e+19   11129.2800   5.7936e-01   7.1153e-06   3.7384e-07   4.0168e-14
  1.2578e+19   11129.2400   5.7937e-01   7.1156e-06   3.7385e-07   1.4733e-15
  1.3051e+19   11129.2100   5.7937e-01   7.1159e-06   3.7386e-07   3.1177e-15
  1.3542e+19   11129.1700   5.7938e-01   7.1163e-06   3.7386e-07   1.6513e-15
  1.4051e+19   11129.1300   5.7939e-01   7.1166e-06   3.7387e-07   1.5386e-14
  1.4580e+19   11129.0800   5.7940e-01   7.1170e-06   3.7388e-07   3.8432e-14
  1.5128e+19   11129.0400   5.7940e-01   7.1174e-06   3.7389e-07   2.3694e-15
  1.5697e+19   11128.9900   5.7941e-01   7.1178e-06   3.7390e-07   4.7526e-15
  1.6287e+19   11128.9500   5.7942e-01   7.1182e-06   3.7391e-07   3.5245e-15
  1.6900e+19   11128.9000   5.7943e-01   7.1186e-06   3.7392e-07   2.4891e-15
  1.7535e+19   11128.8500   5.7944e-01   7.1191e-06   3.7393e-07   6.2887e-15
  1.8195e+19   11128.7900   5.7945e-01   7.1196e-06   3.7394e-07   4.0351e-15
  1.8879e+19   11128.7400   5.7946e-01   7.1200e-06   3.7395e-07   1.7240e-14
  1.9589e+19   11128.6800   5.7947e-01   7.1205e-06   3.7396e-07   2.6329e-14
  2.0325e+19   11128.6200   5.7948e-01   7.1211e-06   3.7398e-07   6.7308e-15
  2.1090e+19   11128.5600   5.7949e-01   7.1216e-06   3.7399e-07   2.6551e-14
  2.1883e+19   11128.5000   5.7950e-01   7.1222e-06   3.7400e-07   2.9220e-15
  2.2706e+19   11128.4300   5.7951e-01   7.1227e-06   3.7401e-07   4.0209e-15
  2.3560e+19   11128.3600   5.7952e-01   7.1233e-06   3.7403e-07   1.9799e-14
  2.4445e+19   11128.2900   5.7954e-01   7.1240e-06   3.7404e-07   2.5809e-15
  2.5365e+19   11128.2200   5.7955e-01   7.1246e-06   3.7406e-07   3.9611e-14
  2.6319e+19   11128.1400   5.7956e-01   7.1253e-06   3.7407e-07   2.6362e-15
  2.7308e+19   11128.0600   5.7958e-01   7.1260e-06   3.7409e-07   5.9150e-15
  2.8335e+19   11127.9800   5.7959e-01   7.1267e-06   3.7411e-07   5.4345e-15
  2.9401e+19   11127.9000   5.7961e-01   7.1275e-06   3.7412e-07   7.8499e-15
  3.0506e+19   11127.8100   5.7962e-01   7.1282e-06   3.7414e-07   7.2170e-16
  3.1654e+19   11127.7200   5.7964e-01   7.1290e-06   3.7416e-07   1.0402e-14
  3.2844e+19   11127.6200   5.7966e-01   7.1299e-06   3.7418e-07   1.2619e-14
  3.4079e+19   11127.5200   5.7967e-01   7.1308e-06   3.7420e-07   6.5007e-15
  3.5361e+19   11127.4200   5.7969e-01   7.1317e-06   3.7422e-07   3.0505e-15
  3.6690e+19   11127.3100   5.7971e-01   7.1326e-06   3.7424e-07   7.8548e-15
  3.8070e+19   11127.2000   5.7973e-01   7.1336e-06   3.7427e-07   7.3098e-15
  3.9502e+19   11127.0900   5.7975e-01   7.1346e-06   3.7429e-07   1.2011e-14
  4.0987e+19   11126.9700   5.7977e-01   7.1356e-06   3.7431e-07   4.4762e-15
  4.2528e+19   11126.8500   5.7979e-01   7.1367e-06   3.7434e-07   7.9033e-15
  4.4128e+19   11126.7200   5.7982e-01   7.1378e-06   3.7436e-07   1.2623e-14
  4.5787e+19   11126.5900   5.7984e-01   7.1390e-06   3.7439e-07   5.2452e-15
  4.7509e+19   11126.4500   5.7986e-01   7.1402e-06   3.7442e-07   1.1907e-14
  4.9296e+19   11126.3100   5.7989e-01   7.1415e-06   3.7445e-07   2.4722e-14
  5.1149e+19   11126.1600   5.7992e-01   7.1428e-06   3.7448e-07   3.0307e-15
  5.3073e+19   11126.0000   5.7994e-01   7.1441e-06   3.7451e-07   1.3360e-14
  5.5069e+19   11125.8400   5.7997e-01   7.1455e-06   3.7454e-07   1.1851e-14
  5.7139e+19   11125.6800   5.8000e-01   7.1470e-06   3.7458e-07   2.5983e-15
  5.9288e+19   11125.5100   5.8003e-01   7.1485e-06   3.7461e-07   5.6948e-15
  6.1518e+19   11125.3300   5.8006e-01   7.1501e-06   3.7465e-07   3.9250e-14
  6.3831e+19   11125.1400   5.8010e-01   7.1517e-06   3.7469e-07   2.9913e-14
  6.6231e+19   11124.9500   5.8013e-01   7.1534e-06   3.7473e-07   5.6286e-15
  6.8722e+19   11124.7500   5.8017e-01   7.1552e-06   3.7477e-07   5.3201e-15
  7.1306e+19   11124.5500   5.8020e-01   7.1570e-06   3.7481e-07   3.2176e-14
  7.3988e+19   11124.3300   5.8024e-01   7.1589e-06   3.7485e-07   3.2814e-15
  7.6770e+19   11124.1100   5.8028e-01   7.1609e-06   3.7490e-07   2.4956e-15
  7.9657e+19   11123.8800   5.8032e-01   7.1629e-06   3.7495e-07   1.3118e-14
  8.2653e+19   11123.6400   5.8036e-01   7.1650e-06   3.7499e-07   8.7365e-15
  8.5761e+19   11123.3900   5.8041e-01   7.1672e-06   3.7505e-07   3.9063e-15
  8.8986e+19   11123.1400   5.8045e-01   7.1695e-06   3.7510e-07   5.2687e-15
  9.2332e+19   11122.8700   5.8050e-01   7.1718e-06   3.7515e-07   1.8342e-15
  9.5804e+19   11122.5900   5.8055e-01   7.1743e-06   3.7521e-07   6.4248e-16
  9.9407e+19   11122.3100   5.8060e-01   7.1768e-06   3.7527e-07   7.0536e-15
  1.0315e+20   11122.0100   5.8066e-01   7.1795e-06   3.7533e-07   1.3159e-14
  1.0702e+20   11121.7000   5.8071e-01   7.1822e-06   3.7539e-07   1.4009e-14
  1.1105e+20   11121.3800   5.8077e-01   7.1850e-06   3.7546e-07   2.4567e-15
  1.1522e+20   11121.0500   5.8083e-01   7.1879e-06   3.7553e-07   5.3093e-15
  1.1956e+20   11120.7000   5.8089e-01   7.1910e-06   3.7560e-07   1.0013e-14
  1.2405e+20   11120.3400   5.8095e-01   7.1942e-06   3.7567e-07   6.6057e-16
  1.2872e+20   11119.9700   5.8102e-01   7.1975e-06   3.7575e-07   6.6894e-15
  1.3356e+20   11119.5900   5.8109e-01   7.2009e-06   3.7583e-07   1.3745e-14
  1.3858e+20   11119.1900   5.8116e-01   7.2045e-06   3.7591e-07   2.6816e-15
  1.4379e+20   11118.7800   5.8123e-01   7.2082e-06   3.7599e-07   3.4063e-15
  1.4920e+20   11118.3500   5.8131e-01   7.2120e-06   3.7608e-07   5.8062e-15
  1.5481e+20   11117.9000   5.8139e-01   7.2159e-06   3.7617e-07   8.6809e-15
  1.6063e+20   11117.4400   5.8147e-01   7.2200e-06   3.7627e-07   8.7127e-15
  1.6667e+20   11116.9600   5.8156e-01   7.2243e-06   3.7637e-07   2.9891e-15
  1.7294e+20   11116.4600   5.8164e-01   7.2288e-06   3.7647e-07   4.1973e-15
  1.7944e+20   11115.9500   5.8174e-01   7.2334e-06   3.7657e-07   3.3901e-15
  1.8619e+20   11115.4100   5.8183e-01   7.2381e-06   3.7669e-07   8.9663e-16
  1.9319e+20   11114.8600   5.8193e-01   7.2431e-06   3.7680e-07   6.0337e-15
  2.0046e+20   11114.2800   5.8203e-01   7.2482e-06   3.7692e-07   5.1594e-15
  2.0800e+20   11113.6900   5.8214e-01   7.2535e-06   3.7704e-07   5.5370e-15
  2.1582e+20   11113.0700   5.8225e-01   7.2591e-06   3.7717e-07   2.6800e-14
  2.2394e+20   11112.4300   5.8236e-01   7.2648e-06   3.7730e-07   6.8160e-15
  2.3236e+20   11111.7600   5.8248e-01   7.2707e-06   3.7744e-07   3.2057e-15
  2.4109e+20   11111.0700   5.8261e-01   7.2770e-06   3.7758e-07   1.1377e-13
  2.5016e+20   11110.3600   5.8273e-01   7.2834e-06   3.7773e-07   2.4218e-15
  2.5957e+20   11109.6200   5.8287e-01   7.2900e-06   3.7788e-07   4.0849e-15
  2.6933e+20   11108.8500   5.8300e-01   7.2968e-06   3.7804e-07   7.1333e-15
  2.7946e+20   11108.0500   5.8314e-01   7.3041e-06   3.7821e-07   1.4568e-15
  2.8997e+20   11107.2300   5.8329e-01   7.3115e-06   3.7838e-07   1.3457e-14
  3.0087e+20   11106.3700   5.8345e-01   7.3193e-06   3.7856e-07   4.1597e-14
  3.1218e+20   11105.4800   5.8360e-01   7.3273e-06   3.7874e-07   7.5718e-14
  3.2392e+20   11104.5600   5.8377e-01   7.3356e-06   3.7893e-07   2.7123e-15
  3.3611e+20   11103.6100   5.8394e-01   7.3442e-06   3.7913e-07   8.3274e-15
  3.4874e+20   11102.6200   5.8412e-01   7.3532e-06   3.7934e-07   4.0794e-14
  3.6186e+20   11101.5900   5.8430e-01   7.3625e-06   3.7955e-07   3.4932e-15
  3.7547e+20   11100.5300   5.8449e-01   7.3721e-06   3.7977e-07   2.1257e-15
  3.8959e+20   11099.4200   5.8469e-01   7.3820e-06   3.8000e-07   3.3112e-15
  4.0424e+20   11098.2800   5.8489e-01   7.3925e-06   3.8024e-07   2.4668e-14
  4.1944e+20   11097.1000   5.8510e-01   7.4033e-06   3.8049e-07   3.0136e-15
  4.3521e+20   11095.8700   5.8532e-01   7.4145e-06   3.8075e-07   4.5464e-15
  4.5158e+20   11094.6000   5.8555e-01   7.4261e-06   3.8101e-07   3.3496e-16
  4.6856e+20   11093.2800   5.8579e-01   7.4382e-06   3.8129e-07   3.6908e-14
  4.8618e+20   11091.9200   5.8603e-01   7.4507e-06   3.8158e-07   3.8032e-15
  5.0446e+20   11090.5000   5.8628e-01   7.4637e-06   3.8188e-07   3.9533e-15
  5.2343e+20   11089.0300   5.8655e-01   7.4771e-06   3.8218e-07   2.9377e-15
  5.4312e+20   11087.5100   5.8682e-01   7.4911e-06   3.8251e-07   3.5002e-15
  5.6354e+20   11085.9400   5.8710e-01   7.5057e-06   3.8284e-07   7.5955e-16
  5.8473e+20   11084.3100   5.8739e-01   7.5208e-06   3.8318e-07   1.6235e-14
  6.0672e+20   11082.6200   5.8770e-01   7.5364e-06   3.8354e-07   1.2407e-14
  6.2954e+20   11080.8700   5.8801e-01   7.5524e-06   3.8391e-07   8.4915e-15
  6.5321e+20   11079.0600   5.8834e-01   7.5695e-06   3.8430e-07   1.1641e-14
  6.7777e+20   11077.1800   5.8867e-01   7.5870e-06   3.8470e-07   3.7646e-15
  7.0326e+20   11075.2300   5.8902e-01   7.6051e-06   3.8511e-07   9.4559e-15
  7.2971e+20   11073.2200   5.8938e-01   7.6240e-06   3.8554e-07   3.7423e-15
  7.5715e+20   11071.1300   5.8976e-01   7.6436e-06   3.8599e-07   6.5563e-15
  7.8562e+20   11068.9700   5.9015e-01   7.6639e-06   3.8645e-07   1.4022e-14
  8.1516e+20   11066.7400   5.9055e-01   7.6849e-06   3.8693e-07   2.0718e-14
  8.4582e+20   11064.4200   5.9097e-01   7.7068e-06   3.8743e-07   1.0681e-14
  8.7762e+20   11062.0200   5.9140e-01   7.7295e-06   3.8794e-07   2.0787e-14
  9.1063e+20   11059.5400   5.9184e-01   7.7531e-06   3.8848e-07   2.5062e-14
  9.4487e+20   11056.9800   5.9231e-01   7.7774e-06   3.8904e-07   4.5383e-15
  9.8040e+20   11054.3200   5.9279e-01   7.8029e-06   3.8961e-07   3.6059e-15
  1.0173e+21   11051.5700   5.9328e-01   7.8292e-06   3.9021e-07   9.2015e-15
  1.0555e+21   11048.7200   5.9380e-01   7.8567e-06   3.9083e-07   4.2074e-15
  1.0952e+21   11045.7800   5.9433e-01   7.8850e-06   3.9148e-07   1.2682e-14
  1.1364e+21   11042.7300   5.9488e-01   7.9146e-06   3.9214e-07   1.1068e-15
  1.1791e+21   11039.5800   5.9545e-01   7.9452e-06   3.9284e-07   1.2886e-14
  1.2235e+21   11036.3200   5.9604e-01   7.9770e-06   3.9355e-07   2.0629e-15
  1.2695e+21   11032.9500   5.9665e-01   8.0100e-06   3.9430e-07   9.5543e-15
  1.3172e+21   11029.4700   5.9728e-01   8.0442e-06   3.9507e-07   4.0777e-15
  1.3668e+21   11025.8600   5.9793e-01   8.0797e-06   3.9587e-07   1.0970e-14
  1.4182e+21   11022.1400   5.9861e-01   8.1166e-06   3.9670e-07   4.6283e-15
  1.4715e+21   11018.2900   5.9930e-01   8.1550e-06   3.9756e-07   4.5317e-15
  1.5268e+21   11014.3100   6.0003e-01   8.1946e-06   3.9846e-07   2.2629e-15
  1.5842e+21   11010.1900   6.0077e-01   8.2360e-06   3.9938e-07   1.9303e-14
  1.6438e+21   11005.9500   6.0155e-01   8.2788e-06   4.0035e-07   6.2692e-15
  1.7056e+21   11001.5600   6.0234e-01   8.3233e-06   4.0134e-07   4.6861e-15
  1.7698e+21   10997.0200   6.0317e-01   8.3695e-06   4.0238e-07   2.3059e-15
  1.8363e+21   10992.3400   6.0402e-01   8.4174e-06   4.0345e-07   2.0469e-14
  1.9054e+21   10987.5100   6.0490e-01   8.4672e-06   4.0456e-07   4.7792e-15
  1.9770e+21   10982.5200   6.0581e-01   8.5188e-06   4.0571e-07   1.2382e-14
  2.0514e+21   10977.3700   6.0675e-01   8.5724e-06   4.0690e-07   5.8227e-15
  2.1285e+21   10972.0500   6.0773e-01   8.6280e-06   4.0814e-07   5.4225e-15
  2.2086e+21   10966.5700   6.0873e-01   8.6858e-06   4.0942e-07   1.5140e-15
  2.2916e+21   10960.9100   6.0976e-01   8.7457e-06   4.1076e-07   2.4246e-14
  2.3778e+21   10955.0800   6.1083e-01   8.8080e-06   4.1213e-07   2.4169e-14
  2.4672e+21   10949.0700   6.1194e-01   8.8725e-06   4.1356e-07   2.2841e-14
  2.5600e+21   10942.8700   6.1308e-01   8.9395e-06   4.1505e-07   4.9669e-15
  2.6563e+21   10936.4800   6.1425e-01   9.0091e-06   4.1658e-07   5.4955e-14
  2.7562e+21   10929.8900   6.1546e-01   9.0810e-06   4.1817e-07   6.5599e-15
  2.8598e+21   10923.1100   6.1671e-01   9.1562e-06   4.1982e-07   1.3497e-14
  2.9673e+21   10916.1300   6.1800e-01   9.2339e-06   4.2153e-07   3.9108e-15
  3.0789e+21   10908.9400   6.1932e-01   9.3145e-06   4.2330e-07   6.7124e-16
  3.1947e+21   10901.5400   6.2069e-01   9.3982e-06   4.2513e-07   3.4435e-14
  3.3148e+21   10893.9300   6.2210e-01   9.4849e-06   4.2703e-07   7.0174e-15
  3.4395e+21   10886.0900   6.2355e-01   9.5750e-06   4.2900e-07   8.8329e-15
  3.5688e+21   10878.0400   6.2504e-01   9.6683e-06   4.3104e-07   6.2268e-15
  3.7030e+21   10869.7600   6.2658e-01   9.7652e-06   4.3315e-07   2.6599e-14
  3.8423e+21   10861.2500   6.2816e-01   9.8657e-06   4.3534e-07   6.3784e-14
  3.9868e+21   10852.5100   6.2978e-01   9.9698e-06   4.3760e-07   4.6548e-15
  4.1367e+21   10843.5300   6.3146e-01   1.0078e-05   4.3994e-07   3.1777e-14
  4.2923e+21   10834.3200   6.3317e-01   1.0190e-05   4.4237e-07   8.6704e-14
  4.4537e+21   10824.8600   6.3494e-01   1.0306e-05   4.4488e-07   2.0843e-14
  4.6212e+21   10815.1600   6.3675e-01   1.0426e-05   4.4747e-07   2.8734e-14
  4.7949e+21   10805.2100   6.3861e-01   1.0551e-05   4.5016e-07   1.1212e-14
  4.9753e+21   10795.0200   6.4052e-01   1.0680e-05   4.5294e-07   8.2623e-15
  5.1624e+21   10784.5700   6.4248e-01   1.0814e-05   4.5582e-07   8.2343e-14
  5.3565e+21   10773.8700   6.4449e-01   1.0952e-05   4.5879e-07   8.7001e-14
  5.5579e+21   10762.9200   6.4655e-01   1.1096e-05   4.6187e-07   3.8358e-16
  5.7669e+21   10751.7100   6.4865e-01   1.1244e-05   4.6505e-07   4.0761e-14
  5.9838e+21   10740.2500   6.5081e-01   1.1398e-05   4.6833e-07   1.5099e-14
  6.2088e+21   10728.5300   6.5302e-01   1.1557e-05   4.7173e-07   2.8807e-14
  6.4423e+21   10716.5600   6.5528e-01   1.1721e-05   4.7524e-07   1.9929e-14
  6.6846e+21   10704.3400   6.5759e-01   1.1891e-05   4.7886e-07   5.9279e-14
  6.9359e+21   10691.8600   6.5995e-01   1.2067e-05   4.8260e-07   6.0104e-14
  7.1968e+21   10679.1300   6.6237e-01   1.2249e-05   4.8646e-07   2.4103e-14
  7.4674e+21   10666.1600   6.6483e-01   1.2436e-05   4.9045e-07   5.9088e-14
  7.7482e+21   10652.9300   6.6734e-01   1.2630e-05   4.9456e-07   2.7260e-14
  8.0396e+21   10639.4700   6.6989e-01   1.2830e-05   4.9880e-07   1.0525e-13
  8.3419e+21   10625.7600   6.7250e-01   1.3037e-05   5.0317e-07   2.2027e-15
  8.6556e+21   10611.8200   6.7515e-01   1.3249e-05   5.0768e-07   2.7165e-14
  8.9811e+21   10597.6400   6.7785e-01   1.3469e-05   5.1232e-07   4.5562e-14
  9.3188e+21   10583.2400   6.8060e-01   1.3695e-05   5.1711e-07   6.4794e-14
  9.6693e+21   10568.6200   6.8338e-01   1.3928e-05   5.2203e-07   3.5278e-14
  1.0033e+22   10553.7800   6.8622e-01   1.4168e-05   5.2710e-07   3.7173e-14
  1.0410e+22   10538.7400   6.8909e-01   1.4415e-05   5.3231e-07   2.3205e-14
  1.0802e+22   10523.4900   6.9200e-01   1.4668e-05   5.3767e-07   9.1788e-14
  1.1208e+22   10508.0600   6.9495e-01   1.4929e-05   5.4318e-07   2.9247e-14
  1.1629e+22   10492.4400   6.9793e-01   1.5197e-05   5.4885e-07   9.7937e-14
  1.2067e+22   10476.6400   7.0095e-01   1.5472e-05   5.5466e-07   5.4602e-14
  1.2520e+22   10460.6800   7.0401e-01   1.5753e-05   5.6063e-07   1.5564e-13
  1.2991e+22   10444.5500   7.0709e-01   1.6042e-05   5.6675e-07   6.5010e-14
  1.3480e+22   10428.2800   7.1020e-01   1.6339e-05   5.7303e-07   4.9066e-14
  1.3987e+22   10411.8800   7.1333e-01   1.6642e-05   5.7947e-07   2.2317e-13
  1.4513e+22   10395.3400   7.1649e-01   1.6952e-05   5.8606e-07   8.2824e-14
  1.5058e+22   10378.6900   7.1967e-01   1.7269e-05   5.9281e-07   8.0460e-14
  1.5625e+22   10361.9400   7.2287e-01   1.7593e-05   5.9971e-07   9.5147e-14
  1.6212e+22   10345.0900   7.2608e-01   1.7923e-05   6.0678e-07   1.0746e-13
  1.6822e+22   10328.1500   7.2931e-01   1.8260e-05   6.1400e-07   1.1678e-13
  1.7454e+22   10311.1400   7.3255e-01   1.8604e-05   6.2138e-07   8.3902e-14
  1.8111e+22   10294.0700   7.3579e-01   1.8955e-05   6.2891e-07   8.7236e-14
  1.8792e+22   10276.9500   7.3904e-01   1.9311e-05   6.3660e-07   2.1026e-13
  1.9499e+22   10259.8100   7.4230e-01   1.9673e-05   6.4444e-07   2.0977e-13
  2.0232e+22   10242.6400   7.4556e-01   2.0041e-05   6.5244e-07   1.8297e-13
  2.0993e+22   10225.4500   7.4881e-01   2.0416e-05   6.6058e-07   1.9945e-13
  2.1782e+22   10208.2500   7.5206e-01   2.0796e-05   6.6888e-07   2.1825e-13
  2.2601e+22   10191.0400   7.5531e-01   2.1181e-05   6.7733e-07   2.3871e-13
  2.3451e+22   10173.8500   7.5854e-01   2.1571e-05   6.8593e-07   3.0604e-13
  2.4333e+22   10156.6600   7.6177e-01   2.1967e-05   6.9467e-07   2.8593e-13
  2.5248e+22   10139.5000   7.6499e-01   2.2367e-05   7.0356e-07   3.1132e-13
  2.6197e+22   10122.3700   7.6819e-01   2.2772e-05   7.1260e-07   3.4250e-13
  2.7183e+22   10105.2800   7.7138e-01   2.3182e-05   7.2178e-07   3.7921e-13
  2.8205e+22   10088.2300   7.7455e-01   2.3596e-05   7.3110e-07   4.0914e-13
  2.9265e+22   10071.2200   7.7770e-01   2.4015e-05   7.4057e-07   4.4717e-13
  3.0366e+22   10054.2700   7.8083e-01   2.4437e-05   7.5017e-07   4.8865e-13
  3.1508e+22   10037.3800   7.8394e-01   2.4863e-05   7.5992e-07   5.3400e-13
  3.2693e+22   10020.5400   7.8703e-01   2.5293e-05   7.6981e-07   5.8256e-13
  3.3922e+22   10003.7700   7.9010e-01   2.5727e-05   7.7984e-07   6.3547e-13
  3.5198e+22    9985.4460   7.9240e-01   2.2477e-05   7.8925e-07   6.2841e-13
  3.6521e+22    9968.8030   7.9542e-01   2.2838e-05   7.9953e-07   6.8382e-13
  3.7895e+22    9952.2300   7.9841e-01   2.3201e-05   8.0995e-07   7.4355e-13
  3.9320e+22    9935.7290   8.0138e-01   2.3566e-05   8.2050e-07   8.0811e-13
  4.0798e+22    9919.2980   8.0432e-01   2.3933e-05   8.3120e-07   8.7774e-13
  4.2333e+22    9902.9390   8.0724e-01   2.4302e-05   8.4205e-07   9.5305e-13
  4.3925e+22    9886.6520   8.1013e-01   2.4672e-05   8.5303e-07   1.0339e-12
  4.5576e+22    9870.4370   8.1300e-01   2.5045e-05   8.6416e-07   1.1210e-12
  4.7290e+22    9854.2930   8.1584e-01   2.5419e-05   8.7544e-07   1.2152e-12
  4.9069e+22    9838.2200   8.1865e-01   2.5795e-05   8.8687e-07   1.3164e-12
  5.0914e+22    9822.2170   8.2144e-01   2.6173e-05   8.9845e-07   1.4252e-12
  5.2828e+22    9806.2840   8.2420e-01   2.6552e-05   9.1017e-07   1.5421e-12
  5.4815e+22    9790.4170   8.2693e-01   2.6932e-05   9.2206e-07   1.6678e-12
  5.6876e+22    9774.6200   8.2964e-01   2.7314e-05   9.3410e-07   1.8026e-12
  5.9015e+22    9758.8880   8.3232e-01   2.7698e-05   9.4629e-07   1.9473e-12
  6.1235e+22    9743.2220   8.3498e-01   2.8082e-05   9.5865e-07   2.1026e-12
  6.3537e+22    9727.6190   8.3761e-01   2.8468e-05   9.7117e-07   2.2689e-12
  6.5927e+22    9712.0790   8.4021e-01   2.8855e-05   9.8385e-07   2.4472e-12
  6.8406e+22    9696.6010   8.4278e-01   2.9243e-05   9.9671e-07   2.6381e-12
  7.0978e+22    9681.1830   8.4533e-01   2.9632e-05   1.0097e-06   2.8425e-12
  7.3647e+22    9665.8250   8.4785e-01   3.0022e-05   1.0229e-06   3.0612e-12
  7.6417e+22    9650.5260   8.5035e-01   3.0414e-05   1.0363e-06   3.2950e-12
  7.9290e+22    9635.2850   8.5282e-01   3.0806e-05   1.0498e-06   3.5450e-12
  8.2272e+22    9620.0980   8.5526e-01   3.1198e-05   1.0636e-06   3.8121e-12
  8.5366e+22    9604.9660   8.5768e-01   3.1592e-05   1.0775e-06   4.0974e-12
  8.8576e+22    9589.8870   8.6007e-01   3.1986e-05   1.0916e-06   4.4020e-12
  9.1907e+22    9574.8580   8.6244e-01   3.2381e-05   1.1059e-06   4.7271e-12
  9.5363e+22    9559.8780   8.6478e-01   3.2777e-05   1.1203e-06   5.0740e-12
  9.8949e+22    9544.9450   8.6709e-01   3.3173e-05   1.1350e-06   5.4440e-12
  1.0267e+23    9530.0580   8.6938e-01   3.3570e-05   1.1499e-06   5.8386e-12
  1.0653e+23    9515.2130   8.7165e-01   3.3968e-05   1.1650e-06   6.2593e-12
  1.1054e+23    9500.4080   8.7388e-01   3.4365e-05   1.1803e-06   6.7075e-12
  1.1469e+23    9485.6420   8.7610e-01   3.4764e-05   1.1958e-06   7.1853e-12
  1.1901e+23    9470.9100   8.7829e-01   3.5163e-05   1.2115e-06   7.6943e-12
  1.2348e+23    9456.2110   8.8046e-01   3.5562e-05   1.2275e-06   8.2366e-12
  1.2813e+23    9441.5410   8.8260e-01   3.5962e-05   1.2437e-06   8.8141e-12
  1.3294e+23    9426.8960   8.8472e-01   3.6362e-05   1.2601e-06   9.4292e-12
  1.3794e+23    9412.2730   8.8682e-01   3.6763e-05   1.2768e-06   1.0084e-11
  1.4313e+23    9397.6690   8.8889e-01   3.7165e-05   1.2938e-06   1.0782e-11
  1.4851e+23    9383.0790   8.9095e-01   3.7566e-05   1.3110e-06   1.1525e-11
  1.5410e+23    9368.4980   8.9298e-01   3.7969e-05   1.3285e-06   1.2316e-11
  1.5989e+23    9353.9240   8.9499e-01   3.8371e-05   1.3463e-06   1.3159e-11
  1.6591e+23    9339.3510   8.9698e-01   3.8775e-05   1.3643e-06   1.4056e-11
  1.7214e+23    9324.7740   8.9895e-01   3.9179e-05   1.3827e-06   1.5013e-11
  1.7862e+23    9310.1880   9.0090e-01   3.9583e-05   1.4014e-06   1.6032e-11
  1.8534e+23    9295.5880   9.0283e-01   3.9988e-05   1.4204e-06   1.7118e-11
  1.9230e+23    9280.9670   9.0474e-01   4.0394e-05   1.4398e-06   1.8276e-11
  1.9954e+23    9266.3210   9.0663e-01   4.0801e-05   1.4595e-06   1.9511e-11
  2.0704e+23    9251.6430   9.0850e-01   4.1209e-05   1.4796e-06   2.0828e-11
  2.1483e+23    9236.9260   9.1036e-01   4.1617e-05   1.5001e-06   2.2234e-11
  2.2290e+23    9222.1630   9.1220e-01   4.2026e-05   1.5211e-06   2.3734e-11
  2.3129e+23    9207.3490   9.1402e-01   4.2437e-05   1.5424e-06   2.5337e-11
  2.3998e+23    9192.4740   9.1583e-01   4.2848e-05   1.5642e-06   2.7050e-11
  2.4901e+23    9177.5310   9.1762e-01   4.3261e-05   1.5865e-06   2.8881e-11
  2.5837e+23    9162.5120   9.1939e-01   4.3675e-05   1.6093e-06   3.0839e-11
  2.6809e+23    9147.4080   9.2115e-01   4.4090e-05   1.6326e-06   3.2936e-11
  2.7817e+23    9132.2090   9.2290e-01   4.4506e-05   1.6564e-06   3.5181e-11
  2.8863e+23    9116.9100   9.2463e-01   4.4925e-05   1.6808e-06   3.7588e-11
  2.9949e+23    9101.4970   9.2635e-01   4.5345e-05   1.7059e-06   4.0170e-11
  3.1075e+23    9085.9600   9.2805e-01   4.5766e-05   1.7316e-06   4.2941e-11
  3.2243e+23    9070.2900   9.2975e-01   4.6189e-05   1.7579e-06   4.5918e-11
  3.3456e+23    9054.4750   9.3143e-01   4.6615e-05   1.7850e-06   4.9118e-11
  3.4714e+23    9038.5030   9.3309e-01   4.7042e-05   1.8129e-06   5.2562e-11
  3.6019e+23    9022.3610   9.3475e-01   4.7471e-05   1.8415e-06   5.6272e-11
  3.7374e+23    9006.0370   9.3639e-01   4.7902e-05   1.8711e-06   6.0270e-11
  3.8779e+23    8989.5180   9.3802e-01   4.8337e-05   1.9015e-06   6.4585e-11
  4.0238e+23    8972.7880   9.3964e-01   4.8773e-05   1.9329e-06   6.9247e-11
  4.1751e+23    8955.8310   9.4125e-01   4.9211e-05   1.9653e-06   7.4287e-11
  4.3321e+23    8938.6330   9.4285e-01   4.9653e-05   1.9988e-06   7.9743e-11
  4.4950e+23    8921.1750   9.4444e-01   5.0097e-05   2.0334e-06   8.5656e-11
  4.6640e+23    8903.4400   9.4602e-01   5.0544e-05   2.0693e-06   9.2071e-11
  4.8394e+23    8885.4070   9.4758e-01   5.0994e-05   2.1065e-06   9.9040e-11
  5.0214e+23    8867.0550   9.4913e-01   5.1447e-05   2.1451e-06   1.0662e-10
  5.2102e+23    8848.3620   9.5068e-01   5.1904e-05   2.1851e-06   1.1487e-10
  5.4061e+23    8829.3030   9.5221e-01   5.2364e-05   2.2268e-06   1.2387e-10
  5.6094e+23    8809.8520   9.5373e-01   5.2828e-05   2.2702e-06   1.3370e-10
  5.8204e+23    8789.9790   9.5523e-01   5.3295e-05   2.3154e-06   1.4445e-10
  6.0393e+23    8769.6540   9.5673e-01   5.3767e-05   2.3626e-06   1.5621e-10
  6.2664e+23    8748.8420   9.5821e-01   5.4243e-05   2.4119e-06   1.6912e-10
  6.5020e+23    8727.5050   9.5968e-01   5.4724e-05   2.4634e-06   1.8329e-10
  6.7465e+23    8705.6010   9.6113e-01   5.5210e-05   2.5175e-06   1.9888e-10
  7.0002e+23    8683.0820   9.6258e-01   5.5698e-05   2.5741e-06   2.1604e-10
  7.2635e+23    8659.9010   9.6400e-01   5.6202e-05   2.6337e-06   2.3502e-10
  7.5366e+23    8635.9950   9.6541e-01   5.6708e-05   2.6963e-06   2.5598e-10
  7.8200e+23    8611.3010   9.6681e-01   5.7222e-05   2.7623e-06   2.7921e-10
  8.1141e+23    8585.7450   9.6818e-01   5.7747e-05   2.8320e-06   3.0498e-10
  8.4192e+23    8559.2420   9.6954e-01   5.8281e-05   2.9056e-06   3.3365e-10
  8.7358e+23    8531.6960   9.7088e-01   5.8831e-05   2.9835e-06   3.6561e-10
  9.0644e+23    8502.9950   9.7220e-01   5.9395e-05   3.0662e-06   4.0131e-10
  9.4052e+23    8473.0090   9.7350e-01   5.9978e-05   3.1541e-06   4.4129e-10
  9.7589e+23    8441.5880   9.7478e-01   6.0585e-05   3.2477e-06   4.8619e-10
  1.0126e+24    8408.5480   9.7604e-01   6.1218e-05   3.3476e-06   5.3675e-10
  1.0507e+24    8373.6780   9.7727e-01   6.1887e-05   3.4544e-06   5.9389e-10
  1.0902e+24    8336.7160   9.7847e-01   6.2599e-05   3.5688e-06   6.5868e-10
  1.1312e+24    8297.3460   9.7965e-01   6.3365e-05   3.6917e-06   7.3246e-10
  1.1737e+24    8255.1750   9.8080e-01   6.4199e-05   3.8240e-06   8.1688e-10
  1.2178e+24    8209.7080   9.8193e-01   6.5123e-05   3.9669e-06   9.1403e-10
  1.2636e+24    8160.3110   9.8302e-01   6.6163e-05   4.1216e-06   1.0266e-09
  1.3112e+24    8106.1530   9.8408e-01   6.7357e-05   4.2897e-06   1.1581e-09
  1.3605e+24    8046.1060   9.8511e-01   6.8762e-05   4.4730e-06   1.3133e-09
  1.4116e+24    7978.6080   9.8611e-01   7.0459e-05   4.6737e-06   1.4991e-09
  1.4647e+24    7901.4510   9.8708e-01   7.2574e-05   4.8540e-06   1.7259e-09
  1.5198e+24    7810.9190   9.8802e-01   7.5329e-05   5.1065e-06   2.0089e-09
  1.5769e+24    7701.1120   9.8892e-01   7.9114e-05   5.3896e-06   2.3763e-09
  1.6363e+24    7560.4720   9.8979e-01   8.4756e-05   5.7130e-06   2.8837e-09
  1.6978e+24    7360.6150   9.9065e-01   9.4493e-05   6.0977e-06   3.6736e-09
  1.7616e+24    6963.4640   9.9152e-01   1.2074e-04   6.6400e-06   5.4780e-09
  1.8279e+24    4664.1050   9.9299e-01   3.4714e-04   8.7234e-06   2.0306e-08
  1.8966e+24    4230.4920   9.9374e-01   3.6081e-04   9.4839e-06   2.4502e-08
  1.9679e+24    3855.9940   9.9441e-01   3.7061e-04   1.0303e-05   2.9279e-08
  2.0419e+24    2347.0960   9.9409e-01   1.1740e-03   1.3877e-05   2.7985e-08
  2.1187e+24    1987.4090   9.9358e-01   1.7160e-03   1.5248e-05   3.3839e-08
  2.1984e+24    1714.8860   9.9244e-01   2.5210e-03   1.6717e-05   4.0476e-08
  2.2811e+24    1515.0430   9.9070e-01   3.5835e-03   1.8240e-05   4.7888e-08
  2.3668e+24    1365.4510   9.8842e-01   4.8872e-03   1.9832e-05   5.6463e-08
  2.4559e+24    1248.9530   9.8560e-01   6.4284e-03   2.1531e-05   6.6870e-08
  2.5482e+24    1154.7140   9.8226e-01   8.2139e-03   2.3381e-05   8.0085e-08
  2.6440e+24    1076.0010   9.7837e-01   1.0257e-02   2.5422e-05   9.7584e-08
  2.7435e+24    1008.4280   9.7390e-01   1.2581e-02   2.7687e-05   1.2168e-07
  2.8466e+24     949.4538   9.6899e-01   1.5106e-02   3.0185e-05   1.5515e-07
  2.9537e+24     895.3160   9.6307e-01   1.8132e-02   3.2988e-05   2.0513e-07
  3.0648e+24     845.7057   9.5617e-01   2.1637e-02   3.6084e-05   2.8101e-07
  3.1800e+24     799.2816   9.4802e-01   2.5760e-02   3.9470e-05   3.9965e-07
