# AV             Temperature    H              H2             C              CO
  0.0000000E+00  0.1564062E+03  0.9997198E+03  0.1238551E+00  0.6121959E-04  0.2918145E-07
  0.1000026E-04  0.1564048E+03  0.9997178E+03  0.1248508E+00  0.6124042E-04  0.2918585E-07
  0.1047156E-04  0.1564048E+03  0.9997177E+03  0.1248967E+00  0.6124085E-04  0.2918606E-07
  0.1096507E-04  0.1564047E+03  0.9997176E+03  0.1249449E+00  0.6124130E-04  0.2918627E-07
  0.1148183E-04  0.1564046E+03  0.9997175E+03  0.1249954E+00  0.6124174E-04  0.2918650E-07
  0.1202295E-04  0.1564045E+03  0.9997174E+03  0.1250483E+00  0.6124220E-04  0.2918674E-07
  0.1258958E-04  0.1564044E+03  0.9997173E+03  0.1251038E+00  0.6124267E-04  0.2918698E-07
  0.1318291E-04  0.1564044E+03  0.9997172E+03  0.1251620E+00  0.6124315E-04  0.2918724E-07
  0.1380420E-04  0.1564043E+03  0.9997170E+03  0.1252230E+00  0.6124363E-04  0.2918752E-07
  0.1445477E-04  0.1564042E+03  0.9997169E+03  0.1252870E+00  0.6124413E-04  0.2918780E-07
  0.1513600E-04  0.1564041E+03  0.9997168E+03  0.1253541E+00  0.6124464E-04  0.2918810E-07
  0.1584934E-04  0.1564040E+03  0.9997166E+03  0.1254245E+00  0.6124515E-04  0.2918842E-07
  0.1659629E-04  0.1564039E+03  0.9997165E+03  0.1254983E+00  0.6124568E-04  0.2918875E-07
  0.1737845E-04  0.1564038E+03  0.9997163E+03  0.1255757E+00  0.6124621E-04  0.2918909E-07
  0.1819749E-04  0.1564036E+03  0.9997162E+03  0.1256570E+00  0.6124676E-04  0.2918945E-07
  0.1905511E-04  0.1564035E+03  0.9997160E+03  0.1257352E+00  0.6124733E-04  0.2918981E-07
  0.1995315E-04  0.1564034E+03  0.9997159E+03  0.1258055E+00  0.6124795E-04  0.2919015E-07
  0.2089351E-04  0.1564033E+03  0.9997157E+03  0.1258793E+00  0.6124858E-04  0.2919051E-07
  0.2187819E-04  0.1564031E+03  0.9997156E+03  0.1259567E+00  0.6124922E-04  0.2919088E-07
  0.2290928E-04  0.1564030E+03  0.9997154E+03  0.1260379E+00  0.6124987E-04  0.2919127E-07
  0.2398896E-04  0.1564028E+03  0.9997153E+03  0.1261231E+00  0.6125054E-04  0.2919168E-07
  0.2511952E-04  0.1564027E+03  0.9997151E+03  0.1262125E+00  0.6125123E-04  0.2919211E-07
  0.2630338E-04  0.1564025E+03  0.9997149E+03  0.1263063E+00  0.6125193E-04  0.2919257E-07
  0.2754300E-04  0.1564023E+03  0.9997147E+03  0.1264047E+00  0.6125264E-04  0.2919304E-07
  0.2884106E-04  0.1564021E+03  0.9997145E+03  0.1265080E+00  0.6125337E-04  0.2919354E-07
  0.3020030E-04  0.1564019E+03  0.9997143E+03  0.1266165E+00  0.6125411E-04  0.2919406E-07
  0.3162361E-04  0.1564017E+03  0.9997140E+03  0.1267304E+00  0.6125487E-04  0.2919461E-07
  0.3311398E-04  0.1564015E+03  0.9997138E+03  0.1268500E+00  0.6125565E-04  0.2919518E-07
  0.3467459E-04  0.1564013E+03  0.9997136E+03  0.1269756E+00  0.6125644E-04  0.2919578E-07
  0.3630874E-04  0.1564011E+03  0.9997133E+03  0.1271075E+00  0.6125725E-04  0.2919642E-07
  0.3801993E-04  0.1564008E+03  0.9997130E+03  0.1272460E+00  0.6125807E-04  0.2919708E-07
  0.3981175E-04  0.1564006E+03  0.9997127E+03  0.1273916E+00  0.6125892E-04  0.2919778E-07
  0.4168802E-04  0.1564003E+03  0.9997124E+03  0.1275445E+00  0.6125978E-04  0.2919851E-07
  0.4365271E-04  0.1564000E+03  0.9997121E+03  0.1277053E+00  0.6126066E-04  0.2919929E-07
  0.4571000E-04  0.1563997E+03  0.9997118E+03  0.1278743E+00  0.6126156E-04  0.2920010E-07
  0.4786424E-04  0.1563994E+03  0.9997114E+03  0.1280519E+00  0.6126247E-04  0.2920095E-07
  0.5012001E-04  0.1563991E+03  0.9997110E+03  0.1282388E+00  0.6126341E-04  0.2920184E-07
  0.5248215E-04  0.1563987E+03  0.9997106E+03  0.1284353E+00  0.6126436E-04  0.2920278E-07
  0.5495548E-04  0.1563984E+03  0.9997102E+03  0.1286420E+00  0.6126533E-04  0.2920377E-07
  0.5754552E-04  0.1563980E+03  0.9997098E+03  0.1288596E+00  0.6126632E-04  0.2920481E-07
  0.6025749E-04  0.1563976E+03  0.9997093E+03  0.1290886E+00  0.6126733E-04  0.2920590E-07
  0.6309740E-04  0.1563972E+03  0.9997089E+03  0.1293297E+00  0.6126837E-04  0.2920705E-07
  0.6607109E-04  0.1563968E+03  0.9997084E+03  0.1295835E+00  0.6126942E-04  0.2920826E-07
  0.6918494E-04  0.1563963E+03  0.9997078E+03  0.1298510E+00  0.6127049E-04  0.2920953E-07
  0.7244551E-04  0.1563959E+03  0.9997073E+03  0.1301329E+00  0.6127158E-04  0.2921087E-07
  0.7585975E-04  0.1563954E+03  0.9997067E+03  0.1304299E+00  0.6127269E-04  0.2921229E-07
  0.7943491E-04  0.1563949E+03  0.9997060E+03  0.1307432E+00  0.6127382E-04  0.2921377E-07
  0.8317855E-04  0.1563943E+03  0.9997054E+03  0.1310737E+00  0.6127497E-04  0.2921534E-07
  0.8709862E-04  0.1563938E+03  0.9997047E+03  0.1314224E+00  0.6127613E-04  0.2921700E-07
  0.9120345E-04  0.1563932E+03  0.9997040E+03  0.1317906E+00  0.6127732E-04  0.2921874E-07
  0.9550176E-04  0.1563926E+03  0.9997032E+03  0.1321794E+00  0.6127853E-04  0.2922058E-07
  0.1000026E-03  0.1563919E+03  0.9997024E+03  0.1325902E+00  0.6127975E-04  0.2922253E-07
  0.1047156E-03  0.1563913E+03  0.9997015E+03  0.1330245E+00  0.6128099E-04  0.2922458E-07
  0.1096507E-03  0.1563906E+03  0.9997006E+03  0.1334839E+00  0.6128225E-04  0.2922675E-07
  0.1148183E-03  0.1563898E+03  0.9996996E+03  0.1339700E+00  0.6128352E-04  0.2922904E-07
  0.1202296E-03  0.1563890E+03  0.9996986E+03  0.1344848E+00  0.6128481E-04  0.2923146E-07
  0.1258958E-03  0.1563882E+03  0.9996975E+03  0.1350302E+00  0.6128611E-04  0.2923403E-07
  0.1318291E-03  0.1563874E+03  0.9996963E+03  0.1356084E+00  0.6128742E-04  0.2923675E-07
  0.1380420E-03  0.1563865E+03  0.9996951E+03  0.1362219E+00  0.6128874E-04  0.2923963E-07
  0.1445477E-03  0.1563856E+03  0.9996938E+03  0.1368733E+00  0.6129007E-04  0.2924268E-07
  0.1513600E-03  0.1563846E+03  0.9996924E+03  0.1375655E+00  0.6129140E-04  0.2924593E-07
  0.1584935E-03  0.1563836E+03  0.9996910E+03  0.1383016E+00  0.6129273E-04  0.2924937E-07
  0.1659630E-03  0.1563825E+03  0.9996894E+03  0.1390852E+00  0.6129405E-04  0.2925304E-07
  0.1737846E-03  0.1563814E+03  0.9996877E+03  0.1399201E+00  0.6129537E-04  0.2925694E-07
  0.1819748E-03  0.1563802E+03  0.9996860E+03  0.1408106E+00  0.6129667E-04  0.2926110E-07
  0.1905510E-03  0.1563790E+03  0.9996843E+03  0.1416372E+00  0.6129826E-04  0.2926511E-07
  0.1995315E-03  0.1563777E+03  0.9996831E+03  0.1422549E+00  0.6130048E-04  0.2926845E-07
  0.2089351E-03  0.1563763E+03  0.9996818E+03  0.1429103E+00  0.6130274E-04  0.2927200E-07
  0.2187819E-03  0.1563749E+03  0.9996804E+03  0.1436064E+00  0.6130504E-04  0.2927575E-07
  0.2290928E-03  0.1563735E+03  0.9996789E+03  0.1443463E+00  0.6130738E-04  0.2927973E-07
  0.2398896E-03  0.1563719E+03  0.9996773E+03  0.1451333E+00  0.6130976E-04  0.2928396E-07
  0.2511952E-03  0.1563703E+03  0.9996757E+03  0.1459713E+00  0.6131217E-04  0.2928845E-07
  0.2630338E-03  0.1563686E+03  0.9996739E+03  0.1468645E+00  0.6131461E-04  0.2929322E-07
  0.2754300E-03  0.1563668E+03  0.9996720E+03  0.1478174E+00  0.6131708E-04  0.2929830E-07
  0.2884106E-03  0.1563650E+03  0.9996700E+03  0.1488353E+00  0.6131956E-04  0.2930372E-07
  0.3020030E-03  0.1563630E+03  0.9996678E+03  0.1499239E+00  0.6132207E-04  0.2930949E-07
  0.3162361E-03  0.1563610E+03  0.9996655E+03  0.1510897E+00  0.6132458E-04  0.2931566E-07
  0.3311398E-03  0.1563589E+03  0.9996630E+03  0.1523398E+00  0.6132709E-04  0.2932227E-07
  0.3467457E-03  0.1563566E+03  0.9996603E+03  0.1536826E+00  0.6132959E-04  0.2932934E-07
  0.3630874E-03  0.1563543E+03  0.9996574E+03  0.1551272E+00  0.6133207E-04  0.2933694E-07
  0.3801993E-03  0.1563518E+03  0.9996543E+03  0.1566842E+00  0.6133450E-04  0.2934511E-07
  0.3981175E-03  0.1563493E+03  0.9996509E+03  0.1583656E+00  0.6133689E-04  0.2935392E-07
  0.4168802E-03  0.1563466E+03  0.9996473E+03  0.1601854E+00  0.6133919E-04  0.2936343E-07
  0.4365271E-03  0.1563438E+03  0.9996434E+03  0.1621594E+00  0.6134140E-04  0.2937374E-07
  0.4571000E-03  0.1563408E+03  0.9996391E+03  0.1643065E+00  0.6134346E-04  0.2938494E-07
  0.4786424E-03  0.1563378E+03  0.9996344E+03  0.1666482E+00  0.6134536E-04  0.2939715E-07
  0.5012003E-03  0.1563345E+03  0.9996293E+03  0.1692105E+00  0.6134704E-04  0.2941051E-07
  0.5248211E-03  0.1563311E+03  0.9996237E+03  0.1720238E+00  0.6134844E-04  0.2942519E-07
  0.5495552E-03  0.1563276E+03  0.9996198E+03  0.1739948E+00  0.6135222E-04  0.2943667E-07
  0.5754549E-03  0.1563239E+03  0.9996157E+03  0.1760160E+00  0.6135621E-04  0.2944861E-07
  0.6025753E-03  0.1563200E+03  0.9996114E+03  0.1782094E+00  0.6136015E-04  0.2946152E-07
  0.6309736E-03  0.1563160E+03  0.9996066E+03  0.1805958E+00  0.6136400E-04  0.2947555E-07
  0.6607109E-03  0.1563117E+03  0.9996014E+03  0.1831997E+00  0.6136772E-04  0.2949082E-07
  0.6918494E-03  0.1563073E+03  0.9995957E+03  0.1860500E+00  0.6137127E-04  0.2950751E-07
  0.7244551E-03  0.1563026E+03  0.9995895E+03  0.1891812E+00  0.6137457E-04  0.2952583E-07
  0.7585975E-03  0.1562977E+03  0.9995826E+03  0.1926345E+00  0.6137757E-04  0.2954603E-07
  0.7943491E-03  0.1562926E+03  0.9995750E+03  0.1964601E+00  0.6138016E-04  0.2956843E-07
  0.8317857E-03  0.1562872E+03  0.9995665E+03  0.2007196E+00  0.6138222E-04  0.2959341E-07
  0.8709862E-03  0.1562816E+03  0.9995570E+03  0.2054892E+00  0.6138362E-04  0.2962147E-07
  0.9120346E-03  0.1562758E+03  0.9995462E+03  0.2108653E+00  0.6138414E-04  0.2965325E-07
  0.9550174E-03  0.1562696E+03  0.9995342E+03  0.2169001E+00  0.6138372E-04  0.2968922E-07
  0.1000026E-02  0.1562632E+03  0.9995256E+03  0.2211958E+00  0.6138808E-04  0.2971723E-07
  0.1047156E-02  0.1562564E+03  0.9995161E+03  0.2259775E+00  0.6139192E-04  0.2974847E-07
  0.1096507E-02  0.1562494E+03  0.9995054E+03  0.2313303E+00  0.6139508E-04  0.2978354E-07
  0.1148183E-02  0.1562420E+03  0.9994934E+03  0.2373617E+00  0.6139734E-04  0.2982323E-07
  0.1202295E-02  0.1562343E+03  0.9994797E+03  0.2442090E+00  0.6139842E-04  0.2986858E-07
  0.1258958E-02  0.1562262E+03  0.9994641E+03  0.2520512E+00  0.6139798E-04  0.2992098E-07
  0.1318291E-02  0.1562177E+03  0.9994460E+03  0.2611266E+00  0.6139550E-04  0.2998234E-07
  0.1380420E-02  0.1562088E+03  0.9994248E+03  0.2717609E+00  0.6139031E-04  0.3005535E-07
  0.1445478E-02  0.1561995E+03  0.9994036E+03  0.2823819E+00  0.6138619E-04  0.3013095E-07
  0.1513601E-02  0.1561898E+03  0.9993853E+03  0.2915525E+00  0.6138650E-04  0.3019966E-07
  0.1584935E-02  0.1553214E+03  0.9993653E+03  0.3015936E+00  0.6154699E-04  0.3032563E-07
  0.1659630E-02  0.1553108E+03  0.9993406E+03  0.3140083E+00  0.6154225E-04  0.3042038E-07
  0.1737846E-02  0.1552997E+03  0.9993111E+03  0.3287970E+00  0.6153332E-04  0.3053566E-07
  0.1819748E-02  0.1544301E+03  0.9992796E+03  0.3445965E+00  0.6168640E-04  0.3070937E-07
  0.1905510E-02  0.1544180E+03  0.9992390E+03  0.3649894E+00  0.6166812E-04  0.3087639E-07
  0.1995315E-02  0.1544053E+03  0.9992044E+03  0.3823347E+00  0.6165833E-04  0.3102685E-07
  0.2089350E-02  0.1543920E+03  0.9991623E+03  0.4034253E+00  0.6164182E-04  0.3121510E-07
  0.2187819E-02  0.1543781E+03  0.9991098E+03  0.4297228E+00  0.6161562E-04  0.3145844E-07
  0.2290926E-02  0.1543636E+03  0.9990487E+03  0.4603542E+00  0.6158207E-04  0.3175571E-07
  0.2398896E-02  0.1543483E+03  0.9989924E+03  0.4885926E+00  0.6155612E-04  0.3204603E-07
  0.2511952E-02  0.1543324E+03  0.9989207E+03  0.5245269E+00  0.6151589E-04  0.3243170E-07
  0.2630338E-02  0.1543156E+03  0.9988256E+03  0.5721798E+00  0.6145354E-04  0.3297177E-07
  0.2754300E-02  0.1542981E+03  0.9987303E+03  0.6199138E+00  0.6139469E-04  0.3355032E-07
  0.2884106E-02  0.1542798E+03  0.9986187E+03  0.6758444E+00  0.6132254E-04  0.3427133E-07
  0.3020030E-02  0.1542606E+03  0.9984619E+03  0.7544285E+00  0.6120871E-04  0.3535696E-07
  0.3162361E-02  0.1542405E+03  0.9983051E+03  0.8330157E+00  0.6110133E-04  0.3653212E-07
  0.3311398E-02  0.1542195E+03  0.9980913E+03  0.9401190E+00  0.6094507E-04  0.3826137E-07
  0.3467459E-02  0.1541975E+03  0.9978121E+03  0.1080035E+01  0.6073702E-04  0.4073169E-07
  0.3630874E-02  0.1533179E+03  0.9974873E+03  0.1242760E+01  0.6068460E-04  0.4378653E-07
  0.3801993E-02  0.1524375E+03  0.9970109E+03  0.1481413E+01  0.6052786E-04  0.4868306E-07
  0.3981175E-02  0.1524125E+03  0.9964076E+03  0.1783600E+01  0.6011855E-04  0.5569817E-07
  0.4168802E-02  0.1523864E+03  0.9954986E+03  0.2238832E+01  0.5953585E-04  0.6742385E-07
  0.4365273E-02  0.1506471E+03  0.9943742E+03  0.2801805E+01  0.5929284E-04  0.8240688E-07
  0.4571002E-02  0.1506188E+03  0.9924368E+03  0.3771669E+01  0.5834819E-04  0.1116032E-06
  0.4786426E-02  0.1488778E+03  0.9890867E+03  0.5448161E+01  0.5751965E-04  0.1626528E-06
  0.5012003E-02  0.1488471E+03  0.9839549E+03  0.8015695E+01  0.5623328E-04  0.2426000E-06
  0.5248211E-02  0.1471044E+03  0.9757523E+03  0.1211852E+02  0.5547196E-04  0.3571240E-06
  0.5495552E-02  0.1462161E+03  0.9641216E+03  0.1793519E+02  0.5487883E-04  0.5002590E-06
  0.5754549E-02  0.1453266E+03  0.9493292E+03  0.2533227E+02  0.5472169E-04  0.6530207E-06
  0.6025753E-02  0.1452906E+03  0.9302111E+03  0.3489204E+02  0.5469891E-04  0.8172155E-06
  0.6309736E-02  0.1461073E+03  0.9103520E+03  0.4482209E+02  0.5476629E-04  0.9584011E-06
  0.6607105E-02  0.1469217E+03  0.8889691E+03  0.5551385E+02  0.5501352E-04  0.1082413E-05
  0.6918488E-02  0.1468799E+03  0.8679958E+03  0.6600071E+02  0.5555408E-04  0.1179541E-05
  0.7244547E-02  0.1468361E+03  0.8466659E+03  0.7666586E+02  0.5616608E-04  0.1260615E-05
  0.7585975E-02  0.1484971E+03  0.8269620E+03  0.8651795E+02  0.5642772E-04  0.1327772E-05
  0.7943491E-02  0.1484486E+03  0.8083313E+03  0.9583337E+02  0.5709312E-04  0.1376736E-05
  0.8317857E-02  0.1492506E+03  0.7868318E+03  0.1065832E+03  0.5763727E-04  0.1425322E-05
  0.8709864E-02  0.1491971E+03  0.7708319E+03  0.1145832E+03  0.5832648E-04  0.1454186E-05
  0.9120346E-02  0.1499934E+03  0.7530295E+03  0.1234845E+03  0.5883350E-04  0.1482956E-05
  0.9550176E-02  0.1499344E+03  0.7339026E+03  0.1330480E+03  0.5960908E-04  0.1505615E-05
  0.1000026E-01  0.1515758E+03  0.7190861E+03  0.1404563E+03  0.6001422E-04  0.1524348E-05
  0.1047156E-01  0.1515105E+03  0.7036902E+03  0.1481543E+03  0.6077945E-04  0.1536327E-05
  0.1096507E-01  0.1531438E+03  0.6836037E+03  0.1581976E+03  0.6126963E-04  0.1550594E-05
  0.1148183E-01  0.1530715E+03  0.6694958E+03  0.1652516E+03  0.6206588E-04  0.1556257E-05
  0.1202296E-01  0.1538457E+03  0.6550986E+03  0.1724502E+03  0.6270368E-04  0.1584723E-05
  0.1258958E-01  0.1546156E+03  0.6379766E+03  0.1810112E+03  0.6340692E-04  0.1609993E-05
  0.1318291E-01  0.1545318E+03  0.6232048E+03  0.1883971E+03  0.6428649E-04  0.1631099E-05
  0.1380421E-01  0.1552926E+03  0.6102249E+03  0.1948871E+03  0.6498297E-04  0.1652166E-05
  0.1445478E-01  0.1560484E+03  0.5954232E+03  0.2022880E+03  0.6572774E-04  0.1669658E-05
  0.1513601E-01  0.1559513E+03  0.5784564E+03  0.2107714E+03  0.6672578E-04  0.1681512E-05
  0.1584935E-01  0.1575437E+03  0.5640812E+03  0.2179590E+03  0.6735747E-04  0.1696012E-05
  0.1659630E-01  0.1625148E+03  0.5401363E+03  0.2299315E+03  0.6788735E-04  0.1714505E-05
  0.1737846E-01  0.1623987E+03  0.5250487E+03  0.2374753E+03  0.6895250E-04  0.1717893E-05
  0.1819748E-01  0.1622772E+03  0.5093093E+03  0.2453450E+03  0.7006895E-04  0.1718086E-05
  0.1905510E-01  0.1596198E+03  0.5054016E+03  0.2472989E+03  0.7119316E-04  0.1721260E-05
  0.1995315E-01  0.1607546E+03  0.4927854E+03  0.2536070E+03  0.7206971E-04  0.1725592E-05
  0.2089350E-01  0.1618912E+03  0.4786575E+03  0.2606710E+03  0.7301492E-04  0.1725676E-05
  0.2187819E-01  0.1625749E+03  0.4630344E+03  0.2684825E+03  0.7412771E-04  0.1720362E-05
  0.2290926E-01  0.1632634E+03  0.4474552E+03  0.2762721E+03  0.7528913E-04  0.1713055E-05
  0.2398896E-01  0.1631025E+03  0.4362050E+03  0.2818972E+03  0.7660649E-04  0.1710842E-05
  0.2511952E-01  0.1629342E+03  0.4237539E+03  0.2881228E+03  0.7799756E-04  0.1704813E-05
  0.2630338E-01  0.1644362E+03  0.4089417E+03  0.2955289E+03  0.7913017E-04  0.1694671E-05
  0.2754300E-01  0.1650882E+03  0.3931590E+03  0.3034203E+03  0.8051209E-04  0.1679036E-05
  0.2884106E-01  0.1657297E+03  0.3799483E+03  0.3100256E+03  0.8192507E-04  0.1667373E-05
  0.3020030E-01  0.1671962E+03  0.3659108E+03  0.3170444E+03  0.8326227E-04  0.1653297E-05
  0.3162361E-01  0.1669792E+03  0.3535765E+03  0.3232115E+03  0.8498072E-04  0.1639498E-05
  0.3311398E-01  0.1667523E+03  0.3430024E+03  0.3284986E+03  0.8674023E-04  0.1628891E-05
  0.3467459E-01  0.1681802E+03  0.3309430E+03  0.3345283E+03  0.8821488E-04  0.1615223E-05
  0.3630874E-01  0.1679297E+03  0.3183431E+03  0.3408282E+03  0.9018105E-04  0.1597080E-05
  0.3801993E-01  0.1693279E+03  0.3037379E+03  0.3481309E+03  0.9191924E-04  0.1574103E-05
  0.3981175E-01  0.1690515E+03  0.2918537E+03  0.3540730E+03  0.9406632E-04  0.1555824E-05
  0.4168802E-01  0.1704171E+03  0.2809715E+03  0.3595141E+03  0.9591093E-04  0.1541526E-05
  0.4365273E-01  0.1701122E+03  0.2698695E+03  0.3650651E+03  0.9825255E-04  0.1524443E-05
  0.4571002E-01  0.1714420E+03  0.2569608E+03  0.3715195E+03  0.1004112E-03  0.1503002E-05
  0.4786426E-01  0.1711058E+03  0.2449842E+03  0.3775078E+03  0.1030219E-03  0.1482135E-05
  0.5012003E-01  0.1715755E+03  0.2356097E+03  0.3821950E+03  0.1054753E-03  0.1470031E-05
  0.5248211E-01  0.1720260E+03  0.2254020E+03  0.3872989E+03  0.1081263E-03  0.1455167E-05
  0.5495552E-01  0.1716390E+03  0.2147578E+03  0.3926210E+03  0.1111338E-03  0.1437954E-05
  0.5754549E-01  0.1728656E+03  0.2027609E+03  0.3986195E+03  0.1139604E-03  0.1417455E-05
  0.6025753E-01  0.1724395E+03  0.1941648E+03  0.4029175E+03  0.1172532E-03  0.1407246E-05
  0.6309736E-01  0.1719945E+03  0.1853595E+03  0.4073202E+03  0.1207375E-03  0.1396565E-05
  0.6607105E-01  0.1731481E+03  0.1755699E+03  0.4122149E+03  0.1240392E-03  0.1383966E-05
  0.6918488E-01  0.1726585E+03  0.1656068E+03  0.4171965E+03  0.1279768E-03  0.1369509E-05
  0.7244545E-01  0.1721475E+03  0.1574169E+03  0.4212914E+03  0.1320925E-03  0.1362068E-05
  0.7585975E-01  0.1732181E+03  0.1491583E+03  0.4254208E+03  0.1360674E-03  0.1356294E-05
  0.7943491E-01  0.1726564E+03  0.1409412E+03  0.4295293E+03  0.1406968E-03  0.1349843E-05
  0.8317855E-01  0.1720704E+03  0.1322667E+03  0.4338666E+03  0.1456364E-03  0.1342164E-05
  0.8709862E-01  0.1714592E+03  0.1250218E+03  0.4374890E+03  0.1508378E-03  0.1341030E-05
  0.9120346E-01  0.1724034E+03  0.1178922E+03  0.4410538E+03  0.1559029E-03  0.1342574E-05
  0.9550174E-01  0.1717326E+03  0.1107224E+03  0.4446387E+03  0.1617975E-03  0.1343675E-05
  0.1000026E+00  0.1710333E+03  0.1032173E+03  0.4483913E+03  0.1681065E-03  0.1344387E-05
  0.1047156E+00  0.1703044E+03  0.9716785E+02  0.4514160E+03  0.1747817E-03  0.1352783E-05
  0.1096507E+00  0.1695448E+03  0.9119555E+02  0.4544022E+03  0.1819172E-03  0.1363043E-05
  0.1148183E+00  0.1687534E+03  0.8499166E+02  0.4575041E+03  0.1895715E-03  0.1373874E-05
  0.1202295E+00  0.1679292E+03  0.7880138E+02  0.4605992E+03  0.1977813E-03  0.1386545E-05
  0.1258958E+00  0.1670709E+03  0.7380907E+02  0.4630954E+03  0.2065296E-03  0.1407056E-05
  0.1318291E+00  0.1661775E+03  0.6865993E+02  0.4656700E+03  0.2159422E-03  0.1429199E-05
  0.1380420E+00  0.1652476E+03  0.6335537E+02  0.4683223E+03  0.2260859E-03  0.1453174E-05
  0.1445477E+00  0.1642800E+03  0.5869114E+02  0.4706544E+03  0.2369806E-03  0.1483407E-05
  0.1513600E+00  0.1632737E+03  0.5438630E+02  0.4728068E+03  0.2487164E-03  0.1518947E-05
  0.1584934E+00  0.1614832E+03  0.5005911E+02  0.4749704E+03  0.2616796E-03  0.1557411E-05
  0.1659629E+00  0.1596613E+03  0.4614823E+02  0.4769258E+03  0.2756967E-03  0.1602518E-05
  0.1737845E+00  0.1585414E+03  0.4256728E+02  0.4787163E+03  0.2905459E-03  0.1655211E-05
  0.1819749E+00  0.1573782E+03  0.3893139E+02  0.4805343E+03  0.3066784E-03  0.1713144E-05
  0.1905511E+00  0.1547244E+03  0.3562471E+02  0.4821876E+03  0.3247972E-03  0.1777406E-05
  0.1995315E+00  0.1534824E+03  0.3271273E+02  0.4836436E+03  0.3438660E-03  0.1853051E-05
  0.2089351E+00  0.1507715E+03  0.2986989E+02  0.4850650E+03  0.3653492E-03  0.1935231E-05
  0.2187819E+00  0.1480378E+03  0.2717360E+02  0.4864131E+03  0.3887633E-03  0.2027224E-05
  0.2290928E+00  0.1466786E+03  0.2482525E+02  0.4875873E+03  0.4136708E-03  0.2134203E-05
  0.2398896E+00  0.1438869E+03  0.2261470E+02  0.4886926E+03  0.4415698E-03  0.2247137E-05
  0.2511952E+00  0.1410728E+03  0.2053738E+02  0.4897313E+03  0.4725270E-03  0.2372224E-05
  0.2630338E+00  0.1389146E+03  0.1874464E+02  0.4906276E+03  0.5060157E-03  0.2515879E-05
  0.2754300E+00  0.1367203E+03  0.1694866E+02  0.4915256E+03  0.5430174E-03  0.2677869E-05
  0.2884106E+00  0.1325022E+03  0.1546081E+02  0.4922695E+03  0.5851545E-03  0.2857805E-05
  0.3020030E+00  0.1302593E+03  0.1405091E+02  0.4929745E+03  0.6304531E-03  0.3067370E-05
  0.3162361E+00  0.1266883E+03  0.1270212E+02  0.4936489E+03  0.6817910E-03  0.3301637E-05
  0.3311398E+00  0.1237540E+03  0.1159521E+02  0.4942023E+03  0.7383515E-03  0.3572332E-05
  0.3467459E+00  0.1208029E+03  0.1054690E+02  0.4947265E+03  0.8010878E-03  0.3880941E-05
  0.3630874E+00  0.1172160E+03  0.9584531E+01  0.4952077E+03  0.8727359E-03  0.4235269E-05
  0.3801993E+00  0.1136336E+03  0.8796647E+01  0.4956016E+03  0.9526216E-03  0.4642436E-05
  0.3981175E+00  0.1100578E+03  0.8031165E+01  0.4959843E+03  0.1042477E-02  0.5112352E-05
  0.4168802E+00  0.1064912E+03  0.7423963E+01  0.4962879E+03  0.1143852E-02  0.5658094E-05
  0.4365271E+00  0.1029364E+03  0.6861323E+01  0.4965693E+03  0.1258424E-02  0.6293004E-05
  0.4571000E+00  0.9939623E+02  0.6378791E+01  0.4968105E+03  0.1388437E-02  0.7035360E-05
  0.4786424E+00  0.9531289E+02  0.5990774E+01  0.4970045E+03  0.1537149E-02  0.7898152E-05
  0.5012001E+00  0.9182160E+02  0.5628752E+01  0.4971855E+03  0.1705959E-02  0.8922847E-05
  0.5248209E+00  0.8808496E+02  0.5358544E+01  0.4973206E+03  0.1899634E-02  0.1012854E-04
  0.5495548E+00  0.8438698E+02  0.5109108E+01  0.4974453E+03  0.2122937E-02  0.1155830E-04
  0.5754552E+00  0.8098932E+02  0.4930904E+01  0.4975344E+03  0.2377483E-02  0.1327104E-04
  0.6025755E+00  0.7712221E+02  0.4782123E+01  0.4976088E+03  0.2673861E-02  0.1529043E-04
  0.6309740E+00  0.7380936E+02  0.4673625E+01  0.4976630E+03  0.3015890E-02  0.1774029E-04
  0.6607109E+00  0.7005879E+02  0.4594973E+01  0.4977023E+03  0.3414927E-02  0.2063123E-04
  0.6918494E+00  0.6708014E+02  0.4535138E+01  0.4977322E+03  0.3877398E-02  0.2419868E-04
  0.7244551E+00  0.6391145E+02  0.4495210E+01  0.4977521E+03  0.4418797E-02  0.2846646E-04
  0.7585975E+00  0.6057544E+02  0.4487733E+01  0.4977558E+03  0.5054177E-02  0.3353436E-04
  0.7943491E+00  0.5773923E+02  0.4477355E+01  0.4977610E+03  0.5797796E-02  0.3980229E-04
  0.8317855E+00  0.5474349E+02  0.4487712E+01  0.4977558E+03  0.6673749E-02  0.4725460E-04
  0.8709864E+00  0.5201474E+02  0.4499696E+01  0.4977497E+03  0.7703784E-02  0.5642227E-04
  0.9120346E+00  0.4943393E+02  0.4514214E+01  0.4977424E+03  0.8916698E-02  0.6773309E-04
  0.9550174E+00  0.4633395E+02  0.4556237E+01  0.4977214E+03  0.1034940E-01  0.8074078E-04
  0.1000026E+01  0.4310765E+02  0.4611809E+01  0.4976935E+03  0.1204003E-01  0.9584325E-04
  0.1047156E+01  0.4047298E+02  0.4652243E+01  0.4976733E+03  0.1401557E-01  0.1163793E-03
  0.1096507E+01  0.3787495E+02  0.4699856E+01  0.4976494E+03  0.1632412E-01  0.1430381E-03
  0.1148183E+01  0.3534837E+02  0.4752154E+01  0.4976233E+03  0.1900585E-01  0.1785538E-03
  0.1202295E+01  0.3321435E+02  0.4786814E+01  0.4976059E+03  0.2209265E-01  0.2279738E-03
  0.1258958E+01  0.3092656E+02  0.4835628E+01  0.4975815E+03  0.2561991E-01  0.2938801E-03
  0.1318291E+01  0.2910519E+02  0.4850582E+01  0.4975740E+03  0.2959081E-01  0.3851345E-03
  0.1380420E+01  0.2733133E+02  0.4858240E+01  0.4975702E+03  0.3400162E-01  0.5075274E-03
  0.1445477E+01  0.2560006E+02  0.4858047E+01  0.4975703E+03  0.3881315E-01  0.6685486E-03
  0.1513600E+01  0.2394615E+02  0.4846631E+01  0.4975760E+03  0.4395296E-01  0.8740953E-03
  0.1584934E+01  0.2247922E+02  0.4812970E+01  0.4975929E+03  0.4931718E-01  0.1125668E-02
  0.1659629E+01  0.2101197E+02  0.4779469E+01  0.4976096E+03  0.5478366E-01  0.1407610E-02
  0.1737845E+01  0.1923298E+02  0.4791750E+01  0.4976035E+03  0.6023102E-01  0.1674208E-02
  0.1819749E+01  0.1659556E+02  0.4952201E+01  0.4975233E+03  0.6558285E-01  0.1824814E-02
  0.1905511E+01  0.1458965E+02  0.5077604E+01  0.4974606E+03  0.7067233E-01  0.1902410E-02
  0.1995315E+01  0.1317091E+02  0.5151878E+01  0.4974234E+03  0.7534631E-01  0.1932968E-02
  0.2089351E+01  0.1209783E+02  0.5204095E+01  0.4973973E+03  0.7945409E-01  0.1948966E-02
  0.2187819E+01  0.1129536E+02  0.5241740E+01  0.4973784E+03  0.8288233E-01  0.1984985E-02
  0.2290928E+01  0.1070059E+02  0.5272077E+01  0.4973632E+03  0.8556093E-01  0.2070957E-02
  0.2398896E+01  0.1029676E+02  0.5290920E+01  0.4973537E+03  0.8746598E-01  0.2238419E-02
  0.2511952E+01  0.1001558E+02  0.5305379E+01  0.4973465E+03  0.8864059E-01  0.2512732E-02
  0.2630336E+01  0.1000000E+02  0.5267833E+01  0.4973652E+03  0.8914404E-01  0.2960569E-02
  0.2754300E+01  0.1000000E+02  0.5235850E+01  0.4973812E+03  0.8902915E-01  0.3611298E-02
  0.2884106E+01  0.1000000E+02  0.5207397E+01  0.4973955E+03  0.8840949E-01  0.4533847E-02
  0.3020030E+01  0.1000000E+02  0.5179674E+01  0.4974094E+03  0.8725879E-01  0.5855421E-02
  0.3162361E+01  0.1000000E+02  0.5151274E+01  0.4974236E+03  0.8543790E-01  0.7790527E-02
  0.3311398E+01  0.1000000E+02  0.5121437E+01  0.4974385E+03  0.8264121E-01  0.1070517E-01
  0.3467457E+01  0.1000000E+02  0.5089563E+01  0.4974545E+03  0.7832296E-01  0.1520406E-01
  0.3630874E+01  0.1000000E+02  0.5054913E+01  0.4974718E+03  0.7164829E-01  0.2219190E-01
  0.3801993E+01  0.1000000E+02  0.5016106E+01  0.4974913E+03  0.6140060E-01  0.3298376E-01
  0.3981175E+01  0.1000000E+02  0.4905795E+01  0.4975463E+03  0.7092903E-02  0.9152174E-01
  0.4168802E+01  0.1000000E+02  0.4911112E+01  0.4975430E+03  0.2073596E-02  0.9725778E-01
  0.4365271E+01  0.1000000E+02  0.4912049E+01  0.4975418E+03  0.9525020E-03  0.9860543E-01
  0.4571000E+01  0.1000000E+02  0.4902028E+01  0.4975461E+03  0.4924382E-03  0.9918743E-01
  0.4786424E+01  0.1000000E+02  0.4877755E+01  0.4975573E+03  0.2744614E-03  0.9948070E-01
  0.5012001E+01  0.1000000E+02  0.4837120E+01  0.4975767E+03  0.1635279E-03  0.9964182E-01
  0.5248209E+01  0.1025375E+02  0.4721993E+01  0.4976333E+03  0.1050923E-03  0.9973528E-01
  0.5495548E+01  0.1039772E+02  0.4620386E+01  0.4976831E+03  0.7264470E-04  0.9979283E-01
  0.5754552E+01  0.1046592E+02  0.4529602E+01  0.4977277E+03  0.5393382E-04  0.9982933E-01
  0.6025755E+01  0.1087187E+02  0.4372365E+01  0.4978058E+03  0.4393498E-04  0.9985129E-01
  0.6309740E+01  0.1120769E+02  0.4244602E+01  0.4978693E+03  0.3812759E-04  0.9986485E-01
  0.6607109E+01  0.1139603E+02  0.4161398E+01  0.4979107E+03  0.3458438E-04  0.9987328E-01
  0.6918492E+01  0.1136244E+02  0.4133062E+01  0.4979246E+03  0.3214788E-04  0.9987885E-01
  0.7244551E+01  0.1195580E+02  0.4008909E+01  0.4979868E+03  0.3208308E-04  0.9988010E-01
  0.7585975E+01  0.1224630E+02  0.3948784E+01  0.4980169E+03  0.3191460E-04  0.9988098E-01
  0.7943491E+01  0.1252249E+02  0.3898434E+01  0.4980421E+03  0.3205974E-04  0.9988110E-01
  0.8317855E+01  0.1253009E+02  0.3892978E+01  0.4980448E+03  0.3182826E-04  0.9988164E-01
  0.8709862E+01  0.1252068E+02  0.3892087E+01  0.4980453E+03  0.3167727E-04  0.9988197E-01
  0.9120346E+01  0.1251409E+02  0.3891884E+01  0.4980454E+03  0.3159622E-04  0.9988215E-01
  0.9550174E+01  0.1260115E+02  0.3878208E+01  0.4980522E+03  0.3174939E-04  0.9988194E-01
  0.1000026E+02  0.1282557E+02  0.3844889E+01  0.4980690E+03  0.3221448E-04  0.9988122E-01
