# AV             Temperature    H              H2             C              CO
  0.0000000E+00  0.2874640E+04  0.9998387E+03  0.3504375E-05  0.2205673E-08  0.7874000E-14
  0.1000026E-04  0.2874611E+04  0.9998387E+03  0.3504572E-05  0.2205760E-08  0.7874259E-14
  0.1047156E-04  0.2874610E+04  0.9998387E+03  0.3504581E-05  0.2205764E-08  0.7874271E-14
  0.1096507E-04  0.2874608E+04  0.9998387E+03  0.3504591E-05  0.2205768E-08  0.7874284E-14
  0.1148183E-04  0.2874607E+04  0.9998387E+03  0.3504601E-05  0.2205772E-08  0.7874297E-14
  0.1202295E-04  0.2874605E+04  0.9998387E+03  0.3504612E-05  0.2205776E-08  0.7874311E-14
  0.1258958E-04  0.2874604E+04  0.9998387E+03  0.3504623E-05  0.2205781E-08  0.7874326E-14
  0.1318291E-04  0.2874602E+04  0.9998387E+03  0.3504634E-05  0.2205785E-08  0.7874342E-14
  0.1380420E-04  0.2874600E+04  0.9998387E+03  0.3504647E-05  0.2205790E-08  0.7874358E-14
  0.1445477E-04  0.2874598E+04  0.9998387E+03  0.3504659E-05  0.2205795E-08  0.7874375E-14
  0.1513600E-04  0.2874596E+04  0.9998387E+03  0.3504673E-05  0.2205801E-08  0.7874392E-14
  0.1584934E-04  0.2874594E+04  0.9998387E+03  0.3504687E-05  0.2205806E-08  0.7874411E-14
  0.1659629E-04  0.2874592E+04  0.9998387E+03  0.3504702E-05  0.2205812E-08  0.7874430E-14
  0.1737845E-04  0.2874590E+04  0.9998387E+03  0.3504717E-05  0.2205818E-08  0.7874450E-14
  0.1819749E-04  0.2874587E+04  0.9998387E+03  0.3504733E-05  0.2205824E-08  0.7874472E-14
  0.1905511E-04  0.2874585E+04  0.9998387E+03  0.3504750E-05  0.2205831E-08  0.7874494E-14
  0.1995315E-04  0.2874582E+04  0.9998387E+03  0.3504768E-05  0.2205838E-08  0.7874517E-14
  0.2089351E-04  0.2874580E+04  0.9998387E+03  0.3504786E-05  0.2205845E-08  0.7874541E-14
  0.2187819E-04  0.2874577E+04  0.9998387E+03  0.3504806E-05  0.2205853E-08  0.7874567E-14
  0.2290928E-04  0.2874574E+04  0.9998387E+03  0.3504826E-05  0.2205861E-08  0.7874594E-14
  0.2398896E-04  0.2874571E+04  0.9998387E+03  0.3504847E-05  0.2205869E-08  0.7874622E-14
  0.2511952E-04  0.2874567E+04  0.9998387E+03  0.3504870E-05  0.2205878E-08  0.7874651E-14
  0.2630338E-04  0.2874564E+04  0.9998387E+03  0.3504893E-05  0.2205887E-08  0.7874682E-14
  0.2754300E-04  0.2874560E+04  0.9998387E+03  0.3504917E-05  0.2205896E-08  0.7874714E-14
  0.2884106E-04  0.2874557E+04  0.9998387E+03  0.3504943E-05  0.2205906E-08  0.7874748E-14
  0.3020030E-04  0.2874553E+04  0.9998387E+03  0.3504970E-05  0.2205917E-08  0.7874783E-14
  0.3162361E-04  0.2874549E+04  0.9998387E+03  0.3504998E-05  0.2205927E-08  0.7874820E-14
  0.3311398E-04  0.2874544E+04  0.9998388E+03  0.3505027E-05  0.2205939E-08  0.7874858E-14
  0.3467459E-04  0.2874540E+04  0.9998388E+03  0.3505058E-05  0.2205951E-08  0.7874899E-14
  0.3630874E-04  0.2874535E+04  0.9998388E+03  0.3505090E-05  0.2205963E-08  0.7874941E-14
  0.3801993E-04  0.2874530E+04  0.9998388E+03  0.3505124E-05  0.2205976E-08  0.7874986E-14
  0.3981175E-04  0.2874525E+04  0.9998388E+03  0.3505159E-05  0.2205990E-08  0.7875032E-14
  0.4168802E-04  0.2874520E+04  0.9998388E+03  0.3505196E-05  0.2206004E-08  0.7875081E-14
  0.4365271E-04  0.2874514E+04  0.9998388E+03  0.3505235E-05  0.2206019E-08  0.7875132E-14
  0.4571000E-04  0.2874508E+04  0.9998388E+03  0.3505275E-05  0.2206034E-08  0.7875185E-14
  0.4786424E-04  0.2874502E+04  0.9998388E+03  0.3505318E-05  0.2206050E-08  0.7875241E-14
  0.5012001E-04  0.2874495E+04  0.9998388E+03  0.3505362E-05  0.2206067E-08  0.7875299E-14
  0.5248215E-04  0.2874489E+04  0.9998388E+03  0.3505409E-05  0.2206085E-08  0.7875361E-14
  0.5495548E-04  0.2874482E+04  0.9998388E+03  0.3505458E-05  0.2206104E-08  0.7875425E-14
  0.5754552E-04  0.2874474E+04  0.9998388E+03  0.3505509E-05  0.2206123E-08  0.7875492E-14
  0.6025749E-04  0.2874466E+04  0.9998388E+03  0.3505562E-05  0.2206144E-08  0.7875562E-14
  0.6309740E-04  0.2874458E+04  0.9998388E+03  0.3505618E-05  0.2206165E-08  0.7875636E-14
  0.6607109E-04  0.2874450E+04  0.9998388E+03  0.3505677E-05  0.2206187E-08  0.7875713E-14
  0.6918494E-04  0.2874441E+04  0.9998388E+03  0.3505738E-05  0.2206211E-08  0.7875794E-14
  0.7244551E-04  0.2874431E+04  0.9998388E+03  0.3505802E-05  0.2206235E-08  0.7875878E-14
  0.7585975E-04  0.2874421E+04  0.9998388E+03  0.3505870E-05  0.2206261E-08  0.7875967E-14
  0.7943491E-04  0.2874411E+04  0.9998388E+03  0.3505940E-05  0.2206287E-08  0.7876060E-14
  0.8317855E-04  0.2874400E+04  0.9998388E+03  0.3506014E-05  0.2206315E-08  0.7876157E-14
  0.8709862E-04  0.2874389E+04  0.9998388E+03  0.3506091E-05  0.2206345E-08  0.7876258E-14
  0.9120345E-04  0.2874377E+04  0.9998388E+03  0.3506172E-05  0.2206375E-08  0.7876365E-14
  0.9550176E-04  0.2874365E+04  0.9998388E+03  0.3506257E-05  0.2206407E-08  0.7876476E-14
  0.1000026E-03  0.2874352E+04  0.9998388E+03  0.3506345E-05  0.2206441E-08  0.7876593E-14
  0.1047156E-03  0.2874338E+04  0.9998388E+03  0.3506438E-05  0.2206476E-08  0.7876715E-14
  0.1096507E-03  0.2874324E+04  0.9998388E+03  0.3506536E-05  0.2206513E-08  0.7876843E-14
  0.1148183E-03  0.2874309E+04  0.9998388E+03  0.3506638E-05  0.2206551E-08  0.7876977E-14
  0.1202296E-03  0.2874294E+04  0.9998388E+03  0.3506744E-05  0.2206591E-08  0.7877118E-14
  0.1258958E-03  0.2874277E+04  0.9998388E+03  0.3506856E-05  0.2206633E-08  0.7877265E-14
  0.1318291E-03  0.2874260E+04  0.9998388E+03  0.3506973E-05  0.2206678E-08  0.7877419E-14
  0.1380420E-03  0.2874242E+04  0.9998388E+03  0.3507095E-05  0.2206724E-08  0.7877580E-14
  0.1445477E-03  0.2874223E+04  0.9998388E+03  0.3507224E-05  0.2206772E-08  0.7877749E-14
  0.1513600E-03  0.2874204E+04  0.9998388E+03  0.3507358E-05  0.2206822E-08  0.7877925E-14
  0.1584935E-03  0.2874183E+04  0.9998388E+03  0.3507499E-05  0.2206875E-08  0.7878110E-14
  0.1659630E-03  0.2874162E+04  0.9998388E+03  0.3507646E-05  0.2206931E-08  0.7878304E-14
  0.1737846E-03  0.2874139E+04  0.9998388E+03  0.3507800E-05  0.2206989E-08  0.7878507E-14
  0.1819748E-03  0.2874116E+04  0.9998388E+03  0.3507962E-05  0.2207049E-08  0.7878720E-14
  0.1905510E-03  0.2874091E+04  0.9998388E+03  0.3508131E-05  0.2207113E-08  0.7878942E-14
  0.1995315E-03  0.2874065E+04  0.9998388E+03  0.3508308E-05  0.2207179E-08  0.7879175E-14
  0.2089351E-03  0.2874038E+04  0.9998388E+03  0.3508494E-05  0.2207248E-08  0.7879419E-14
  0.2187819E-03  0.2874010E+04  0.9998388E+03  0.3508688E-05  0.2207321E-08  0.7879675E-14
  0.2290928E-03  0.2873980E+04  0.9998388E+03  0.3508891E-05  0.2207397E-08  0.7879942E-14
  0.2398896E-03  0.2873949E+04  0.9998388E+03  0.3509104E-05  0.2207477E-08  0.7880222E-14
  0.2511952E-03  0.2873916E+04  0.9998388E+03  0.3509327E-05  0.2207561E-08  0.7880516E-14
  0.2630338E-03  0.2873882E+04  0.9998388E+03  0.3509561E-05  0.2207648E-08  0.7880823E-14
  0.2754300E-03  0.2873847E+04  0.9998388E+03  0.3509805E-05  0.2207739E-08  0.7881145E-14
  0.2884106E-03  0.2873809E+04  0.9998388E+03  0.3510061E-05  0.2207835E-08  0.7881482E-14
  0.3020030E-03  0.2873770E+04  0.9998388E+03  0.3510330E-05  0.2207935E-08  0.7881835E-14
  0.3162361E-03  0.2873729E+04  0.9998388E+03  0.3510611E-05  0.2208040E-08  0.7882204E-14
  0.3311398E-03  0.2873686E+04  0.9998388E+03  0.3510905E-05  0.2208150E-08  0.7882591E-14
  0.3467457E-03  0.2873641E+04  0.9998388E+03  0.3511213E-05  0.2208265E-08  0.7882996E-14
  0.3630874E-03  0.2873594E+04  0.9998388E+03  0.3511535E-05  0.2208385E-08  0.7883420E-14
  0.3801993E-03  0.2873545E+04  0.9998388E+03  0.3511873E-05  0.2208511E-08  0.7883865E-14
  0.3981175E-03  0.2873493E+04  0.9998388E+03  0.3512227E-05  0.2208643E-08  0.7884330E-14
  0.4168802E-03  0.2873439E+04  0.9998388E+03  0.3512597E-05  0.2208781E-08  0.7884817E-14
  0.4365271E-03  0.2873383E+04  0.9998388E+03  0.3512985E-05  0.2208925E-08  0.7885327E-14
  0.4571000E-03  0.2873323E+04  0.9998388E+03  0.3513392E-05  0.2209076E-08  0.7885861E-14
  0.4786424E-03  0.2873261E+04  0.9998388E+03  0.3513817E-05  0.2209235E-08  0.7886421E-14
  0.5012003E-03  0.2873197E+04  0.9998388E+03  0.3514263E-05  0.2209401E-08  0.7887007E-14
  0.5248211E-03  0.2873129E+04  0.9998388E+03  0.3514729E-05  0.2209574E-08  0.7887620E-14
  0.5495552E-03  0.2873057E+04  0.9998388E+03  0.3515218E-05  0.2209756E-08  0.7888263E-14
  0.5754549E-03  0.2872983E+04  0.9998388E+03  0.3515730E-05  0.2209946E-08  0.7888936E-14
  0.6025753E-03  0.2872905E+04  0.9998388E+03  0.3516266E-05  0.2210145E-08  0.7889641E-14
  0.6309736E-03  0.2872823E+04  0.9998388E+03  0.3516827E-05  0.2210354E-08  0.7890379E-14
  0.6607109E-03  0.2872737E+04  0.9998388E+03  0.3517415E-05  0.2210572E-08  0.7891151E-14
  0.6918494E-03  0.2872648E+04  0.9998388E+03  0.3518030E-05  0.2210801E-08  0.7891961E-14
  0.7244551E-03  0.2872554E+04  0.9998388E+03  0.3518675E-05  0.2211040E-08  0.7892808E-14
  0.7585975E-03  0.2872456E+04  0.9998388E+03  0.3519351E-05  0.2211291E-08  0.7893696E-14
  0.7943491E-03  0.2872353E+04  0.9998388E+03  0.3520058E-05  0.2211553E-08  0.7894625E-14
  0.8317857E-03  0.2872245E+04  0.9998388E+03  0.3520798E-05  0.2211828E-08  0.7895599E-14
  0.8709862E-03  0.2872132E+04  0.9998388E+03  0.3521574E-05  0.2212115E-08  0.7896618E-14
  0.9120346E-03  0.2872014E+04  0.9998388E+03  0.3522387E-05  0.2212416E-08  0.7897686E-14
  0.9550174E-03  0.2871890E+04  0.9998388E+03  0.3523238E-05  0.2212732E-08  0.7898804E-14
  0.1000026E-02  0.2871761E+04  0.9998388E+03  0.3524129E-05  0.2213062E-08  0.7899975E-14
  0.1047156E-02  0.2871625E+04  0.9998388E+03  0.3525062E-05  0.2213408E-08  0.7901202E-14
  0.1096507E-02  0.2871483E+04  0.9998388E+03  0.3526040E-05  0.2213770E-08  0.7902486E-14
  0.1148183E-02  0.2871334E+04  0.9998388E+03  0.3527064E-05  0.2214149E-08  0.7903831E-14
  0.1202295E-02  0.2871179E+04  0.9998388E+03  0.3528137E-05  0.2214546E-08  0.7905240E-14
  0.1258958E-02  0.2871016E+04  0.9998388E+03  0.3529260E-05  0.2214961E-08  0.7906716E-14
  0.1318291E-02  0.2870845E+04  0.9998388E+03  0.3530437E-05  0.2215397E-08  0.7908261E-14
  0.1380420E-02  0.2870666E+04  0.9998389E+03  0.3531670E-05  0.2215852E-08  0.7909880E-14
  0.1445478E-02  0.2870479E+04  0.9998389E+03  0.3532961E-05  0.2216330E-08  0.7911575E-14
  0.1513601E-02  0.2870283E+04  0.9998389E+03  0.3534314E-05  0.2216829E-08  0.7913351E-14
  0.1584935E-02  0.2870078E+04  0.9998389E+03  0.3535730E-05  0.2217353E-08  0.7915210E-14
  0.1659630E-02  0.2869863E+04  0.9998389E+03  0.3537214E-05  0.2217901E-08  0.7917158E-14
  0.1737846E-02  0.2869638E+04  0.9998389E+03  0.3538769E-05  0.2218475E-08  0.7919198E-14
  0.1819748E-02  0.2869403E+04  0.9998389E+03  0.3540397E-05  0.2219076E-08  0.7921335E-14
  0.1905510E-02  0.2869156E+04  0.9998389E+03  0.3542103E-05  0.2219706E-08  0.7923574E-14
  0.1995315E-02  0.2868898E+04  0.9998389E+03  0.3543891E-05  0.2220365E-08  0.7925918E-14
  0.2089350E-02  0.2868628E+04  0.9998389E+03  0.3545763E-05  0.2221056E-08  0.7928374E-14
  0.2187819E-02  0.2868345E+04  0.9998389E+03  0.3547725E-05  0.2221779E-08  0.7930946E-14
  0.2290926E-02  0.2868049E+04  0.9998389E+03  0.3549780E-05  0.2222537E-08  0.7933641E-14
  0.2398896E-02  0.2867738E+04  0.9998389E+03  0.3551933E-05  0.2223330E-08  0.7936464E-14
  0.2511952E-02  0.2867413E+04  0.9998389E+03  0.3554188E-05  0.2224161E-08  0.7939420E-14
  0.2630338E-02  0.2867073E+04  0.9998389E+03  0.3556552E-05  0.2225031E-08  0.7942518E-14
  0.2754300E-02  0.2866717E+04  0.9998390E+03  0.3559028E-05  0.2225943E-08  0.7945763E-14
  0.2884106E-02  0.2866344E+04  0.9998390E+03  0.3561623E-05  0.2226898E-08  0.7949162E-14
  0.3020030E-02  0.2865954E+04  0.9998390E+03  0.3564342E-05  0.2227898E-08  0.7952723E-14
  0.3162361E-02  0.2865545E+04  0.9998390E+03  0.3567191E-05  0.2228946E-08  0.7956453E-14
  0.3311398E-02  0.2865117E+04  0.9998390E+03  0.3570177E-05  0.2230044E-08  0.7960362E-14
  0.3467459E-02  0.2864669E+04  0.9998390E+03  0.3573306E-05  0.2231193E-08  0.7964457E-14
  0.3630874E-02  0.2864200E+04  0.9998390E+03  0.3576585E-05  0.2232398E-08  0.7968747E-14
  0.3801993E-02  0.2863709E+04  0.9998390E+03  0.3580021E-05  0.2233660E-08  0.7973242E-14
  0.3981175E-02  0.2863195E+04  0.9998390E+03  0.3583623E-05  0.2234982E-08  0.7977952E-14
  0.4168802E-02  0.2896335E+04  0.9998382E+03  0.3488925E-05  0.2228565E-08  0.7973904E-14
  0.4365273E-02  0.2895765E+04  0.9998382E+03  0.3492796E-05  0.2230011E-08  0.7979071E-14
  0.4571002E-02  0.2895168E+04  0.9998382E+03  0.3496853E-05  0.2231525E-08  0.7984486E-14
  0.4786426E-02  0.2894543E+04  0.9998382E+03  0.3501107E-05  0.2233113E-08  0.7990159E-14
  0.5012003E-02  0.2893889E+04  0.9998383E+03  0.3505565E-05  0.2234776E-08  0.7996105E-14
  0.5248211E-02  0.2893204E+04  0.9998383E+03  0.3510240E-05  0.2236518E-08  0.8002336E-14
  0.5495552E-02  0.2892488E+04  0.9998383E+03  0.3515141E-05  0.2238344E-08  0.8008867E-14
  0.5754549E-02  0.2891737E+04  0.9998383E+03  0.3520279E-05  0.2240258E-08  0.8015711E-14
  0.6025753E-02  0.2890951E+04  0.9998383E+03  0.3525667E-05  0.2242263E-08  0.8022884E-14
  0.6309736E-02  0.2890129E+04  0.9998383E+03  0.3531317E-05  0.2244365E-08  0.8030403E-14
  0.6607105E-02  0.2889268E+04  0.9998384E+03  0.3537242E-05  0.2246568E-08  0.8038284E-14
  0.6918488E-02  0.2888366E+04  0.9998384E+03  0.3543456E-05  0.2248877E-08  0.8046545E-14
  0.7244547E-02  0.2887423E+04  0.9998384E+03  0.3549974E-05  0.2251296E-08  0.8055206E-14
  0.7585975E-02  0.2886435E+04  0.9998384E+03  0.3556810E-05  0.2253833E-08  0.8064285E-14
  0.7943491E-02  0.2885402E+04  0.9998385E+03  0.3563982E-05  0.2256492E-08  0.8073804E-14
  0.8317857E-02  0.2884319E+04  0.9998385E+03  0.3571506E-05  0.2259280E-08  0.8083784E-14
  0.8709864E-02  0.2883187E+04  0.9998385E+03  0.3579400E-05  0.2262202E-08  0.8094248E-14
  0.9120346E-02  0.2882001E+04  0.9998386E+03  0.3587683E-05  0.2265266E-08  0.8105222E-14
  0.9550176E-02  0.2880760E+04  0.9998386E+03  0.3596375E-05  0.2268479E-08  0.8116729E-14
  0.1000026E-01  0.2879461E+04  0.9998386E+03  0.3605497E-05  0.2271848E-08  0.8128797E-14
  0.1047156E-01  0.2878102E+04  0.9998387E+03  0.3615072E-05  0.2275381E-08  0.8141455E-14
  0.1096507E-01  0.2876679E+04  0.9998387E+03  0.3625123E-05  0.2279086E-08  0.8154731E-14
  0.1148183E-01  0.2875190E+04  0.9998387E+03  0.3635675E-05  0.2282972E-08  0.8168658E-14
  0.1202296E-01  0.2873632E+04  0.9998388E+03  0.3646755E-05  0.2287048E-08  0.8183269E-14
  0.1258958E-01  0.2872001E+04  0.9998388E+03  0.3658389E-05  0.2291324E-08  0.8198598E-14
  0.1318291E-01  0.2870294E+04  0.9998389E+03  0.3670608E-05  0.2295810E-08  0.8214682E-14
  0.1380421E-01  0.2868507E+04  0.9998389E+03  0.3683444E-05  0.2300516E-08  0.8231560E-14
  0.1445478E-01  0.2866638E+04  0.9998390E+03  0.3696928E-05  0.2305454E-08  0.8249273E-14
  0.1513601E-01  0.2864682E+04  0.9998390E+03  0.3711095E-05  0.2310637E-08  0.8267864E-14
  0.1584935E-01  0.2862636E+04  0.9998391E+03  0.3725984E-05  0.2316075E-08  0.8287380E-14
  0.1659630E-01  0.2860494E+04  0.9998391E+03  0.3741632E-05  0.2321784E-08  0.8307867E-14
  0.1737846E-01  0.2858253E+04  0.9998392E+03  0.3758083E-05  0.2327776E-08  0.8329378E-14
  0.1819748E-01  0.2855909E+04  0.9998393E+03  0.3775379E-05  0.2334067E-08  0.8351967E-14
  0.1905510E-01  0.2853456E+04  0.9998393E+03  0.3793569E-05  0.2340673E-08  0.8375689E-14
  0.1995315E-01  0.2850889E+04  0.9998394E+03  0.3812702E-05  0.2347610E-08  0.8400607E-14
  0.2089350E-01  0.2848205E+04  0.9998395E+03  0.3832830E-05  0.2354896E-08  0.8426783E-14
  0.2187819E-01  0.2878482E+04  0.9998387E+03  0.3750209E-05  0.2354400E-08  0.8445029E-14
  0.2290926E-01  0.2875510E+04  0.9998387E+03  0.3772028E-05  0.2362411E-08  0.8473909E-14
  0.2398896E-01  0.2872401E+04  0.9998388E+03  0.3795000E-05  0.2370829E-08  0.8504265E-14
  0.2511952E-01  0.2869149E+04  0.9998389E+03  0.3819192E-05  0.2379675E-08  0.8536175E-14
  0.2630338E-01  0.2865748E+04  0.9998390E+03  0.3844675E-05  0.2388974E-08  0.8569725E-14
  0.2754300E-01  0.2862191E+04  0.9998391E+03  0.3871525E-05  0.2398749E-08  0.8605007E-14
  0.2884106E-01  0.2858471E+04  0.9998392E+03  0.3899824E-05  0.2409028E-08  0.8642117E-14
  0.3020030E-01  0.2854581E+04  0.9998393E+03  0.3929659E-05  0.2419838E-08  0.8681159E-14
  0.3162361E-01  0.2850514E+04  0.9998394E+03  0.3961124E-05  0.2431210E-08  0.8722243E-14
  0.3311398E-01  0.2846261E+04  0.9998395E+03  0.3994317E-05  0.2443174E-08  0.8765485E-14
  0.3467459E-01  0.2841814E+04  0.9998396E+03  0.4029348E-05  0.2455765E-08  0.8811009E-14
  0.3630874E-01  0.2837165E+04  0.9998398E+03  0.4066330E-05  0.2469019E-08  0.8858949E-14
  0.3801993E-01  0.2832306E+04  0.9998399E+03  0.4105388E-05  0.2482975E-08  0.8909447E-14
  0.3981175E-01  0.2843474E+04  0.9998396E+03  0.4091526E-05  0.2493392E-08  0.8957872E-14
  0.4168802E-01  0.2838135E+04  0.9998397E+03  0.4134685E-05  0.2508848E-08  0.9013929E-14
  0.4365273E-01  0.2832554E+04  0.9998399E+03  0.4180325E-05  0.2525134E-08  0.9073029E-14
  0.4571002E-01  0.2842875E+04  0.9998396E+03  0.4172516E-05  0.2537956E-08  0.9130534E-14
  0.4786426E-01  0.2836746E+04  0.9998398E+03  0.4223086E-05  0.2556025E-08  0.9196266E-14
  0.5012003E-01  0.2830343E+04  0.9998399E+03  0.4276639E-05  0.2575083E-08  0.9265637E-14
  0.5248211E-01  0.2823653E+04  0.9998401E+03  0.4333380E-05  0.2595192E-08  0.9338875E-14
  0.5495552E-01  0.2816666E+04  0.9998403E+03  0.4393533E-05  0.2616417E-08  0.9416226E-14
  0.5754549E-01  0.2809367E+04  0.9998405E+03  0.4457338E-05  0.2638828E-08  0.9497955E-14
  0.6025753E-01  0.2801745E+04  0.9998407E+03  0.4525058E-05  0.2662501E-08  0.9584346E-14
  0.6309736E-01  0.2793787E+04  0.9998409E+03  0.4596911E-05  0.2687518E-08  0.9675706E-14
  0.6607105E-01  0.2801304E+04  0.9998407E+03  0.4613122E-05  0.2709370E-08  0.9767364E-14
  0.6918488E-01  0.2808357E+04  0.9998405E+03  0.4633058E-05  0.2732675E-08  0.9864635E-14
  0.7244545E-01  0.2799200E+04  0.9998408E+03  0.4717722E-05  0.2762171E-08  0.9972935E-14
  0.7585975E-01  0.2789643E+04  0.9998410E+03  0.4807892E-05  0.2793398E-08  0.1008770E-13
  0.7943491E-01  0.2779671E+04  0.9998413E+03  0.4903995E-05  0.2826476E-08  0.1020938E-13
  0.8317855E-01  0.2769268E+04  0.9998416E+03  0.5006506E-05  0.2861533E-08  0.1033848E-13
  0.8709862E-01  0.2789409E+04  0.9998411E+03  0.4987582E-05  0.2889004E-08  0.1046519E-13
  0.9120346E-01  0.2777965E+04  0.9998414E+03  0.5102218E-05  0.2928312E-08  0.1061070E-13
  0.9550174E-01  0.2766031E+04  0.9998417E+03  0.5224833E-05  0.2970046E-08  0.1076537E-13
  0.1000026E+00  0.2753591E+04  0.9998420E+03  0.5356110E-05  0.3014385E-08  0.1092991E-13
  0.1047156E+00  0.2740624E+04  0.9998424E+03  0.5496801E-05  0.3061525E-08  0.1110509E-13
  0.1096507E+00  0.2757413E+04  0.9998419E+03  0.5509529E-05  0.3101361E-08  0.1128103E-13
  0.1148183E+00  0.2743180E+04  0.9998423E+03  0.5668532E-05  0.3154574E-08  0.1147996E-13
  0.1202295E+00  0.2728355E+04  0.9998427E+03  0.5839520E-05  0.3211274E-08  0.1169228E-13
  0.1258958E+00  0.2712917E+04  0.9998431E+03  0.6023616E-05  0.3271741E-08  0.1191910E-13
  0.1318291E+00  0.2726482E+04  0.9998428E+03  0.6073301E-05  0.3325318E-08  0.1215060E-13
  0.1380420E+00  0.2709573E+04  0.9998432E+03  0.6283508E-05  0.3394030E-08  0.1241011E-13
  0.1445477E+00  0.2691979E+04  0.9998437E+03  0.6510747E-05  0.3467504E-08  0.1268820E-13
  0.1513600E+00  0.2673680E+04  0.9998442E+03  0.6756746E-05  0.3546147E-08  0.1298653E-13
  0.1584934E+00  0.2683507E+04  0.9998440E+03  0.6860821E-05  0.3618601E-08  0.1329550E-13
  0.1659629E+00  0.2663513E+04  0.9998445E+03  0.7145185E-05  0.3708681E-08  0.1363995E-13
  0.1737845E+00  0.2642738E+04  0.9998451E+03  0.7454504E-05  0.3805414E-08  0.1401085E-13
  0.1819749E+00  0.2649342E+04  0.9998449E+03  0.7615540E-05  0.3896806E-08  0.1439901E-13
  0.1905511E+00  0.2626694E+04  0.9998456E+03  0.7976939E-05  0.4008384E-08  0.1483073E-13
  0.1995315E+00  0.2603187E+04  0.9998462E+03  0.8372198E-05  0.4128650E-08  0.1529763E-13
  0.2089351E+00  0.2578799E+04  0.9998469E+03  0.8805319E-05  0.4258461E-08  0.1580337E-13
  0.2187819E+00  0.2580673E+04  0.9998469E+03  0.9080053E-05  0.4384688E-08  0.1633983E-13
  0.2290928E+00  0.2554178E+04  0.9998476E+03  0.9594488E-05  0.4536069E-08  0.1693609E-13
  0.2398896E+00  0.2553325E+04  0.9998476E+03  0.9916991E-05  0.4685103E-08  0.1757215E-13
  0.2511952E+00  0.2524601E+04  0.9998485E+03  0.1050293E-04  0.4862746E-08  0.1827957E-13
  0.2630338E+00  0.2494870E+04  0.9998493E+03  0.1115462E-04  0.5055995E-08  0.1905300E-13
  0.2754300E+00  0.2464116E+04  0.9998502E+03  0.1188121E-04  0.5266596E-08  0.1988301E-13
  0.2884106E+00  0.2457658E+04  0.9998504E+03  0.1245155E-04  0.5479376E-08  0.2074088E-13
  0.3020030E+00  0.2424465E+04  0.9998514E+03  0.1334895E-04  0.5730119E-08  0.2170462E-13
  0.3162361E+00  0.2414832E+04  0.9998517E+03  0.1407914E-04  0.5986209E-08  0.2276177E-13
  0.3311398E+00  0.2379100E+04  0.9998527E+03  0.1519565E-04  0.6287224E-08  0.2395195E-13
  0.3467459E+00  0.2342255E+04  0.9998538E+03  0.1645830E-04  0.6618686E-08  0.2527966E-13
  0.3630874E+00  0.2304289E+04  0.9998550E+03  0.1789082E-04  0.6984534E-08  0.2676480E-13
  0.3801993E+00  0.2265197E+04  0.9998562E+03  0.1952162E-04  0.7389353E-08  0.2843088E-13
  0.3981175E+00  0.2247682E+04  0.9998567E+03  0.2101112E-04  0.7813968E-08  0.3029471E-13
  0.4168802E+00  0.2205916E+04  0.9998580E+03  0.2311925E-04  0.8311928E-08  0.3241180E-13
  0.4365271E+00  0.2184868E+04  0.9998587E+03  0.2511299E-04  0.8839862E-08  0.3480072E-13
  0.4571000E+00  0.2140405E+04  0.9998601E+03  0.2788403E-04  0.9459437E-08  0.3752840E-13
  0.4786424E+00  0.2094823E+04  0.9998615E+03  0.3110383E-04  0.1015487E-07  0.4064127E-13
  0.5012001E+00  0.2048140E+04  0.9998630E+03  0.3486291E-04  0.1093800E-07  0.4420783E-13
  0.5248209E+00  0.1980377E+04  0.9998653E+03  0.3987993E-04  0.1186018E-07  0.4831184E-13
  0.5495548E+00  0.1912541E+04  0.9998675E+03  0.4581120E-04  0.1290809E-07  0.5304621E-13
  0.5754552E+00  0.1863714E+04  0.9998692E+03  0.5213291E-04  0.1405810E-07  0.5854034E-13
  0.6025755E+00  0.1813933E+04  0.9998709E+03  0.5968385E-04  0.1537240E-07  0.6494695E-13
  0.6309740E+00  0.1727258E+04  0.9998740E+03  0.7066767E-04  0.1699174E-07  0.7241078E-13
  0.6607109E+00  0.1676761E+04  0.9998758E+03  0.8194277E-04  0.1874217E-07  0.8123355E-13
  0.6918494E+00  0.1591615E+04  0.9998789E+03  0.9790163E-04  0.2090905E-07  0.9157792E-13
  0.7244551E+00  0.1540696E+04  0.9998809E+03  0.1153449E-03  0.2328382E-07  0.1039791E-12
  0.7585975E+00  0.1457454E+04  0.9998841E+03  0.1398095E-03  0.2624242E-07  0.1186335E-12
  0.7943491E+00  0.1406441E+04  0.9998861E+03  0.1662946E-03  0.2953009E-07  0.1363920E-12
  0.8317855E+00  0.1325500E+04  0.9998894E+03  0.2037616E-03  0.3365737E-07  0.1575662E-12
  0.8709864E+00  0.1260592E+04  0.9998921E+03  0.2502024E-03  0.3845389E-07  0.1834272E-12
  0.9120346E+00  0.1196530E+04  0.9998949E+03  0.3126617E-03  0.4421050E-07  0.2150556E-12
  0.9550174E+00  0.1094332E+04  0.9998994E+03  0.4061752E-03  0.5176818E-07  0.2529234E-12
  0.1000026E+01  0.1021522E+04  0.9999027E+03  0.5225817E-03  0.6058830E-07  0.3001727E-12
  0.1047156E+01  0.9747822E+03  0.9999047E+03  0.6785929E-03  0.7084274E-07  0.3598774E-12
  0.1096507E+01  0.9451378E+03  0.9999059E+03  0.9128775E-03  0.8294256E-07  0.4363584E-12
  0.1148183E+01  0.9032656E+03  0.9999075E+03  0.1243778E-02  0.9828231E-07  0.5322310E-12
  0.1202295E+01  0.8764569E+03  0.9999078E+03  0.1810298E-02  0.1167301E-06  0.6589580E-12
  0.1258958E+01  0.8478776E+03  0.9999075E+03  0.2783327E-02  0.1398769E-06  0.8266977E-12
  0.1318291E+01  0.8086006E+03  0.9999059E+03  0.4766711E-02  0.1698957E-06  0.1052589E-11
  0.1380420E+01  0.7689643E+03  0.9998983E+03  0.9789404E-02  0.2084363E-06  0.1387706E-11
  0.1445477E+01  0.7371340E+03  0.9998521E+03  0.3422815E-01  0.2576176E-06  0.2177182E-11
  0.1513600E+01  0.6218058E+03  0.9980315E+03  0.9591253E+00  0.3127307E-06  0.9791794E-11
  0.1584934E+01  0.5097848E+03  0.9931576E+03  0.3410309E+01  0.3686164E-06  0.1267262E-10
  0.1659629E+01  0.4639510E+03  0.9845039E+03  0.7743053E+01  0.4694804E-06  0.2202382E-10
  0.1737845E+01  0.4311702E+03  0.9686485E+03  0.1567327E+02  0.6396675E-06  0.4365514E-10
  0.1819749E+01  0.4104123E+03  0.9370021E+03  0.3149772E+02  0.9162764E-06  0.9170590E-10
  0.1905511E+01  0.3984614E+03  0.8720889E+03  0.6395495E+02  0.1391129E-05  0.1957137E-09
  0.1995315E+01  0.3925286E+03  0.7404250E+03  0.1297872E+03  0.2290865E-05  0.4293815E-09
  0.2089351E+01  0.4051755E+03  0.5190205E+03  0.2404896E+03  0.4338971E-05  0.1298423E-08
  0.2187819E+01  0.4264991E+03  0.2800727E+03  0.3599635E+03  0.1074579E-04  0.5689055E-08
  0.2290928E+01  0.4357291E+03  0.1299374E+03  0.4350311E+03  0.3004648E-04  0.2418496E-07
  0.2398896E+01  0.4272666E+03  0.6479208E+02  0.4676038E+03  0.6400887E-04  0.7262610E-07
  0.2511952E+01  0.4063068E+03  0.3470289E+02  0.4826484E+03  0.1049132E-03  0.1339985E-06
  0.2630336E+01  0.3745987E+03  0.1837007E+02  0.4908149E+03  0.1513357E-03  0.1853556E-06
  0.2754300E+01  0.3344852E+03  0.1046798E+02  0.4947660E+03  0.2298427E-03  0.2370822E-06
  0.2884106E+01  0.2880859E+03  0.7722769E+01  0.4961386E+03  0.3864958E-03  0.3944793E-06
  0.3020030E+01  0.2331455E+03  0.6784574E+01  0.4966077E+03  0.6679636E-03  0.7574841E-06
  0.3162361E+01  0.1877119E+03  0.6243427E+01  0.4968782E+03  0.1155274E-02  0.1534426E-05
  0.3311398E+01  0.1506244E+03  0.5834036E+01  0.4970829E+03  0.1997575E-02  0.3166021E-05
  0.3467457E+01  0.1135117E+03  0.5601518E+01  0.4971992E+03  0.3396065E-02  0.6629009E-05
  0.3630874E+01  0.8611926E+02  0.5469283E+01  0.4972652E+03  0.5833530E-02  0.1408841E-04
  0.3801993E+01  0.6567552E+02  0.5410088E+01  0.4972947E+03  0.9929959E-02  0.2980273E-04
  0.3981175E+01  0.5184480E+02  0.5319766E+01  0.4973397E+03  0.1664027E-01  0.5816920E-04
  0.4168802E+01  0.3958541E+02  0.5274834E+01  0.4973618E+03  0.2665282E-01  0.8903453E-04
  0.4365271E+01  0.3083721E+02  0.5231900E+01  0.4973832E+03  0.3999331E-01  0.1087531E-03
  0.4571000E+01  0.2427860E+02  0.5192798E+01  0.4974027E+03  0.5516717E-01  0.1113505E-03
  0.4786424E+01  0.1885852E+02  0.5213599E+01  0.4973922E+03  0.6956850E-01  0.1003373E-03
  0.5012001E+01  0.1357636E+02  0.5539844E+01  0.4972292E+03  0.8082872E-01  0.8270465E-04
  0.5248209E+01  0.1128160E+02  0.5652800E+01  0.4971726E+03  0.8818961E-01  0.8042876E-04
  0.5495548E+01  0.1029974E+02  0.5682202E+01  0.4971578E+03  0.9191522E-01  0.9079490E-04
  0.5754552E+01  0.1001283E+02  0.5641997E+01  0.4971779E+03  0.9332397E-01  0.1151179E-03
  0.6025755E+01  0.1000000E+02  0.5572396E+01  0.4972126E+03  0.9369369E-01  0.1568120E-03
  0.6309740E+01  0.1000000E+02  0.5517578E+01  0.4972401E+03  0.9371564E-01  0.2214114E-03
  0.6607109E+01  0.1001088E+02  0.5467767E+01  0.4972650E+03  0.9359351E-01  0.3195304E-03
  0.6918492E+01  0.1004770E+02  0.5415713E+01  0.4972910E+03  0.9337810E-01  0.4696153E-03
  0.7244551E+01  0.1016033E+02  0.5348515E+01  0.4973247E+03  0.9304569E-01  0.7102028E-03
  0.7585975E+01  0.1026583E+02  0.5288179E+01  0.4973549E+03  0.9253682E-01  0.1116456E-02
  0.7943491E+01  0.1033999E+02  0.5237955E+01  0.4973801E+03  0.9170319E-01  0.1846363E-02
  0.8317855E+01  0.1035763E+02  0.5199740E+01  0.4973993E+03  0.9025707E-01  0.3212364E-02
  0.8709862E+01  0.1031437E+02  0.5171898E+01  0.4974133E+03  0.8765129E-01  0.5809319E-02
  0.9120346E+01  0.1019410E+02  0.5157198E+01  0.4974207E+03  0.8283102E-01  0.1077104E-01
  0.9550174E+01  0.1000000E+02  0.5147862E+01  0.4974254E+03  0.7272869E-01  0.2134144E-01
  0.1000026E+02  0.1000000E+02  0.4910065E+01  0.4975417E+03  0.3119773E-03  0.9941482E-01
