# AV             Temperature    H              H2             C              CO
  0.0000000E+00  0.3753941E+04  0.3162259E+06  0.1655853E+00  0.7314064E-04  0.2925513E-06
  0.1000026E-05  0.3753938E+04  0.3162259E+06  0.1655870E+00  0.7314269E-04  0.2925548E-06
  0.1047156E-05  0.3753937E+04  0.3162259E+06  0.1655871E+00  0.7314276E-04  0.2925549E-06
  0.1096506E-05  0.3753937E+04  0.3162259E+06  0.1655872E+00  0.7314282E-04  0.2925551E-06
  0.1148183E-05  0.3753937E+04  0.3162259E+06  0.1655873E+00  0.7314285E-04  0.2925553E-06
  0.1202296E-05  0.3753937E+04  0.3162259E+06  0.1655874E+00  0.7314291E-04  0.2925555E-06
  0.1258958E-05  0.3753937E+04  0.3162259E+06  0.1655875E+00  0.7314298E-04  0.2925557E-06
  0.1318291E-05  0.3753936E+04  0.3162259E+06  0.1655875E+00  0.7314304E-04  0.2925559E-06
  0.1380420E-05  0.3753936E+04  0.3162259E+06  0.1655876E+00  0.7314310E-04  0.2925561E-06
  0.1445477E-05  0.3753936E+04  0.3162259E+06  0.1655878E+00  0.7314317E-04  0.2925563E-06
  0.1513600E-05  0.3753936E+04  0.3162259E+06  0.1655879E+00  0.7314323E-04  0.2925565E-06
  0.1584934E-05  0.3753935E+04  0.3162259E+06  0.1655880E+00  0.7314329E-04  0.2925568E-06
  0.1659629E-05  0.3753935E+04  0.3162259E+06  0.1655881E+00  0.7314336E-04  0.2925570E-06
  0.1737845E-05  0.3753935E+04  0.3162259E+06  0.1655883E+00  0.7314342E-04  0.2925573E-06
  0.1819749E-05  0.3753935E+04  0.3162259E+06  0.1655884E+00  0.7314348E-04  0.2925576E-06
  0.1905511E-05  0.3753934E+04  0.3162259E+06  0.1655886E+00  0.7314355E-04  0.2925579E-06
  0.1995315E-05  0.3753934E+04  0.3162259E+06  0.1655887E+00  0.7314364E-04  0.2925582E-06
  0.2089352E-05  0.3753934E+04  0.3162259E+06  0.1655889E+00  0.7314370E-04  0.2925585E-06
  0.2187819E-05  0.3753933E+04  0.3162259E+06  0.1655890E+00  0.7314380E-04  0.2925589E-06
  0.2290928E-05  0.3753933E+04  0.3162259E+06  0.1655892E+00  0.7314386E-04  0.2925592E-06
  0.2398896E-05  0.3753932E+04  0.3162259E+06  0.1655894E+00  0.7314396E-04  0.2925596E-06
  0.2511953E-05  0.3753932E+04  0.3162259E+06  0.1655896E+00  0.7314405E-04  0.2925600E-06
  0.2630337E-05  0.3753932E+04  0.3162259E+06  0.1655898E+00  0.7314415E-04  0.2925604E-06
  0.2754301E-05  0.3753931E+04  0.3162259E+06  0.1655900E+00  0.7314424E-04  0.2925608E-06
  0.2884107E-05  0.3753931E+04  0.3162259E+06  0.1655902E+00  0.7314434E-04  0.2925613E-06
  0.3020031E-05  0.3753930E+04  0.3162259E+06  0.1655905E+00  0.7314443E-04  0.2925618E-06
  0.3162360E-05  0.3753930E+04  0.3162259E+06  0.1655907E+00  0.7314453E-04  0.2925623E-06
  0.3311397E-05  0.3753929E+04  0.3162259E+06  0.1655910E+00  0.7314462E-04  0.2925628E-06
  0.3467459E-05  0.3753928E+04  0.3162259E+06  0.1655912E+00  0.7314475E-04  0.2925633E-06
  0.3630875E-05  0.3753928E+04  0.3162259E+06  0.1655915E+00  0.7314484E-04  0.2925639E-06
  0.3801992E-05  0.3753927E+04  0.3162259E+06  0.1655918E+00  0.7314497E-04  0.2925645E-06
  0.3981174E-05  0.3753926E+04  0.3162259E+06  0.1655921E+00  0.7314506E-04  0.2925651E-06
  0.4168801E-05  0.3753926E+04  0.3162259E+06  0.1655924E+00  0.7314519E-04  0.2925657E-06
  0.4365271E-05  0.3753925E+04  0.3162259E+06  0.1655928E+00  0.7314532E-04  0.2925664E-06
  0.4571000E-05  0.3753924E+04  0.3162259E+06  0.1655931E+00  0.7314544E-04  0.2925671E-06
  0.4786424E-05  0.3753923E+04  0.3162259E+06  0.1655935E+00  0.7314557E-04  0.2925679E-06
  0.5012001E-05  0.3753923E+04  0.3162259E+06  0.1655939E+00  0.7314573E-04  0.2925687E-06
  0.5248215E-05  0.3753922E+04  0.3162259E+06  0.1655943E+00  0.7314585E-04  0.2925695E-06
  0.5495549E-05  0.3753921E+04  0.3162259E+06  0.1655947E+00  0.7314601E-04  0.2925704E-06
  0.5754552E-05  0.3753920E+04  0.3162259E+06  0.1655951E+00  0.7314617E-04  0.2925712E-06
  0.6025749E-05  0.3753919E+04  0.3162259E+06  0.1655956E+00  0.7314633E-04  0.2925722E-06
  0.6309739E-05  0.3753918E+04  0.3162259E+06  0.1655961E+00  0.7314649E-04  0.2925732E-06
  0.6607110E-05  0.3753917E+04  0.3162259E+06  0.1655966E+00  0.7314665E-04  0.2925742E-06
  0.6918491E-05  0.3753915E+04  0.3162259E+06  0.1655971E+00  0.7314684E-04  0.2925753E-06
  0.7244550E-05  0.3753914E+04  0.3162259E+06  0.1655977E+00  0.7314699E-04  0.2925764E-06
  0.7585976E-05  0.3753913E+04  0.3162259E+06  0.1655983E+00  0.7314718E-04  0.2925776E-06
  0.7943492E-05  0.3753912E+04  0.3162259E+06  0.1655989E+00  0.7314737E-04  0.2925788E-06
  0.8317853E-05  0.3753910E+04  0.3162259E+06  0.1655995E+00  0.7314756E-04  0.2925801E-06
  0.8709864E-05  0.3753909E+04  0.3162259E+06  0.1656002E+00  0.7314778E-04  0.2925815E-06
  0.9120345E-05  0.3753907E+04  0.3162259E+06  0.1656009E+00  0.7314801E-04  0.2925829E-06
  0.9550176E-05  0.3753905E+04  0.3162259E+06  0.1656016E+00  0.7314819E-04  0.2925844E-06
  0.1000026E-04  0.3753904E+04  0.3162259E+06  0.1656024E+00  0.7314845E-04  0.2925860E-06
  0.1047156E-04  0.3753902E+04  0.3162259E+06  0.1656032E+00  0.7314867E-04  0.2925876E-06
  0.1096506E-04  0.3753900E+04  0.3162259E+06  0.1656040E+00  0.7314892E-04  0.2925893E-06
  0.1148183E-04  0.3753898E+04  0.3162259E+06  0.1656049E+00  0.7314918E-04  0.2925911E-06
  0.1202296E-04  0.3753896E+04  0.3162259E+06  0.1656058E+00  0.7314943E-04  0.2925930E-06
  0.1258958E-04  0.3753894E+04  0.3162259E+06  0.1656068E+00  0.7314968E-04  0.2925949E-06
  0.1318291E-04  0.3753892E+04  0.3162259E+06  0.1656078E+00  0.7314997E-04  0.2925970E-06
  0.1380420E-04  0.3753889E+04  0.3162259E+06  0.1656089E+00  0.7315025E-04  0.2925992E-06
  0.1445477E-04  0.3753887E+04  0.3162259E+06  0.1656100E+00  0.7315057E-04  0.2926014E-06
  0.1513600E-04  0.3753884E+04  0.3162259E+06  0.1656112E+00  0.7315088E-04  0.2926038E-06
  0.1584934E-04  0.3753882E+04  0.3162259E+06  0.1656124E+00  0.7315120E-04  0.2926063E-06
  0.1659631E-04  0.3753879E+04  0.3162259E+06  0.1656136E+00  0.7315152E-04  0.2926088E-06
  0.1737845E-04  0.3753876E+04  0.3162259E+06  0.1656150E+00  0.7315186E-04  0.2926116E-06
  0.1819749E-04  0.3753873E+04  0.3162259E+06  0.1656164E+00  0.7315224E-04  0.2926144E-06
  0.1905509E-04  0.3753870E+04  0.3162259E+06  0.1656178E+00  0.7315262E-04  0.2926174E-06
  0.1995315E-04  0.3753866E+04  0.3162259E+06  0.1656194E+00  0.7315300E-04  0.2926205E-06
  0.2089352E-04  0.3753863E+04  0.3162259E+06  0.1656210E+00  0.7315338E-04  0.2926237E-06
  0.2187819E-04  0.3753859E+04  0.3162259E+06  0.1656227E+00  0.7315382E-04  0.2926272E-06
  0.2290928E-04  0.3753855E+04  0.3162259E+06  0.1656244E+00  0.7315423E-04  0.2926308E-06
  0.2398896E-04  0.3753851E+04  0.3162259E+06  0.1656263E+00  0.7315468E-04  0.2926345E-06
  0.2511953E-04  0.3753847E+04  0.3162259E+06  0.1656282E+00  0.7315515E-04  0.2926384E-06
  0.2630337E-04  0.3753842E+04  0.3162259E+06  0.1656302E+00  0.7315563E-04  0.2926425E-06
  0.2754301E-04  0.3753838E+04  0.3162259E+06  0.1656324E+00  0.7315613E-04  0.2926468E-06
  0.2884107E-04  0.3753833E+04  0.3162259E+06  0.1656346E+00  0.7315667E-04  0.2926513E-06
  0.3020031E-04  0.3753828E+04  0.3162259E+06  0.1656369E+00  0.7315721E-04  0.2926560E-06
  0.3162360E-04  0.3753822E+04  0.3162259E+06  0.1656393E+00  0.7315778E-04  0.2926610E-06
  0.3311398E-04  0.3753817E+04  0.3162259E+06  0.1656419E+00  0.7315835E-04  0.2926661E-06
  0.3467459E-04  0.3753811E+04  0.3162259E+06  0.1656445E+00  0.7315895E-04  0.2926716E-06
  0.3630875E-04  0.3753805E+04  0.3162259E+06  0.1656473E+00  0.7315958E-04  0.2926772E-06
  0.3801992E-04  0.3753798E+04  0.3162259E+06  0.1656503E+00  0.7316024E-04  0.2926832E-06
  0.3981174E-04  0.3753792E+04  0.3162259E+06  0.1656533E+00  0.7316091E-04  0.2926894E-06
  0.4168802E-04  0.3753785E+04  0.3162259E+06  0.1656565E+00  0.7316163E-04  0.2926959E-06
  0.4365271E-04  0.3753777E+04  0.3162259E+06  0.1656599E+00  0.7316236E-04  0.2927027E-06
  0.4571000E-04  0.3753769E+04  0.3162259E+06  0.1656634E+00  0.7316312E-04  0.2927098E-06
  0.4786424E-04  0.3753761E+04  0.3162259E+06  0.1656671E+00  0.7316391E-04  0.2927173E-06
  0.5012001E-04  0.3753753E+04  0.3162259E+06  0.1656709E+00  0.7316477E-04  0.2927252E-06
  0.5248215E-04  0.3753744E+04  0.3162259E+06  0.1656750E+00  0.7316562E-04  0.2927333E-06
  0.5495549E-04  0.3753735E+04  0.3162259E+06  0.1656792E+00  0.7316650E-04  0.2927419E-06
  0.5754553E-04  0.3753725E+04  0.3162259E+06  0.1656836E+00  0.7316745E-04  0.2927509E-06
  0.6025749E-04  0.3753715E+04  0.3162259E+06  0.1656883E+00  0.7316840E-04  0.2927603E-06
  0.6309739E-04  0.3753704E+04  0.3162259E+06  0.1656931E+00  0.7316941E-04  0.2927702E-06
  0.6607110E-04  0.3753693E+04  0.3162259E+06  0.1656982E+00  0.7317049E-04  0.2927805E-06
  0.6918491E-04  0.3753681E+04  0.3162259E+06  0.1657035E+00  0.7317156E-04  0.2927913E-06
  0.7244550E-04  0.3753669E+04  0.3162259E+06  0.1657091E+00  0.7317270E-04  0.2928027E-06
  0.7585976E-04  0.3753656E+04  0.3162259E+06  0.1657150E+00  0.7317390E-04  0.2928145E-06
  0.7943492E-04  0.3753643E+04  0.3162259E+06  0.1657211E+00  0.7317514E-04  0.2928269E-06
  0.8317853E-04  0.3753629E+04  0.3162259E+06  0.1657274E+00  0.7317643E-04  0.2928399E-06
  0.8709864E-04  0.3753614E+04  0.3162259E+06  0.1657342E+00  0.7317776E-04  0.2928535E-06
  0.9120345E-04  0.3753598E+04  0.3162259E+06  0.1657412E+00  0.7317915E-04  0.2928678E-06
  0.9550176E-04  0.3753582E+04  0.3162259E+06  0.1657485E+00  0.7318061E-04  0.2928827E-06
  0.1000026E-03  0.3753565E+04  0.3162259E+06  0.1657562E+00  0.7318213E-04  0.2928983E-06
  0.1047156E-03  0.3753548E+04  0.3162259E+06  0.1657643E+00  0.7318371E-04  0.2929147E-06
  0.1096506E-03  0.3753529E+04  0.3162259E+06  0.1657727E+00  0.7318535E-04  0.2929318E-06
  0.1148183E-03  0.3753510E+04  0.3162259E+06  0.1657816E+00  0.7318709E-04  0.2929498E-06
  0.1202296E-03  0.3753489E+04  0.3162259E+06  0.1657909E+00  0.7318886E-04  0.2929686E-06
  0.1258958E-03  0.3753468E+04  0.3162259E+06  0.1658005E+00  0.7319073E-04  0.2929883E-06
  0.1318291E-03  0.3753446E+04  0.3162259E+06  0.1658107E+00  0.7319269E-04  0.2930089E-06
  0.1380421E-03  0.3753422E+04  0.3162259E+06  0.1658213E+00  0.7319471E-04  0.2930305E-06
  0.1445478E-03  0.3753398E+04  0.3162259E+06  0.1658325E+00  0.7319683E-04  0.2930531E-06
  0.1513601E-03  0.3753372E+04  0.3162259E+06  0.1658441E+00  0.7319901E-04  0.2930768E-06
  0.1584935E-03  0.3753345E+04  0.3162259E+06  0.1658563E+00  0.7320132E-04  0.2931016E-06
  0.1659630E-03  0.3753317E+04  0.3162259E+06  0.1658691E+00  0.7320372E-04  0.2931276E-06
  0.1737846E-03  0.3753288E+04  0.3162259E+06  0.1658825E+00  0.7320622E-04  0.2931547E-06
  0.1819748E-03  0.3753257E+04  0.3162259E+06  0.1658965E+00  0.7320885E-04  0.2931832E-06
  0.1905511E-03  0.3753225E+04  0.3162259E+06  0.1659112E+00  0.7321157E-04  0.2932131E-06
  0.1995315E-03  0.3753191E+04  0.3162259E+06  0.1659266E+00  0.7321441E-04  0.2932443E-06
  0.2089350E-03  0.3753156E+04  0.3162259E+06  0.1659427E+00  0.7321739E-04  0.2932770E-06
  0.2187818E-03  0.3753119E+04  0.3162259E+06  0.1659596E+00  0.7322045E-04  0.2933112E-06
  0.2290927E-03  0.3753080E+04  0.3162259E+06  0.1659773E+00  0.7322371E-04  0.2933471E-06
  0.2398896E-03  0.3753039E+04  0.3162259E+06  0.1659958E+00  0.7322706E-04  0.2933847E-06
  0.2511953E-03  0.3752997E+04  0.3162259E+06  0.1660152E+00  0.7323057E-04  0.2934241E-06
  0.2630337E-03  0.3752952E+04  0.3162259E+06  0.1660355E+00  0.7323427E-04  0.2934653E-06
  0.2754301E-03  0.3752906E+04  0.3162259E+06  0.1660567E+00  0.7323810E-04  0.2935085E-06
  0.2884107E-03  0.3752857E+04  0.3162259E+06  0.1660790E+00  0.7324208E-04  0.2935537E-06
  0.3020031E-03  0.3752806E+04  0.3162259E+06  0.1661023E+00  0.7324629E-04  0.2936010E-06
  0.3162360E-03  0.3752752E+04  0.3162259E+06  0.1661267E+00  0.7325065E-04  0.2936507E-06
  0.3311397E-03  0.3752696E+04  0.3162259E+06  0.1661523E+00  0.7325521E-04  0.2937026E-06
  0.3467459E-03  0.3752637E+04  0.3162259E+06  0.1661791E+00  0.7325995E-04  0.2937570E-06
  0.3630874E-03  0.3752576E+04  0.3162259E+06  0.1662072E+00  0.7326491E-04  0.2938140E-06
  0.3801992E-03  0.3752512E+04  0.3162259E+06  0.1662366E+00  0.7327013E-04  0.2938737E-06
  0.3981174E-03  0.3752444E+04  0.3162259E+06  0.1662673E+00  0.7327554E-04  0.2939362E-06
  0.4168801E-03  0.3752374E+04  0.3162259E+06  0.1662996E+00  0.7328120E-04  0.2940017E-06
  0.4365273E-03  0.3752300E+04  0.3162259E+06  0.1663334E+00  0.7328711E-04  0.2940703E-06
  0.4571002E-03  0.3752222E+04  0.3162259E+06  0.1663672E+00  0.7329328E-04  0.2941395E-06
  0.4786427E-03  0.3752141E+04  0.3162259E+06  0.1664022E+00  0.7329970E-04  0.2942110E-06
  0.5012004E-03  0.3752057E+04  0.3162259E+06  0.1664387E+00  0.7330644E-04  0.2942860E-06
  0.5248211E-03  0.3751968E+04  0.3162259E+06  0.1664770E+00  0.7331346E-04  0.2943644E-06
  0.5495552E-03  0.3751875E+04  0.3162259E+06  0.1665171E+00  0.7332079E-04  0.2944466E-06
  0.5754550E-03  0.3751777E+04  0.3162259E+06  0.1665591E+00  0.7332844E-04  0.2945327E-06
  0.6025753E-03  0.3751676E+04  0.3162259E+06  0.1666031E+00  0.7333648E-04  0.2946228E-06
  0.6309739E-03  0.3751569E+04  0.3162259E+06  0.1666492E+00  0.7334486E-04  0.2947173E-06
  0.6607104E-03  0.3751457E+04  0.3162259E+06  0.1666975E+00  0.7335358E-04  0.2948163E-06
  0.6918491E-03  0.3751340E+04  0.3162259E+06  0.1667481E+00  0.7336276E-04  0.2949199E-06
  0.7244544E-03  0.3751217E+04  0.3162259E+06  0.1668011E+00  0.7337231E-04  0.2950285E-06
  0.7585976E-03  0.3751089E+04  0.3162259E+06  0.1668566E+00  0.7338230E-04  0.2951423E-06
  0.7943492E-03  0.3750955E+04  0.3162259E+06  0.1669148E+00  0.7339277E-04  0.2952615E-06
  0.8317859E-03  0.3750814E+04  0.3162259E+06  0.1669757E+00  0.7340368E-04  0.2953864E-06
  0.8709864E-03  0.3750667E+04  0.3162259E+06  0.1670395E+00  0.7341509E-04  0.2955173E-06
  0.9120345E-03  0.3750512E+04  0.3162259E+06  0.1671064E+00  0.7342704E-04  0.2956544E-06
  0.9550176E-03  0.3750351E+04  0.3162259E+06  0.1671765E+00  0.7343950E-04  0.2957980E-06
  0.1000026E-02  0.3750182E+04  0.3162259E+06  0.1672499E+00  0.7345256E-04  0.2959485E-06
  0.1047156E-02  0.3750005E+04  0.3162259E+06  0.1673268E+00  0.7346623E-04  0.2961062E-06
  0.1096506E-02  0.3749819E+04  0.3162259E+06  0.1674074E+00  0.7348049E-04  0.2962715E-06
  0.1148183E-02  0.3749625E+04  0.3162259E+06  0.1674919E+00  0.7349541E-04  0.2964447E-06
  0.1202296E-02  0.3749422E+04  0.3162259E+06  0.1675804E+00  0.7351103E-04  0.2966261E-06
  0.1258958E-02  0.3749209E+04  0.3162259E+06  0.1676732E+00  0.7352735E-04  0.2968163E-06
  0.1318290E-02  0.3748986E+04  0.3162259E+06  0.1677704E+00  0.7354443E-04  0.2970156E-06
  0.1380421E-02  0.3748753E+04  0.3162259E+06  0.1678722E+00  0.7356230E-04  0.2972245E-06
  0.1445478E-02  0.3748508E+04  0.3162259E+06  0.1679790E+00  0.7358098E-04  0.2974435E-06
  0.1513601E-02  0.3748252E+04  0.3162259E+06  0.1680909E+00  0.7360053E-04  0.2976729E-06
  0.1584935E-02  0.3764867E+04  0.3162259E+06  0.1657412E+00  0.7342040E-04  0.2961740E-06
  0.1659630E-02  0.3764585E+04  0.3162259E+06  0.1658619E+00  0.7344172E-04  0.2964242E-06
  0.1737846E-02  0.3764290E+04  0.3162259E+06  0.1659885E+00  0.7346401E-04  0.2966865E-06
  0.1819748E-02  0.3763982E+04  0.3162259E+06  0.1661212E+00  0.7348735E-04  0.2969614E-06
  0.1905511E-02  0.3763658E+04  0.3162259E+06  0.1662603E+00  0.7351176E-04  0.2972497E-06
  0.1995314E-02  0.3763319E+04  0.3162259E+06  0.1664061E+00  0.7353728E-04  0.2975520E-06
  0.2089350E-02  0.3762965E+04  0.3162259E+06  0.1665590E+00  0.7356400E-04  0.2978689E-06
  0.2187818E-02  0.3762594E+04  0.3162259E+06  0.1667193E+00  0.7359199E-04  0.2982012E-06
  0.2290927E-02  0.3762205E+04  0.3162259E+06  0.1668874E+00  0.7362124E-04  0.2985497E-06
  0.2398896E-02  0.3761798E+04  0.3162259E+06  0.1670637E+00  0.7365188E-04  0.2989152E-06
  0.2511953E-02  0.3761372E+04  0.3162259E+06  0.1672485E+00  0.7368395E-04  0.2992985E-06
  0.2630337E-02  0.3760926E+04  0.3162259E+06  0.1674424E+00  0.7371750E-04  0.2997006E-06
  0.2754301E-02  0.3760458E+04  0.3162259E+06  0.1676458E+00  0.7375263E-04  0.3001224E-06
  0.2884107E-02  0.3759969E+04  0.3162259E+06  0.1678591E+00  0.7378941E-04  0.3005649E-06
  0.3020031E-02  0.3759457E+04  0.3162259E+06  0.1680829E+00  0.7382789E-04  0.3010291E-06
  0.3162360E-02  0.3758921E+04  0.3162259E+06  0.1683177E+00  0.7386818E-04  0.3015163E-06
  0.3311398E-02  0.3758360E+04  0.3162259E+06  0.1685640E+00  0.7391037E-04  0.3020275E-06
  0.3467459E-02  0.3757772E+04  0.3162259E+06  0.1688225E+00  0.7395454E-04  0.3025639E-06
  0.3630875E-02  0.3757157E+04  0.3162259E+06  0.1690938E+00  0.7400078E-04  0.3031271E-06
  0.3801992E-02  0.3756513E+04  0.3162259E+06  0.1693785E+00  0.7404919E-04  0.3037181E-06
  0.3981174E-02  0.3755838E+04  0.3162259E+06  0.1696774E+00  0.7409988E-04  0.3043387E-06
  0.4168801E-02  0.3771972E+04  0.3162259E+06  0.1674566E+00  0.7395037E-04  0.3031104E-06
  0.4365273E-02  0.3771229E+04  0.3162259E+06  0.1677800E+00  0.7400580E-04  0.3037889E-06
  0.4571002E-02  0.3770452E+04  0.3162259E+06  0.1681105E+00  0.7406374E-04  0.3044854E-06
  0.4786427E-02  0.3769638E+04  0.3162259E+06  0.1684413E+00  0.7412420E-04  0.3051878E-06
  0.5012004E-02  0.3768786E+04  0.3162259E+06  0.1687886E+00  0.7418754E-04  0.3059254E-06
  0.5248212E-02  0.3767894E+04  0.3162259E+06  0.1691533E+00  0.7425389E-04  0.3067001E-06
  0.5495552E-02  0.3766961E+04  0.3162259E+06  0.1695363E+00  0.7432339E-04  0.3075139E-06
  0.5754550E-02  0.3765983E+04  0.3162259E+06  0.1699385E+00  0.7439619E-04  0.3083690E-06
  0.6025753E-02  0.3764960E+04  0.3162259E+06  0.1703611E+00  0.7447246E-04  0.3092674E-06
  0.6309739E-02  0.3763889E+04  0.3162259E+06  0.1708051E+00  0.7455240E-04  0.3102117E-06
  0.6607104E-02  0.3762767E+04  0.3162259E+06  0.1712716E+00  0.7463614E-04  0.3112042E-06
  0.6918491E-02  0.3761594E+04  0.3162259E+06  0.1717620E+00  0.7472389E-04  0.3122477E-06
  0.7244544E-02  0.3760365E+04  0.3162258E+06  0.1722775E+00  0.7481585E-04  0.3133450E-06
  0.7585976E-02  0.3759079E+04  0.3162258E+06  0.1728195E+00  0.7491224E-04  0.3144992E-06
  0.7943492E-02  0.3757732E+04  0.3162258E+06  0.1733894E+00  0.7501324E-04  0.3157134E-06
  0.8317853E-02  0.3756323E+04  0.3162258E+06  0.1739890E+00  0.7511915E-04  0.3169911E-06
  0.8709864E-02  0.3754848E+04  0.3162258E+06  0.1746197E+00  0.7523014E-04  0.3183357E-06
  0.9120345E-02  0.3753304E+04  0.3162258E+06  0.1752835E+00  0.7534655E-04  0.3197515E-06
  0.9550176E-02  0.3751688E+04  0.3162258E+06  0.1759822E+00  0.7546858E-04  0.3212422E-06
  0.1000026E-01  0.3749996E+04  0.3162258E+06  0.1767178E+00  0.7559656E-04  0.3228126E-06
  0.1047156E-01  0.3748226E+04  0.3162258E+06  0.1774925E+00  0.7573073E-04  0.3244671E-06
  0.1096506E-01  0.3746373E+04  0.3162258E+06  0.1783087E+00  0.7587152E-04  0.3262111E-06
  0.1148183E-01  0.3744433E+04  0.3162258E+06  0.1791688E+00  0.7601916E-04  0.3280496E-06
  0.1202296E-01  0.3742404E+04  0.3162258E+06  0.1800754E+00  0.7617405E-04  0.3299891E-06
  0.1258958E-01  0.3740280E+04  0.3162258E+06  0.1810314E+00  0.7633656E-04  0.3320350E-06
  0.1318291E-01  0.3738057E+04  0.3162258E+06  0.1820399E+00  0.7650710E-04  0.3341946E-06
  0.1380420E-01  0.3752408E+04  0.3162258E+06  0.1804891E+00  0.7647928E-04  0.3346028E-06
  0.1445477E-01  0.3749963E+04  0.3162258E+06  0.1815937E+00  0.7666651E-04  0.3369948E-06
  0.1513600E-01  0.3747404E+04  0.3162258E+06  0.1827603E+00  0.7686305E-04  0.3395227E-06
  0.1584934E-01  0.3761370E+04  0.3162258E+06  0.1813313E+00  0.7686147E-04  0.3401997E-06
  0.1659629E-01  0.3758556E+04  0.3162258E+06  0.1826118E+00  0.7707745E-04  0.3430059E-06
  0.1737845E-01  0.3755612E+04  0.3162258E+06  0.1839659E+00  0.7730431E-04  0.3459756E-06
  0.1819749E-01  0.3752531E+04  0.3162258E+06  0.1853986E+00  0.7754259E-04  0.3491202E-06
  0.1905511E-01  0.3749308E+04  0.3162258E+06  0.1869152E+00  0.7779295E-04  0.3524520E-06
  0.1995315E-01  0.3745936E+04  0.3162258E+06  0.1885217E+00  0.7805605E-04  0.3559839E-06
  0.2089352E-01  0.3742408E+04  0.3162258E+06  0.1902243E+00  0.7833256E-04  0.3597309E-06
  0.2187819E-01  0.3738718E+04  0.3162258E+06  0.1920302E+00  0.7862327E-04  0.3637084E-06
  0.2290928E-01  0.3734858E+04  0.3162258E+06  0.1939468E+00  0.7892897E-04  0.3679342E-06
  0.2398896E-01  0.3730820E+04  0.3162258E+06  0.1959824E+00  0.7925044E-04  0.3724265E-06
  0.2511953E-01  0.3743086E+04  0.3162258E+06  0.1952991E+00  0.7937431E-04  0.3750338E-06
  0.2630337E-01  0.3738649E+04  0.3162258E+06  0.1975610E+00  0.7972902E-04  0.3800859E-06
  0.2754301E-01  0.3750457E+04  0.3162258E+06  0.1969572E+00  0.7988467E-04  0.3829528E-06
  0.2884107E-01  0.3745583E+04  0.3162257E+06  0.1994756E+00  0.8027644E-04  0.3886471E-06
  0.3020031E-01  0.3740486E+04  0.3162257E+06  0.2021618E+00  0.8068899E-04  0.3947278E-06
  0.3162360E-01  0.3735156E+04  0.3162257E+06  0.2050300E+00  0.8112365E-04  0.4012292E-06
  0.3311398E-01  0.3729583E+04  0.3162257E+06  0.2080962E+00  0.8158171E-04  0.4081884E-06
  0.3467459E-01  0.3723756E+04  0.3162257E+06  0.2113780E+00  0.8206462E-04  0.4156469E-06
  0.3630874E-01  0.3733970E+04  0.3162257E+06  0.2120041E+00  0.8235551E-04  0.4215512E-06
  0.3801993E-01  0.3727575E+04  0.3162257E+06  0.2157174E+00  0.8289108E-04  0.4300970E-06
  0.3981175E-01  0.3737138E+04  0.3162257E+06  0.2165849E+00  0.8323327E-04  0.4367526E-06
  0.4168802E-01  0.3730120E+04  0.3162257E+06  0.2206542E+00  0.8382623E-04  0.4462885E-06
  0.4365271E-01  0.3722785E+04  0.3162257E+06  0.2245233E+00  0.8444597E-04  0.4555454E-06
  0.4571000E-01  0.3715120E+04  0.3162257E+06  0.2286694E+00  0.8510043E-04  0.4654873E-06
  0.4786424E-01  0.3723229E+04  0.3162257E+06  0.2298506E+00  0.8556342E-04  0.4735018E-06
  0.5012001E-01  0.3730906E+04  0.3162257E+06  0.2304043E+00  0.8604681E-04  0.4803996E-06
  0.5248209E-01  0.3722089E+04  0.3162257E+06  0.2353561E+00  0.8681442E-04  0.4925937E-06
  0.5495549E-01  0.3712878E+04  0.3162256E+06  0.2406925E+00  0.8762656E-04  0.5057693E-06
  0.5754552E-01  0.3703257E+04  0.3162256E+06  0.2464543E+00  0.8848635E-04  0.5200331E-06
  0.6025756E-01  0.3725048E+04  0.3162256E+06  0.2466720E+00  0.8894175E-04  0.5315229E-06
  0.6309739E-01  0.3714466E+04  0.3162256E+06  0.2532511E+00  0.8990134E-04  0.5482087E-06
  0.6607110E-01  0.3703418E+04  0.3162256E+06  0.2603979E+00  0.9091918E-04  0.5663886E-06
  0.6918491E-01  0.3707662E+04  0.3162255E+06  0.2644702E+00  0.9175684E-04  0.5829321E-06
  0.7244550E-01  0.3711298E+04  0.3162255E+06  0.2689668E+00  0.9265477E-04  0.6008761E-06
  0.7585976E-01  0.3698628E+04  0.3162255E+06  0.2779601E+00  0.9386703E-04  0.6244088E-06
  0.7943492E-01  0.3685406E+04  0.3162255E+06  0.2878377E+00  0.9515711E-04  0.6503417E-06
  0.8317853E-01  0.3702729E+04  0.3162254E+06  0.2908258E+00  0.9602905E-04  0.6719097E-06
  0.8709864E-01  0.3688219E+04  0.3162254E+06  0.3024849E+00  0.9748508E-04  0.7033073E-06
  0.9120345E-01  0.3688520E+04  0.3162254E+06  0.3111066E+00  0.9877988E-04  0.7340703E-06
  0.9550176E-01  0.3688041E+04  0.3162254E+06  0.3132151E+00  0.1000491E-03  0.7503484E-06
  0.1000026E+00  0.3671454E+04  0.3162253E+06  0.3282175E+00  0.1018077E-03  0.7920614E-06
  0.1047156E+00  0.3684617E+04  0.3162252E+06  0.3432877E+00  0.1032758E-03  0.8479983E-06
  0.1096506E+00  0.3666451E+04  0.3162252E+06  0.3592550E+00  0.1052511E-03  0.8946703E-06
  0.1148183E+00  0.3677670E+04  0.3162251E+06  0.3670424E+00  0.1068116E-03  0.9364083E-06
  0.1202296E+00  0.3657794E+04  0.3162251E+06  0.3864000E+00  0.1090707E-03  0.9946255E-06
  0.1258958E+00  0.3666910E+04  0.3162251E+06  0.3977516E+00  0.1109288E-03  0.1049561E-05
  0.1318291E+00  0.3674824E+04  0.3162250E+06  0.4095991E+00  0.1129276E-03  0.1108262E-05
  0.1380420E+00  0.3652033E+04  0.3162249E+06  0.4360455E+00  0.1157166E-03  0.1192048E-05
  0.1445477E+00  0.3657581E+04  0.3162248E+06  0.4559884E+00  0.1181528E-03  0.1279199E-05
  0.1513600E+00  0.3661779E+04  0.3162247E+06  0.4777066E+00  0.1207885E-03  0.1375693E-05
  0.1584934E+00  0.3635719E+04  0.3162246E+06  0.5170122E+00  0.1243155E-03  0.1506696E-05
  0.1659630E+00  0.3637271E+04  0.3162245E+06  0.5471607E+00  0.1274862E-03  0.1638497E-05
  0.1737845E+00  0.3637317E+04  0.3162246E+06  0.5187318E+00  0.1299037E-03  0.1597792E-05
  0.1819749E+00  0.3635799E+04  0.3162243E+06  0.6096963E+00  0.1345738E-03  0.1930579E-05
  0.1905511E+00  0.3632662E+04  0.3162241E+06  0.6509833E+00  0.1386748E-03  0.2121222E-05
  0.1995315E+00  0.3627846E+04  0.3162239E+06  0.7019656E+00  0.1432331E-03  0.2355102E-05
  0.2089352E+00  0.3621292E+04  0.3162237E+06  0.7625178E+00  0.1482771E-03  0.2635608E-05
  0.2187819E+00  0.3626525E+04  0.3162234E+06  0.8326407E+00  0.1536251E-03  0.2986881E-05
  0.2290928E+00  0.3629622E+04  0.3162232E+06  0.8982447E+00  0.1593187E-03  0.3345968E-05
  0.2398896E+00  0.3617211E+04  0.3162230E+06  0.9741191E+00  0.1658446E-03  0.3745819E-05
  0.2511953E+00  0.3629113E+04  0.3162226E+06  0.1081407E+01  0.1729808E-03  0.4350766E-05
  0.2630337E+00  0.3612364E+04  0.3162220E+06  0.1234752E+01  0.1818911E-03  0.5135431E-05
  0.2754301E+00  0.3619171E+04  0.3162215E+06  0.1368199E+01  0.1906942E-03  0.5955783E-05
  0.2884107E+00  0.3623145E+04  0.3162209E+06  0.1546442E+01  0.2009959E-03  0.7035116E-05
  0.3020031E+00  0.3624200E+04  0.3162201E+06  0.1778424E+01  0.2130683E-03  0.8462420E-05
  0.3162360E+00  0.3646889E+04  0.3162193E+06  0.2008001E+01  0.2256899E-03  0.1011650E-04
  0.3311397E+00  0.3641480E+04  0.3162180E+06  0.2408912E+01  0.2428207E-03  0.1271685E-04
  0.3467459E+00  0.3656786E+04  0.3162167E+06  0.2817909E+01  0.2610942E-03  0.1577117E-04
  0.3630874E+00  0.3668052E+04  0.3162148E+06  0.3420576E+01  0.2843801E-03  0.2030931E-04
  0.3801992E+00  0.3709838E+04  0.3162126E+06  0.4113975E+01  0.3109119E-03  0.2630571E-04
  0.3981175E+00  0.3723433E+04  0.3162097E+06  0.5112704E+01  0.3454652E-03  0.3488536E-04
  0.4168802E+00  0.3743373E+04  0.3162059E+06  0.6446632E+01  0.3888843E-03  0.4717998E-04
  0.4365271E+00  0.3779821E+04  0.3162000E+06  0.8616502E+01  0.4514351E-03  0.6822247E-04
  0.4571000E+00  0.3809921E+04  0.3161933E+06  0.1124740E+02  0.5274546E-03  0.9635799E-04
  0.4786424E+00  0.3812577E+04  0.3161839E+06  0.1518259E+02  0.6335804E-03  0.1398211E-03
  0.5012001E+00  0.3809541E+04  0.3161727E+06  0.2009714E+02  0.7672097E-03  0.1992609E-03
  0.5248209E+00  0.3780719E+04  0.3161583E+06  0.2670711E+02  0.9442093E-03  0.2837033E-03
  0.5495549E+00  0.3727503E+04  0.3161391E+06  0.3582244E+02  0.1184350E-02  0.4059501E-03
  0.5754552E+00  0.3679884E+04  0.3161178E+06  0.4614690E+02  0.1475582E-02  0.5611560E-03
  0.6025756E+00  0.3613984E+04  0.3160893E+06  0.6013074E+02  0.1872869E-02  0.7827605E-03
  0.6309739E+00  0.3560221E+04  0.3160596E+06  0.7482781E+02  0.2341938E-02  0.1051634E-02
  0.6607110E+00  0.3471419E+04  0.3160091E+06  0.9992940E+02  0.3094339E-02  0.1502683E-02
  0.6918491E+00  0.3394882E+04  0.3159538E+06  0.1275695E+03  0.4022104E-02  0.2087824E-02
  0.7244550E+00  0.3286271E+04  0.3158645E+06  0.1722516E+03  0.5489837E-02  0.3126255E-02
  0.7585976E+00  0.3120852E+04  0.3157015E+06  0.2538617E+03  0.8042159E-02  0.5037347E-02
  0.7943492E+00  0.2958112E+04  0.3154995E+06  0.3551029E+03  0.1134033E-01  0.7694989E-02
  0.8317853E+00  0.2798279E+04  0.3152296E+06  0.4903779E+03  0.1621867E-01  0.1206328E-01
  0.8709864E+00  0.2641578E+04  0.3149002E+06  0.6553764E+03  0.2202883E-01  0.1748516E-01
  0.9120345E+00  0.2430448E+04  0.3142713E+06  0.9703775E+03  0.3212583E-01  0.2737702E-01
  0.9550176E+00  0.2201691E+04  0.3131641E+06  0.1524641E+04  0.4864244E-01  0.4410966E-01
  0.1000026E+01  0.1974526E+04  0.3112196E+06  0.2497778E+04  0.7440925E-01  0.7269305E-01
  0.1047156E+01  0.1708841E+04  0.3065804E+06  0.4818679E+04  0.1255099E+00  0.1282275E+00
  0.1096507E+01  0.1471472E+04  0.2970567E+06  0.9581872E+04  0.2328450E+00  0.2266423E+00
  0.1148183E+01  0.1290380E+04  0.2815543E+06  0.1733417E+05  0.4533062E+00  0.3797804E+00
  0.1202296E+01  0.9783701E+03  0.2184313E+06  0.4889726E+05  0.1270252E+01  0.4092231E+00
  0.1258958E+01  0.8888261E+03  0.1855223E+06  0.6535207E+05  0.2013281E+01  0.5309667E+00
  0.1318290E+01  0.7493637E+03  0.1233990E+06  0.9641402E+05  0.2803232E+01  0.4487851E+00
  0.1380420E+01  0.6343911E+03  0.6681580E+05  0.1247058E+06  0.2802884E+01  0.3068903E+00
  0.1445477E+01  0.5438364E+03  0.2865070E+05  0.1437885E+06  0.2055327E+01  0.1748961E+00
  0.1513600E+01  0.4695480E+03  0.9614267E+04  0.1533067E+06  0.1148795E+01  0.8137856E-01
  0.1584934E+01  0.4030437E+03  0.2740559E+04  0.1567436E+06  0.6069205E+00  0.3057710E-01
  0.1659630E+01  0.3423363E+03  0.9479667E+03  0.1576399E+06  0.5423319E+00  0.9996501E-02
  0.1737845E+01  0.2852955E+03  0.5527222E+03  0.1578375E+06  0.7244911E+00  0.5470301E-02
  0.1819749E+01  0.2358741E+03  0.4484872E+03  0.1578896E+06  0.1041891E+01  0.6825476E-02
  0.1905511E+01  0.1950939E+03  0.4083123E+03  0.1579097E+06  0.1497893E+01  0.1041511E-01
  0.1995315E+01  0.1649581E+03  0.3933247E+03  0.1579172E+06  0.2137250E+01  0.1679473E-01
  0.2089352E+01  0.1408145E+03  0.3891303E+03  0.1579193E+06  0.3029666E+01  0.2752942E-01
  0.2187819E+01  0.1230158E+03  0.3857757E+03  0.1579210E+06  0.4253096E+01  0.4664739E-01
  0.2290928E+01  0.1088977E+03  0.3788836E+03  0.1579244E+06  0.5884309E+01  0.8219433E-01
  0.2398896E+01  0.9538431E+02  0.3692060E+03  0.1579293E+06  0.7962116E+01  0.1479431E+00
  0.2511953E+01  0.8093031E+02  0.3582848E+03  0.1579347E+06  0.1044562E+02  0.2765496E+00
  0.2630337E+01  0.7017283E+02  0.3327194E+03  0.1579475E+06  0.1323652E+02  0.5508027E+00
  0.2754301E+01  0.6231622E+02  0.2913152E+03  0.1579682E+06  0.1597790E+02  0.1216139E+01
  0.2884107E+01  0.5630316E+02  0.2361098E+03  0.1579958E+06  0.1785363E+02  0.2952266E+01
  0.3020031E+01  0.5114573E+02  0.1676724E+03  0.1580301E+06  0.1663893E+02  0.7958896E+01
  0.3162360E+01  0.3802993E+02  0.1080103E+03  0.1580599E+06  0.1077349E+02  0.1727070E+02
  0.3311397E+01  0.3060521E+02  0.4965263E+02  0.1580891E+06  0.4799433E+01  0.2555410E+02
  0.3467459E+01  0.2673332E+02  0.1902484E+02  0.1581044E+06  0.1756565E+01  0.2954038E+02
  0.3630875E+01  0.2392037E+02  0.9142625E+01  0.1581093E+06  0.7820544E+00  0.3074654E+02
  0.3801992E+01  0.2211110E+02  0.6182421E+01  0.1581108E+06  0.5739872E+00  0.3100485E+02
  0.3981174E+01  0.2077472E+02  0.5078254E+01  0.1581113E+06  0.5343367E+00  0.3106224E+02
  0.4168801E+01  0.1937897E+02  0.4622839E+01  0.1581115E+06  0.5340799E+00  0.3107123E+02
  0.4365271E+01  0.1731680E+02  0.4516877E+01  0.1581116E+06  0.5170764E+00  0.3109328E+02
  0.4571000E+01  0.1572142E+02  0.4507353E+01  0.1581116E+06  0.4702180E+00  0.3114307E+02
  0.4786424E+01  0.1468077E+02  0.4519233E+01  0.1581116E+06  0.4025905E+00  0.3121222E+02
  0.5012001E+01  0.1406405E+02  0.4527658E+01  0.1581116E+06  0.3289863E+00  0.3128650E+02
  0.5248209E+01  0.1375935E+02  0.4520909E+01  0.1581116E+06  0.2603854E+00  0.3135528E+02
  0.5495549E+01  0.1369674E+02  0.4493723E+01  0.1581116E+06  0.2017496E+00  0.3141379E+02
  0.5754553E+01  0.1372074E+02  0.4463527E+01  0.1581116E+06  0.1545647E+00  0.3146055E+02
  0.6025756E+01  0.1382781E+02  0.4427559E+01  0.1581117E+06  0.1177065E+00  0.3149655E+02
  0.6309739E+01  0.1395798E+02  0.4393662E+01  0.1581117E+06  0.8871925E-01  0.3152395E+02
  0.6607110E+01  0.1408310E+02  0.4365126E+01  0.1581117E+06  0.6483552E-01  0.3154493E+02
  0.6918491E+01  0.1424497E+02  0.4335208E+01  0.1581117E+06  0.4417800E-01  0.3156046E+02
  0.7244550E+01  0.1435471E+02  0.4317417E+01  0.1581117E+06  0.2672616E-01  0.3156931E+02
  0.7585976E+01  0.1450012E+02  0.4298487E+01  0.1581116E+06  0.1378990E-01  0.3156941E+02
  0.7943492E+01  0.1462161E+02  0.4285136E+01  0.1581116E+06  0.6113948E-02  0.3156143E+02
  0.8317859E+01  0.1476220E+02  0.4266855E+01  0.1581116E+06  0.2527998E-02  0.3155198E+02
  0.8709864E+01  0.1487722E+02  0.4244649E+01  0.1581115E+06  0.1084726E-02  0.3155036E+02
  0.9120345E+01  0.1499891E+02  0.4207913E+01  0.1581115E+06  0.5016976E-03  0.3156086E+02
  0.9550176E+01  0.1511885E+02  0.4149696E+01  0.1581115E+06  0.2439096E-03  0.3157820E+02
  0.1000026E+02  0.1525548E+02  0.4056358E+01  0.1581114E+06  0.1241703E-03  0.3159387E+02
