     NH               Temp.Gaz         Ab..h            Ab..h2           Ab..c            Ab..co        
   5.26161873E+16  1.11276184E+002  7.10148747E+004  1.22492543E+005  2.74332343E+001  5.06322198E-001
   5.61242514E+16  1.04184175E+002  6.33717278E+004  1.26314118E+005  2.71268396E+001  4.73385329E-001
   6.42908689E+16  9.29913338E+001  5.04231528E+004  1.32788407E+005  2.64340085E+001  4.17120975E-001
   7.24574865E+16  8.60196873E+001  4.19680594E+004  1.37015955E+005  2.58108813E+001  3.80255522E-001
   8.30005446E+16  8.01308565E+001  3.47050189E+004  1.40647477E+005  2.51256149E+001  3.49514575E-001
   9.35436027E+16  7.61381975E+001  2.97773954E+004  1.43111289E+005  2.45598396E+001  3.29827747E-001
   1.12253279E+17  7.15445479E+001  2.41638277E+004  1.45918074E+005  2.37930393E+001  3.09545374E-001
   1.30962955E+17  6.85982848E+001  2.06197209E+004  1.47690128E+005  2.32384547E+001  2.98846962E-001
   1.59027469E+17  6.57358080E+001  1.72639558E+004  1.49368011E+005  2.26537616E+001  2.90586110E-001
   1.87091983E+17  6.38558534E+001  1.51187379E+004  1.50440620E+005  2.22498650E+001  2.86660249E-001
   2.25840991E+17  6.21146498E+001  1.31791026E+004  1.51410437E+005  2.18623548E+001  2.84146984E-001
   2.64589999E+17  6.09031827E+001  1.18623509E+004  1.52068813E+005  2.15910959E+001  2.83302710E-001
   3.19389371E+17  5.97333236E+001  1.06137177E+004  1.52693130E+005  2.13225022E+001  2.83013700E-001
   3.74188744E+17  5.89113891E+001  9.75381066E+003  1.53123083E+005  2.11327281E+001  2.83196560E-001
   4.67737124E+17  5.79447398E+001  8.76256737E+003  1.53618705E+005  2.09088122E+001  2.83799624E-001
   5.61285505E+17  5.72824104E+001  8.09925060E+003  1.53950364E+005  2.07557533E+001  2.84378622E-001
   7.24617861E+17  5.64951908E+001  7.32930495E+003  1.54335336E+005  2.05748414E+001  2.85159003E-001
   9.35479027E+17  5.58246852E+001  6.69274066E+003  1.54653619E+005  2.04231851E+001  2.85768492E-001
   1.30967255E+18  5.50561399E+001  5.98773686E+003  1.55006120E+005  2.02545353E+001  2.86234216E-001
   1.87096283E+18  5.43262344E+001  5.34396725E+003  1.55328005E+005  2.01041845E+001  2.86425415E-001
   2.64594299E+18  5.36621978E+001  4.77990789E+003  1.55610035E+005  1.99811858E+001  2.86539107E-001
   3.74193044E+18  5.30323139E+001  4.26136294E+003  1.55869308E+005  1.98801800E+001  2.86695684E-001
   5.61289806E+18  5.22852615E+001  3.67951378E+003  1.56160232E+005  1.97992023E+001  2.88020268E-001
   7.24622163E+18  5.18308190E+001  3.34048251E+003  1.56329748E+005  1.97703493E+001  2.89241075E-001
   9.35483329E+18  5.13663434E+001  3.01258513E+003  1.56493697E+005  1.97655993E+001  2.91315447E-001
   1.30967685E+19  5.07430534E+001  2.60474423E+003  1.56697617E+005  1.98018933E+001  2.95501714E-001
   1.87096714E+19  5.00590574E+001  2.20669669E+003  1.56896641E+005  1.99056002E+001  3.02141155E-001
   2.64594730E+19  4.93535653E+001  1.85477184E+003  1.57072604E+005  2.00855250E+001  3.11543209E-001
   3.74193476E+19  4.85887252E+001  1.53848811E+003  1.57230746E+005  2.03588457E+001  3.24815003E-001
   5.61290238E+19  4.75897221E+001  1.21453105E+003  1.57392725E+005  2.08169686E+001  3.47071308E-001
   7.24622596E+19  4.68884369E+001  1.03601761E+003  1.57481981E+005  2.11914718E+001  3.66165714E-001
   9.35483763E+19  4.61168607E+001  8.75682821E+002  1.57562149E+005  2.16385705E+001  3.90924957E-001
   1.30967729E+20  4.49689990E+001  6.90488259E+002  1.57654746E+005  2.23483448E+001  4.36324134E-001
   1.87096758E+20  4.35399696E+001  5.24019329E+002  1.57737981E+005  2.32647666E+001  5.09433487E-001
   2.64594775E+20  4.18547005E+001  3.88762516E+002  1.57805610E+005  2.43192113E+001  6.24362158E-001
   3.74193522E+20  3.97600350E+001  2.74930473E+002  1.57862527E+005  2.54713780E+001  8.26049955E-001
   4.67741905E+20  3.80879654E+001  2.13213689E+002  1.57893386E+005  2.61970846E+001  1.04459926E+000
   5.61290288E+20  3.64522365E+001  1.69526934E+002  1.57915230E+005  2.67129320E+001  1.31443200E+000
   6.42956468E+20  3.50053168E+001  1.40184665E+002  1.57929902E+005  2.70022848E+001  1.60497858E+000
   7.24622649E+20  3.35232899E+001  1.17296385E+002  1.57941346E+005  2.71417077E+001  1.95753236E+000
   8.30053236E+20  3.14936679E+001  9.41203903E+001  1.57952935E+005  2.71086598E+001  2.52239715E+000
   9.35483823E+20  2.93162762E+001  7.64248060E+001  1.57961783E+005  2.68447066E+001  3.21774720E+000
   1.02903221E+21  2.72746993E+001  6.37794195E+001  1.57968107E+005  2.64140789E+001  3.96084330E+000
   1.12258059E+21  2.51916566E+001  5.34530688E+001  1.57973270E+005  2.58060123E+001  4.82477636E+000
   1.21612898E+21  2.31589539E+001  4.50767756E+001  1.57977459E+005  2.50266302E+001  5.81150778E+000
   1.30967736E+21  2.12862727E+001  3.78214066E+001  1.57981087E+005  2.41036102E+001  6.90010620E+000
   1.40322575E+21  1.96423932E+001  3.16734742E+001  1.57984161E+005  2.30806865E+001  8.05346928E+000
   1.52016123E+21  1.79208188E+001  2.53309733E+001  1.57987333E+005  2.17164408E+001  9.54148032E+000
   1.63709671E+21  1.65242752E+001  2.04284191E+001  1.57989784E+005  2.02982281E+001  1.10503455E+001
   1.75403220E+21  1.53935781E+001  1.66467925E+001  1.57991675E+005  1.88278486E+001  1.25873672E+001
   1.87096768E+21  1.44593370E+001  1.37558198E+001  1.57993121E+005  1.72875766E+001  1.41770152E+001
   1.96784021E+21  1.38016025E+001  1.19342055E+001  1.57994031E+005  1.59382760E+001  1.55575960E+001
   2.06471273E+21  1.32297831E+001  1.04532076E+001  1.57994772E+005  1.45058131E+001  1.70147344E+001
   2.16158526E+21  1.27279736E+001  9.27373985E+000  1.57995361E+005  1.29819050E+001  1.85581569E+001
   2.25845778E+21  1.22857654E+001  8.34885408E+000  1.57995823E+005  1.13694637E+001  2.01860230E+001
   2.35533031E+21  1.18965096E+001  7.62438284E+000  1.57996185E+005  9.69011199E+000  2.18774721E+001
   2.45220283E+21  1.15544301E+001  7.06147856E+000  1.57996466E+005  7.98291738E+000  2.35940155E+001
   2.54907536E+21  1.12553118E+001  6.63143311E+000  1.57996680E+005  6.31672672E+000  2.52672280E+001
   2.64594788E+21  1.09952019E+001  6.31268575E+000  1.57996837E+005  4.78266877E+000  2.68063336E+001
   2.69576549E+21  1.08743342E+001  6.17671944E+000  1.57996904E+005  4.07549273E+000  2.75154514E+001
   2.74558310E+21  1.07623747E+001  6.07349565E+000  1.57996955E+005  3.43905833E+000  2.81534469E+001
   2.79540072E+21  1.06579080E+001  5.99118711E+000  1.57996995E+005  2.87967996E+000  2.87140582E+001
   2.84521833E+21  1.05600299E+001  5.92687848E+000  1.57997025E+005  2.39936016E+000  2.91953348E+001
   2.89503594E+21  1.04678262E+001  5.87804301E+000  1.57997048E+005  1.99503035E+000  2.96003959E+001
   2.94485355E+21  1.03804469E+001  5.84218776E+000  1.57997065E+005  1.65980254E+000  2.99361753E+001
   2.99467116E+21  1.02971712E+001  5.81701296E+000  1.57997075E+005  1.38506787E+000  3.02113206E+001
   3.04448877E+21  1.02174106E+001  5.80043641E+000  1.57997082E+005  1.16121096E+000  3.04354792E+001
   3.09430638E+21  1.01407233E+001  5.79070131E+000  1.57997085E+005  9.79305679E-001  3.06176018E+001
   3.14412399E+21  1.00668015E+001  5.78634438E+000  1.57997086E+005  8.31372813E-001  3.07656866E+001
   3.19394160E+21  9.99540576E+000  5.78617820E+000  1.57997084E+005  7.10630558E-001  3.08865298E+001
   3.24375920E+21  9.92638390E+000  5.78926162E+000  1.57997080E+005  6.11666532E-001  3.09855542E+001
   3.29357681E+21  9.85966082E+000  5.79483002E+000  1.57997076E+005  5.30070305E-001  3.10671778E+001
   3.34339442E+21  9.79513808E+000  5.80228216E+000  1.57997070E+005  4.62358830E-001  3.11348893E+001
   3.39321202E+21  9.73277027E+000  5.81113341E+000  1.57997064E+005  4.05792205E-001  3.11914328E+001
   3.44302963E+21  9.67356818E+000  5.82075915E+000  1.57997057E+005  3.58243156E-001  3.12389387E+001
   3.49284723E+21  9.61773721E+000  5.83070730E+000  1.57997050E+005  3.18003811E-001  3.12791171E+001
   3.54266483E+21  9.56370567E+000  5.84103147E+000  1.57997042E+005  2.83668440E-001  3.13133749E+001
   3.64230004E+21  9.46084492E+000  5.85870793E+000  1.57997029E+005  2.28668805E-001  3.13681737E+001
   3.69211764E+21  9.41254922E+000  5.87262972E+000  1.57997019E+005  2.06492621E-001  3.13902276E+001
   3.74193524E+21  9.36578846E+000  5.88318713E+000  1.57997012E+005  1.87085211E-001  3.14094984E+001
   3.83548360E+21  9.28247903E+000  5.89894620E+000  1.57996999E+005  1.56654495E-001  3.14396334E+001
   3.92903195E+21  9.20558653E+000  5.91590285E+000  1.57996985E+005  1.32322535E-001  3.14636169E+001
   4.02258031E+21  9.13457494E+000  5.93109455E+000  1.57996972E+005  1.12579412E-001  3.14829547E+001
   4.11612865E+21  9.07144398E+000  5.94365938E+000  1.57996960E+005  9.63948713E-002  3.14986726E+001
   4.20967700E+21  9.01461468E+000  5.95369458E+000  1.57996948E+005  8.29944815E-002  3.15115375E+001
   4.30322534E+21  8.96220704E+000  5.96176211E+000  1.57996938E+005  7.18117059E-002  3.15221066E+001
   4.39677368E+21  8.91395184E+000  5.96815649E+000  1.57996928E+005  6.24333611E-002  3.15307825E+001
   4.49032201E+21  8.86986118E+000  5.97302717E+000  1.57996918E+005  5.45376032E-002  3.15378750E+001
   4.58387034E+21  8.82932890E+000  5.97666312E+000  1.57996909E+005  4.78600518E-002  3.15436351E+001
   4.67741866E+21  8.79197514E+000  5.97933267E+000  1.57996901E+005  4.21839257E-002  3.15482652E+001
   4.77096698E+21  8.75750521E+000  5.98123870E+000  1.57996892E+005  3.73279066E-002  3.15519322E+001
   4.86451530E+21  8.72564145E+000  5.98253450E+000  1.57996884E+005  3.31399254E-002  3.15547747E+001
   4.91128945E+21  8.71086734E+000  5.98397051E+000  1.57996879E+005  3.12569170E-002  3.15559229E+001
   4.96140462E+21  8.69534994E+000  5.98426352E+000  1.57996875E+005  2.93727062E-002  3.15569716E+001
   5.01569605E+21  8.67923503E+000  5.98438615E+000  1.57996871E+005  2.74714320E-002  3.15579107E+001
   5.06546319E+21  8.66511359E+000  5.98452630E+000  1.57996867E+005  2.58424937E-002  3.15586050E+001
   5.12020704E+21  8.65016821E+000  5.98437494E+000  1.57996862E+005  2.41620975E-002  3.15591990E+001
   5.16947651E+21  8.63732806E+000  5.98427371E+000  1.57996858E+005  2.27391088E-002  3.15595927E+001
   5.22490466E+21  8.62344062E+000  5.98381960E+000  1.57996854E+005  2.12282694E-002  3.15598889E+001
   5.27340429E+21  8.61188241E+000  5.98346076E+000  1.57996851E+005  1.99769565E-002  3.15600301E+001
   5.32998719E+21  8.59895303E+000  5.98263629E+000  1.57996847E+005  1.85919257E-002  3.15600679E+001
   5.37713960E+21  8.58877568E+000  5.98199249E+000  1.57996843E+005  1.74942740E-002  3.15600035E+001
   5.43608012E+21  8.57663998E+000  5.98066336E+000  1.57996840E+005  1.61878829E-002  3.15598127E+001
   5.48028551E+21  8.56814880E+000  5.97973695E+000  1.57996837E+005  1.52530319E-002  3.15595968E+001
   5.51343955E+21  8.56207427E+000  5.97891382E+000  1.57996835E+005  1.45756612E-002  3.15593981E+001
   5.56317060E+21  8.55333360E+000  5.97713825E+000  1.57996832E+005  1.35959336E-002  3.15590465E+001
   5.61290166E+21  8.54526931E+000  5.97524068E+000  1.57996830E+005  1.26584830E-002  3.15586377E+001
   5.70897941E+21  8.53136898E+000  5.97039462E+000  1.57996826E+005  1.09616007E-002  3.15577145E+001
   5.80505716E+21  8.52012875E+000  5.96458583E+000  1.57996823E+005  9.41066836E-003  3.15566566E+001
   5.90113490E+21  8.51148727E+000  5.95720480E+000  1.57996821E+005  8.00234211E-003  3.15555051E+001
   5.99721264E+21  8.50546537E+000  5.94799642E+000  1.57996820E+005  6.73532286E-003  3.15542886E+001
   6.09329038E+21  8.50198883E+000  5.93671671E+000  1.57996821E+005  5.60848655E-003  3.15530226E+001
   6.18936811E+21  8.50088761E+000  5.92312271E+000  1.57996823E+005  4.61968213E-003  3.15517109E+001
   6.28544585E+21  8.50180689E+000  5.89983310E+000  1.57996831E+005  3.76474438E-003  3.15503500E+001
   6.38152357E+21  8.50453757E+000  5.88053660E+000  1.57996837E+005  3.03761108E-003  3.15489397E+001
   6.47760130E+21  8.50871726E+000  5.85862689E+000  1.57996846E+005  2.42946437E-003  3.15474901E+001
   6.57367903E+21  8.51397591E+000  5.83347875E+000  1.57996857E+005  1.92948104E-003  3.15460348E+001
   6.66975675E+21  8.51996958E+000  5.80485816E+000  1.57996871E+005  1.52529711E-003  3.15446409E+001
   6.76583448E+21  8.52640127E+000  5.77259732E+000  1.57996889E+005  1.20372756E-003  3.15434165E+001
   6.86191221E+21  8.53303406E+000  5.73660549E+000  1.57996910E+005  9.51547056E-004  3.15425120E+001
   6.95798994E+21  8.53969262E+000  5.69691180E+000  1.57996934E+005  7.56206633E-004  3.15421141E+001
   7.05406767E+21  8.54625352E+000  5.65372305E+000  1.57996962E+005  6.06389718E-004  3.15424296E+001
   7.15014541E+21  8.55262672E+000  5.60749738E+000  1.57996993E+005  4.92354383E-004  3.15436546E+001
   7.24622315E+21  8.55873147E+000  5.55903100E+000  1.57997026E+005  4.06056985E-004  3.15459254E+001
   7.34206903E+21  8.56445823E+000  5.50964867E+000  1.57997060E+005  3.41222527E-004  3.15492409E+001
   7.43791491E+21  8.56969391E+000  5.46086902E+000  1.57997094E+005  2.92656565E-004  3.15534113E+001
   7.53376080E+21  8.57428936E+000  5.41448949E+000  1.57997127E+005  2.56494319E-004  3.15580156E+001
   7.62960669E+21  8.57812509E+000  5.37195690E+000  1.57997156E+005  2.29623601E-004  3.15625109E+001
   7.72545259E+21  8.58117478E+000  5.33378216E+000  1.57997183E+005  2.09473228E-004  3.15664526E+001
   7.82129849E+21  8.58351497E+000  5.29947165E+000  1.57997207E+005  1.93994742E-004  3.15696470E+001
   7.91714439E+21  8.58527382E+000  5.26799673E+000  1.57997229E+005  1.81691669E-004  3.15721169E+001
   8.01299030E+21  8.58657739E+000  5.23829362E+000  1.57997250E+005  1.71556286E-004  3.15739834E+001
   8.10883622E+21  8.58752606E+000  5.20950202E+000  1.57997269E+005  1.62939822E-004  3.15753800E+001
   8.20468213E+21  8.58819346E+000  5.18100146E+000  1.57997288E+005  1.55428892E-004  3.15764196E+001
   8.30052805E+21  8.58863305E+000  5.15237154E+000  1.57997307E+005  1.48757275E-004  3.15771882E+001
   8.39637397E+21  8.58888503E+000  5.12334301E+000  1.57997325E+005  1.42750006E-004  3.15777496E+001
   8.49221990E+21  8.58898159E+000  5.09375945E+000  1.57997344E+005  1.37289277E-004  3.15781506E+001
   8.58806582E+21  8.58851327E+000  5.06508591E+000  1.57997362E+005  1.32285245E-004  3.15784263E+001
   8.68391175E+21  8.58880831E+000  5.03283509E+000  1.57997381E+005  1.27705076E-004  3.15786022E+001
   8.77975768E+21  8.58864352E+000  5.00685722E+000  1.57997398E+005  1.23481371E-004  3.15787019E+001
   8.87560361E+21  8.58837532E+000  4.97528172E+000  1.57997417E+005  1.19588615E-004  3.15787353E+001
   8.97144955E+21  8.58807386E+000  4.94306308E+000  1.57997436E+005  1.16001006E-004  3.15787178E+001
   9.06729548E+21  8.58776267E+000  4.91066743E+000  1.57997455E+005  1.12696466E-004  3.15786597E+001
   9.16314142E+21  8.58746268E+000  4.87830416E+000  1.57997474E+005  1.09655641E-004  3.15785697E+001
   9.25898736E+21  8.58719309E+000  4.84617732E+000  1.57997492E+005  1.06860988E-004  3.15784551E+001
   9.35483330E+21  8.58697111E+000  4.81449271E+000  1.57997511E+005  1.04296200E-004  3.15783221E+001
   9.44838164E+21  8.58681429E+000  4.78413920E+000  1.57997528E+005  1.01999814E-004  3.15781795E+001
   9.54192998E+21  8.58625090E+000  4.75049144E+000  1.57997547E+005  9.98896906E-005  3.15780249E+001
   9.63547832E+21  8.58666754E+000  4.72062850E+000  1.57997564E+005  9.79654488E-005  3.15778696E+001
   9.72902666E+21  8.58675271E+000  4.69306529E+000  1.57997579E+005  9.62022683E-005  3.15777124E+001
   9.82257501E+21  8.58692055E+000  4.66678462E+000  1.57997594E+005  9.45921108E-005  3.15775561E+001
   9.91612335E+21  8.58718071E+000  4.64178174E+000  1.57997608E+005  9.31235515E-005  3.15774026E+001
   1.00096717E+22  8.58753342E+000  4.61811030E+000  1.57997621E+005  9.17857367E-005  3.15772537E+001
   1.01032200E+22  8.58797715E+000  4.59580533E+000  1.57997634E+005  9.05683966E-005  3.15771104E+001
   1.01967684E+22  8.58850897E+000  4.57488010E+000  1.57997646E+005  8.94618513E-005  3.15769738E+001
   1.02903167E+22  8.58912487E+000  4.55532829E+000  1.57997656E+005  8.84570103E-005  3.15768442E+001
   1.03838651E+22  8.58982000E+000  4.53712691E+000  1.57997667E+005  8.75453670E-005  3.15767223E+001
   1.04774134E+22  8.59058891E+000  4.52023918E+000  1.57997676E+005  8.67189871E-005  3.15766080E+001
   1.05709618E+22  8.59142578E+000  4.50461743E+000  1.57997685E+005  8.59704935E-005  3.15765014E+001
   1.06645101E+22  8.59232456E+000  4.49020581E+000  1.57997692E+005  8.52930465E-005  3.15764024E+001
   1.07580585E+22  8.59327916E+000  4.47694265E+000  1.57997700E+005  8.46803218E-005  3.15763106E+001
   1.08516068E+22  8.59428355E+000  4.46476262E+000  1.57997707E+005  8.41264866E-005  3.15762260E+001
   1.09451552E+22  8.59533184E+000  4.45359843E+000  1.57997713E+005  8.36261731E-005  3.15761480E+001
   1.10387035E+22  8.59641836E+000  4.44338240E+000  1.57997718E+005  8.31744526E-005  3.15760764E+001
   1.11322519E+22  8.59753770E+000  4.43404757E+000  1.57997723E+005  8.27668080E-005  3.15760107E+001
   1.12258002E+22  8.59868477E+000  4.42552863E+000  1.57997728E+005  8.23991071E-005  3.15759505E+001
   1.13193486E+22  8.60007377E+000  4.41772679E+000  1.57997732E+005  8.20678148E-005  3.15758956E+001
   1.14128969E+22  8.60154270E+000  4.41059658E+000  1.57997736E+005  8.17693189E-005  3.15758455E+001
   1.15064453E+22  8.60301873E+000  4.40409976E+000  1.57997740E+005  8.15004113E-005  3.15757998E+001
   1.15999937E+22  8.60449705E+000  4.39818687E+000  1.57997743E+005  8.12582410E-005  3.15757582E+001
   1.16935420E+22  8.60597445E+000  4.39280802E+000  1.57997746E+005  8.10402190E-005  3.15757203E+001
   1.17870904E+22  8.60744803E+000  4.38791647E+000  1.57997749E+005  8.08439958E-005  3.15756859E+001
   1.18806387E+22  8.60891519E+000  4.38346892E+000  1.57997751E+005  8.06674416E-005  3.15756546E+001
   1.19741871E+22  8.61037356E+000  4.37942537E+000  1.57997753E+005  8.05086270E-005  3.15756262E+001
   1.20677354E+22  8.61182102E+000  4.37574899E+000  1.57997755E+005  8.03658057E-005  3.15756004E+001
   1.21612838E+22  8.61325568E+000  4.37240603E+000  1.57997757E+005  8.02373984E-005  3.15755770E+001
   1.22548321E+22  8.61467586E+000  4.36936554E+000  1.57997759E+005  8.01219774E-005  3.15755558E+001
   1.23483805E+22  8.61608006E+000  4.36659928E+000  1.57997760E+005  8.00182530E-005  3.15755366E+001
   1.24419288E+22  8.61746697E+000  4.36408149E+000  1.57997762E+005  7.99250610E-005  3.15755192E+001
   1.25354772E+22  8.61883543E+000  4.36178873E+000  1.57997763E+005  7.98413504E-005  3.15755035E+001
   1.26290255E+22  8.62018443E+000  4.35969970E+000  1.57997764E+005  7.97661733E-005  3.15754892E+001
   1.27225739E+22  8.62151309E+000  4.35779504E+000  1.57997765E+005  7.96986749E-005  3.15754763E+001
   1.28161222E+22  8.62282065E+000  4.35605722E+000  1.57997766E+005  7.96380847E-005  3.15754646E+001
   1.29096706E+22  8.62410648E+000  4.35447035E+000  1.57997767E+005  7.95837083E-005  3.15754540E+001
   1.30032190E+22  8.62537000E+000  4.35302006E+000  1.57997768E+005  7.95349201E-005  3.15754445E+001
   1.30967673E+22  8.62661077E+000  4.35169335E+000  1.57997768E+005  7.94911567E-005  3.15754359E+001
   1.31919012E+22  8.62784845E+000  4.35046103E+000  1.57997769E+005  7.94512816E-005  3.15754279E+001
   1.32870351E+22  8.62906225E+000  4.34933098E+000  1.57997770E+005  7.94155988E-005  3.15754208E+001
   1.33821691E+22  8.63025152E+000  4.34829524E+000  1.57997770E+005  7.93836767E-005  3.15754143E+001
   1.34773030E+22  8.63141607E+000  4.34734491E+000  1.57997771E+005  7.93551281E-005  3.15754085E+001
   1.35724369E+22  8.63255573E+000  4.34647184E+000  1.57997771E+005  7.93296049E-005  3.15754033E+001
   1.36675708E+22  8.63367040E+000  4.34566869E+000  1.57997772E+005  7.93067946E-005  3.15753986E+001
   1.37627047E+22  8.63476002E+000  4.34492888E+000  1.57997772E+005  7.92864165E-005  3.15753943E+001
   1.38578387E+22  8.63582455E+000  4.34424646E+000  1.57997772E+005  7.92682188E-005  3.15753905E+001
   1.39529726E+22  8.63686401E+000  4.34361608E+000  1.57997773E+005  7.92519751E-005  3.15753870E+001
   1.40481065E+22  8.63787841E+000  4.34303296E+000  1.57997773E+005  7.92374826E-005  3.15753839E+001
   1.41432404E+22  8.63886781E+000  4.34249277E+000  1.57997773E+005  7.92245589E-005  3.15753811E+001
   1.42383743E+22  8.63983228E+000  4.34199162E+000  1.57997773E+005  7.92130404E-005  3.15753786E+001
   1.43335083E+22  8.64077192E+000  4.34152603E+000  1.57997774E+005  7.92027804E-005  3.15753763E+001
   1.44286422E+22  8.64168682E+000  4.34109287E+000  1.57997774E+005  7.91936471E-005  3.15753743E+001
   1.45237761E+22  8.64257711E+000  4.34068930E+000  1.57997774E+005  7.91855224E-005  3.15753725E+001
   1.46189100E+22  8.64344291E+000  4.34031281E+000  1.57997774E+005  7.91783001E-005  3.15753708E+001
   1.47140439E+22  8.64428435E+000  4.33996109E+000  1.57997774E+005  7.91718852E-005  3.15753694E+001
   1.48091779E+22  8.64510159E+000  4.33963212E+000  1.57997775E+005  7.91661922E-005  3.15753680E+001
   1.49043118E+22  8.64589476E+000  4.33932404E+000  1.57997775E+005  7.91611446E-005  3.15753669E+001
   1.49994457E+22  8.64666402E+000  4.33903520E+000  1.57997775E+005  7.91566736E-005  3.15753658E+001
   1.50945796E+22  8.64740952E+000  4.33876410E+000  1.57997775E+005  7.91527176E-005  3.15753648E+001
   1.51897135E+22  8.64813142E+000  4.33850941E+000  1.57997775E+005  7.91492214E-005  3.15753640E+001
   1.52848475E+22  8.64882987E+000  4.33826992E+000  1.57997775E+005  7.91461353E-005  3.15753632E+001
   1.53799814E+22  8.64950503E+000  4.33804455E+000  1.57997775E+005  7.91434148E-005  3.15753625E+001
   1.54751153E+22  8.65015706E+000  4.33783232E+000  1.57997776E+005  7.91410201E-005  3.15753619E+001
   1.55702492E+22  8.65078611E+000  4.33763235E+000  1.57997776E+005  7.91389153E-005  3.15753613E+001
   1.56653831E+22  8.65139234E+000  4.33744385E+000  1.57997776E+005  7.91370684E-005  3.15753609E+001
   1.57605171E+22  8.65197588E+000  4.33726611E+000  1.57997776E+005  7.91354506E-005  3.15753604E+001
   1.58556510E+22  8.65253690E+000  4.33709849E+000  1.57997776E+005  7.91340360E-005  3.15753600E+001
   1.59507849E+22  8.65307554E+000  4.33694040E+000  1.57997776E+005  7.91328015E-005  3.15753597E+001
   1.60459188E+22  8.65359193E+000  4.33679134E+000  1.57997776E+005  7.91317263E-005  3.15753593E+001
   1.61410527E+22  8.65408622E+000  4.33665082E+000  1.57997776E+005  7.91307919E-005  3.15753591E+001
   1.62361867E+22  8.65455853E+000  4.33651842E+000  1.57997776E+005  7.91299814E-005  3.15753588E+001
   1.63313206E+22  8.65500900E+000  4.33639378E+000  1.57997776E+005  7.91292799E-005  3.15753586E+001
   1.64264545E+22  8.65543775E+000  4.33627653E+000  1.57997776E+005  7.91286741E-005  3.15753584E+001
   1.65215884E+22  8.65584491E+000  4.33616637E+000  1.57997776E+005  7.91281517E-005  3.15753582E+001
   1.66167223E+22  8.65623058E+000  4.33606302E+000  1.57997776E+005  7.91277022E-005  3.15753580E+001
   1.67118563E+22  8.65659488E+000  4.33596623E+000  1.57997776E+005  7.91273157E-005  3.15753579E+001
   1.68069902E+22  8.65693792E+000  4.33587576E+000  1.57997777E+005  7.91269835E-005  3.15753578E+001
   1.69021241E+22  8.65725980E+000  4.33579142E+000  1.57997777E+005  7.91266980E-005  3.15753576E+001
   1.69972580E+22  8.65756060E+000  4.33571302E+000  1.57997777E+005  7.91264521E-005  3.15753575E+001
   1.70923919E+22  8.65784044E+000  4.33564038E+000  1.57997777E+005  7.91262396E-005  3.15753574E+001
   1.71875258E+22  8.65809938E+000  4.33557337E+000  1.57997777E+005  7.91260548E-005  3.15753574E+001
   1.72826598E+22  8.65833752E+000  4.33551183E+000  1.57997777E+005  7.91258927E-005  3.15753573E+001
   1.73777937E+22  8.65855492E+000  4.33545565E+000  1.57997777E+005  7.91257489E-005  3.15753572E+001
   1.74729276E+22  8.65875167E+000  4.33540473E+000  1.57997777E+005  7.91256192E-005  3.15753571E+001
   1.75680615E+22  8.65892782E+000  4.33535894E+000  1.57997777E+005  7.91255001E-005  3.15753571E+001
   1.76631954E+22  8.65908343E+000  4.33531822E+000  1.57997777E+005  7.91253883E-005  3.15753570E+001
   1.77583294E+22  8.65921857E+000  4.33528247E+000  1.57997777E+005  7.91252809E-005  3.15753569E+001
   1.78534633E+22  8.65933328E+000  4.33525163E+000  1.57997777E+005  7.91251753E-005  3.15753569E+001
   1.79485972E+22  8.65942761E+000  4.33522562E+000  1.57997777E+005  7.91250691E-005  3.15753568E+001
   1.80437311E+22  8.65950160E+000  4.33520440E+000  1.57997777E+005  7.91249603E-005  3.15753568E+001
   1.81388650E+22  8.65955528E+000  4.33518790E+000  1.57997777E+005  7.91248470E-005  3.15753567E+001
   1.82339990E+22  8.65958868E+000  4.33517609E+000  1.57997777E+005  7.91247275E-005  3.15753567E+001
   1.83291329E+22  8.65918081E+000  4.33767794E+000  1.57997776E+005  7.91208570E-005  3.15753575E+001
   1.84242668E+22  8.65959111E+000  4.33534029E+000  1.57997777E+005  7.91244744E-005  3.15753567E+001
   1.85194007E+22  8.65915706E+000  4.33884722E+000  1.57997775E+005  7.91206803E-005  3.15753585E+001
   1.86145346E+22  8.65951716E+000  4.33542119E+000  1.57997777E+005  7.91241773E-005  3.15753567E+001
   1.87096686E+22  8.65949194E+000  4.33987869E+000  1.57997775E+005  7.91244024E-005  3.15753609E+001
   1.88048025E+22  8.65940489E+000  4.34016980E+000  1.57997774E+005  7.91242433E-005  3.15753611E+001
   1.88999364E+22  8.65929604E+000  4.34020716E+000  1.57997774E+005  7.91240472E-005  3.15753610E+001
   1.89950703E+22  8.65916684E+000  4.34023299E+000  1.57997774E+005  7.91238352E-005  3.15753610E+001
   1.90902042E+22  8.65901739E+000  4.34026230E+000  1.57997774E+005  7.91236081E-005  3.15753609E+001
   1.91853382E+22  8.65884766E+000  4.34029603E+000  1.57997774E+005  7.91233654E-005  3.15753609E+001
   1.92804721E+22  8.65865763E+000  4.34033421E+000  1.57997774E+005  7.91231067E-005  3.15753608E+001
   1.93756060E+22  8.65844726E+000  4.34037687E+000  1.57997774E+005  7.91228317E-005  3.15753607E+001
   1.94707399E+22  8.65821651E+000  4.34042399E+000  1.57997774E+005  7.91225401E-005  3.15753606E+001
   1.95658738E+22  8.65796535E+000  4.34047559E+000  1.57997774E+005  7.91222316E-005  3.15753606E+001
   1.96610078E+22  8.65769371E+000  4.34053168E+000  1.57997774E+005  7.91219060E-005  3.15753605E+001
   1.97561417E+22  8.65740154E+000  4.34059226E+000  1.57997774E+005  7.91215632E-005  3.15753604E+001
   1.98512756E+22  8.65708878E+000  4.34065735E+000  1.57997774E+005  7.91212030E-005  3.15753603E+001
   1.99464095E+22  8.65675536E+000  4.34072697E+000  1.57997774E+005  7.91208255E-005  3.15753602E+001
   2.00415434E+22  8.65640121E+000  4.34080113E+000  1.57997774E+005  7.91204307E-005  3.15753601E+001
