# J Brightness (erg/s/cm^2/sr)
  1 8.37326E-08
  2 5.31466E-07
  3 1.22909E-06
  4 1.63604E-06
  5 1.70362E-06
  6 7.23452E-07
  7 9.40466E-08
  8 1.16566E-08
  9 2.00681E-09
 10 4.56155E-10
 11 1.11779E-10
 12 2.90101E-11
 13 8.23708E-12
 14 2.78214E-12
 15 1.12226E-12
 16 5.55065E-13
 17 2.95185E-13
 18 1.66768E-13
 19 9.73147E-14
 20 5.72062E-14
 21 3.35522E-14
 22 1.94685E-14
 23 1.09864E-14
 24 6.20397E-15
 25 3.56490E-15
 26 1.82237E-15
 27 1.06465E-15
 28 1.42919E-15
 29 8.60340E-16
 30 6.69741E-16
 31 2.27316E-15
 32 5.71393E-16
 33 6.10377E-16
 34 6.71443E-16
 35 4.88161E-16
 36 6.47315E-16
 37 3.36287E-16
 38 5.38562E-16
 39 9.94764E-16
 40 2.90128E-16
 41 4.55107E-16
 42 5.79357E-16
 43 5.84351E-17
 44 5.06341E-16
 45 1.02862E-16
 46 3.95561E-16
 47 1.52203E-16
 48 2.48435E-16
 49 4.08648E-16
 50 4.79186E-16
