# J Brightness (erg/s/cm^2/sr)
  1 1.44934E-07
  2 1.03371E-06
  3 2.71573E-06
  4 4.18019E-06
  5 3.92240E-06
  6 2.16612E-06
  7 9.20754E-07
  8 4.67151E-07
  9 2.60736E-07
 10 1.48659E-07
 11 8.59190E-08
 12 5.03801E-08
 13 3.02288E-08
 14 1.82300E-08
 15 1.11774E-08
 16 7.29519E-09
 17 4.84834E-09
 18 3.29765E-09
 19 2.29415E-09
 20 1.63605E-09
 21 1.19053E-09
 22 8.78996E-10
 23 6.55586E-10
 24 4.91848E-10
 25 3.69945E-10
 26 2.77994E-10
 27 2.08182E-10
 28 1.55082E-10
 29 1.14767E-10
 30 8.43060E-11
 31 6.14285E-11
 32 4.43773E-11
 33 3.17707E-11
 34 2.25309E-11
 35 1.58212E-11
 36 1.09976E-11
 37 7.56525E-12
 38 5.14955E-12
 39 3.46583E-12
 40 2.30655E-12
 41 1.51602E-12
 42 9.83740E-13
 43 6.27774E-13
 44 3.92974E-13
 45 2.39217E-13
 46 1.39592E-13
 47 7.57521E-14
 48 3.55009E-14
 49 1.80172E-14
 50 1.03425E-14
