# J Brightness (erg/s/cm^2/sr)
  1 1.15417E-07
  2 1.05790E-06
  3 3.35916E-06
  4 6.89444E-06
  5 1.08148E-05
  6 1.31604E-05
  7 1.18618E-05
  8 6.94937E-06
  9 2.61873E-06
 10 7.29293E-07
 11 1.67237E-07
 12 3.98966E-08
 13 1.82920E-08
 14 1.67599E-08
 15 1.97078E-08
 16 2.34236E-08
 17 2.73561E-08
 18 3.11699E-08
 19 3.46748E-08
 20 3.77283E-08
 21 4.02202E-08
 22 4.20564E-08
 23 4.32234E-08
 24 4.36634E-08
 25 4.34044E-08
 26 4.25005E-08
 27 4.10284E-08
 28 3.90860E-08
 29 3.67367E-08
 30 3.41151E-08
 31 3.13083E-08
 32 2.84100E-08
 33 2.54940E-08
 34 2.26385E-08
 35 1.99027E-08
 36 1.73287E-08
 37 1.49494E-08
 38 1.27764E-08
 39 1.08245E-08
 40 9.09344E-09
 41 7.57458E-09
 42 6.25888E-09
 43 5.12845E-09
 44 4.16669E-09
 45 3.35400E-09
 46 2.66763E-09
 47 2.08463E-09
 48 1.57592E-09
 49 1.10473E-09
 50 6.15131E-10
