# J  Brightness (erg/s/cm^2/sr)
  1 1.79594E-07
  2 2.49066E-06
  3 1.11255E-05
  4 3.09888E-05
  5 6.64445E-05
  6 1.20249E-04
  7 1.93352E-04
  8 2.84107E-04
  9 3.88413E-04
 10 5.00098E-04
 11 6.10769E-04
 12 7.09168E-04
 13 7.79295E-04
 14 8.04539E-04
 15 7.62556E-04
 16 6.66962E-04
 17 4.89424E-04
 18 3.73578E-04
 19 2.65428E-04
 20 1.81966E-04
 21 1.21301E-04
 22 7.91253E-05
 23 5.07477E-05
 24 3.21150E-05
 25 2.00342E-05
 26 1.23559E-05
 27 7.56685E-06
 28 4.61249E-06
 29 2.81675E-06
 30 1.72749E-06
 31 1.06685E-06
 32 6.68371E-07
 33 4.28030E-07
 34 2.81179E-07
 35 1.90285E-07
 36 1.33024E-07
 37 9.54969E-08
 38 7.02499E-08
 39 5.26245E-08
 40 3.98310E-08
 41 3.02456E-08
 42 2.34883E-08
 43 1.81879E-08
 44 1.39528E-08
 45 1.05484E-08
 46 7.77235E-09
 47 5.52646E-09
 48 3.69099E-09
 49 2.19929E-09
 50 9.88476E-10
