! N_H(cm-2)    T_dust(K)     Dust PE      PAH PE       H2 FUV       H2 form     Gas-grain      [OI]         [CII]         CO          [CI]   
 2.60524E-06  1.00588E-05  
 0.00000E+00  1.32979E+02 -3.66449E-18  4.67393E-17  5.75987E-18  4.48746E-19 -1.03731E-17 -3.72018E-17 -2.71913E-19 -8.02241E-26 -2.06222E-26  
 1.71000E+19  1.32555E+02 -3.61755E-18  4.68131E-17  5.79940E-18  4.51875E-19 -1.03188E-17 -3.71139E-17 -2.71911E-19 -8.54972E-26 -2.12609E-26  
 2.90700E+20  1.25988E+02 -3.18247E-18  4.52218E-17  5.78625E-18  4.51205E-19 -1.05523E-17 -3.57786E-17 -2.71918E-19 -2.18766E-25 -3.32494E-26  
 4.27500E+20  1.22851E+02 -3.02340E-18  4.49828E-17  5.64293E-18  4.40897E-19 -1.08975E-17 -3.51697E-17 -2.71562E-19 -4.46982E-25 -4.35220E-26  
 5.64300E+20  1.19810E+02 -2.77585E-18  4.46187E-17  5.56466E-18  4.35555E-19 -1.11370E-17 -3.44435E-17 -2.71456E-19 -7.96750E-25 -5.62004E-26  
 6.32700E+20  1.18325E+02 -2.67880E-18  4.48291E-17  5.45645E-18  4.28067E-19 -1.13787E-17 -3.41476E-17 -2.71406E-19 -1.17801E-24 -6.57748E-26  
 7.01100E+20  1.16864E+02 -2.56952E-18  4.47015E-17  5.35275E-18  4.20687E-19 -1.16260E-17 -3.38557E-17 -2.71358E-19 -1.60865E-24 -7.57331E-26  
 7.69500E+20  1.15426E+02 -2.44540E-18  4.47010E-17  5.24777E-18  4.13415E-19 -1.18789E-17 -3.35697E-17 -2.71310E-19 -2.22683E-24 -8.79331E-26  
 8.37900E+20  1.14011E+02 -2.30191E-18  4.48666E-17  5.14022E-18  4.06247E-19 -1.21376E-17 -3.32895E-17 -2.71262E-19 -3.13711E-24 -1.03273E-25  
 9.06300E+20  1.12620E+02 -2.13245E-18  4.52398E-17  5.02819E-18  3.99182E-19 -1.24023E-17 -3.30150E-17 -2.70890E-19 -4.51291E-24 -1.23141E-25  
 9.40500E+20  1.11933E+02 -2.09337E-18  4.57946E-17  4.87485E-18  3.89096E-19 -1.27389E-17 -3.28823E-17 -2.70861E-19 -5.84904E-24 -1.39542E-25  
 9.74700E+20  1.11252E+02 -2.01299E-18  4.60648E-17  4.78581E-18  3.83508E-19 -1.29469E-17 -3.27493E-17 -2.70831E-19 -7.10698E-24 -1.54495E-25  
 1.00890E+21  1.10576E+02 -1.92215E-18  4.64093E-17  4.69406E-18  3.77993E-19 -1.31585E-17 -3.26178E-17 -2.70801E-19 -8.69683E-24 -1.72223E-25  
 1.04310E+21  1.09907E+02 -1.81942E-18  4.68288E-17  4.59871E-18  3.72551E-19 -1.33738E-17 -3.24879E-17 -2.70771E-19 -1.07203E-23 -1.93458E-25  
 1.07730E+21  1.09243E+02 -1.70330E-18  4.73238E-17  4.49849E-18  3.67180E-19 -1.35928E-17 -3.23595E-17 -2.70742E-19 -1.33175E-23 -2.19199E-25  
 1.11150E+21  1.08584E+02 -1.57116E-18  4.79077E-17  4.39117E-18  3.61879E-19 -1.38157E-17 -3.22325E-17 -2.70712E-19 -1.67124E-23 -2.51074E-25  
 1.14570E+21  1.07932E+02 -1.45972E-18  4.84258E-17  4.25086E-18  3.54656E-19 -1.41179E-17 -3.21075E-17 -2.70683E-19 -2.10428E-23 -2.90067E-25  
 1.17990E+21  1.07285E+02 -1.29395E-18  4.91566E-17  4.12152E-18  3.49521E-19 -1.43499E-17 -3.19836E-17 -2.70653E-19 -2.69911E-23 -3.40991E-25  
 1.21410E+21  1.06645E+02 -1.10828E-18  4.99579E-17  3.97277E-18  3.44454E-19 -1.45860E-17 -3.18610E-17 -2.70623E-19 -3.51396E-23 -4.07939E-25  
 1.24830E+21  1.06009E+02 -8.60072E-19  5.09540E-17  3.81782E-18  3.41369E-19 -1.47465E-17 -3.17392E-17 -2.70591E-19 -4.68227E-23 -4.99681E-25  
 1.28250E+21  1.05380E+02 -6.41741E-19  5.17723E-17  3.60232E-18  3.36405E-19 -1.49895E-17 -3.16190E-17 -2.70559E-19 -6.29228E-23 -6.22923E-25  
 1.31670E+21  1.04756E+02 -3.76268E-19  5.26221E-17  3.35781E-18  3.33380E-19 -1.51546E-17 -3.14995E-17 -2.70526E-19 -8.60336E-23 -7.93594E-25  
 1.35090E+21  1.04138E+02 -7.42054E-20  5.34024E-17  3.07551E-18  3.32291E-19 -1.52369E-17 -3.13804E-17 -2.70490E-19 -1.18593E-22 -1.02558E-24  
 1.38510E+21  1.03526E+02  1.95817E-19  5.38400E-17  2.74303E-18  3.31236E-19 -1.53180E-17 -3.12621E-17 -2.70452E-19 -1.61187E-22 -1.32103E-24  
 1.41930E+21  1.02919E+02  4.47876E-19  5.39921E-17  2.39065E-18  3.31096E-19 -1.53586E-17 -3.11444E-17 -2.70411E-19 -2.14053E-22 -1.67672E-24  
 1.45350E+21  1.02318E+02  6.96932E-19  5.39523E-17  2.04838E-18  3.32308E-19 -1.53389E-17 -3.10270E-17 -2.70369E-19 -2.76617E-22 -2.08301E-24  
 1.46261E+21  1.02159E+02  7.76032E-19  5.41198E-17  1.74504E-18  3.31617E-19 -1.53784E-17 -3.09966E-17 -2.70352E-19 -3.18539E-22 -2.37304E-24  
 1.49906E+21  1.01526E+02  9.79452E-19  5.35319E-17  1.66099E-18  3.34307E-19 -1.52959E-17 -3.08717E-17 -2.70312E-19 -3.67133E-22 -2.64756E-24  
 1.53551E+21  1.00900E+02  1.20764E-18  5.31180E-17  1.40303E-18  3.37009E-19 -1.52138E-17 -3.07480E-17 -2.70266E-19 -4.48085E-22 -3.13139E-24  
 1.60841E+21  9.96363E+01  1.52832E-18  5.17160E-17  1.17833E-18  3.40562E-19 -1.51335E-17 -3.05027E-17 -2.70179E-19 -5.91319E-22 -3.91686E-24  
 1.68131E+21  9.81676E+01  1.89417E-18  5.05255E-17  8.90714E-19  3.46409E-19 -1.49719E-17 -3.02606E-17 -2.70082E-19 -7.98040E-22 -5.03581E-24  
 1.75421E+21  9.67328E+01  2.22935E-18  4.92729E-17  7.00876E-19  3.52326E-19 -1.48122E-17 -3.00211E-17 -2.69981E-19 -1.04067E-21 -6.28907E-24  
 1.82711E+21  9.53296E+01  2.54485E-18  4.80228E-17  5.69979E-19  3.58315E-19 -1.46542E-17 -2.97841E-17 -2.69874E-19 -1.37363E-21 -7.73825E-24  
 1.97291E+21  9.26100E+01  3.18999E-18  4.57603E-17  4.64320E-19  3.72696E-19 -1.42635E-17 -2.93131E-17 -2.69641E-19 -2.28209E-21 -1.12770E-23  
 2.11871E+21  8.99959E+01  3.74441E-18  4.35380E-17  3.38380E-19  3.85300E-19 -1.39608E-17 -2.88542E-17 -2.69350E-19 -3.94960E-21 -1.67244E-23  
 2.26451E+21  8.74776E+01  4.32054E-18  4.16166E-17  2.60033E-19  4.00522E-19 -1.35900E-17 -2.84023E-17 -2.68976E-19 -6.83931E-21 -2.48618E-23  
 2.41031E+21  8.50479E+01  4.81324E-18  3.97181E-17  2.03734E-19  4.13835E-19 -1.33027E-17 -2.79588E-17 -2.68484E-19 -1.16750E-20 -3.68043E-23  
 2.55611E+21  8.27010E+01  5.37588E-18  3.81609E-17  1.63702E-19  4.32435E-19 -1.28801E-17 -2.75191E-17 -2.67782E-19 -2.03935E-20 -5.52524E-23  
 2.84770E+21  7.82376E+01  6.27646E-18  3.50331E-17  1.21051E-19  4.66619E-19 -1.22040E-17 -2.66499E-17 -2.65484E-19 -5.50910E-20 -1.20041E-22  
 2.92522E+21  7.70998E+01  6.48202E-18  3.42134E-17  8.96490E-20  4.76877E-19 -1.20112E-17 -2.64220E-17 -2.64373E-19 -8.96164E-20 -1.57147E-22  
 3.23531E+21  7.27405E+01  7.21767E-18  3.10895E-17  7.07012E-20  5.26626E-19 -1.11348E-17 -2.54784E-17 -2.57219E-19 -2.53836E-19 -3.53757E-22  
 3.39036E+21  7.06708E+01  7.57104E-18  2.95211E-17  5.34126E-20  5.75820E-19 -1.03240E-17 -2.48838E-17 -2.46007E-19 -6.89015E-19 -5.77517E-22  
 3.46788E+21  6.96623E+01  7.77574E-18  2.86659E-17  4.94005E-20  6.26593E-19 -9.57561E-18 -2.43998E-17 -2.32759E-19 -1.39432E-18 -7.41472E-22  
 3.54540E+21  6.86709E+01  8.01489E-18  2.76727E-17  5.24844E-20  7.23499E-19 -8.40330E-18 -2.36400E-17 -2.09599E-19 -2.82110E-18 -9.29601E-22  
 3.54570E+21  6.86671E+01  8.28617E-18  2.73077E-17  6.69377E-20  8.95097E-19 -6.89128E-18 -2.27380E-17 -1.78354E-19 -5.19808E-18 -9.72765E-22  
 3.55539E+21  6.85444E+01  8.33650E-18  2.71280E-17  7.05494E-20  9.36001E-19 -6.61394E-18 -2.25677E-17 -1.73033E-19 -5.57776E-18 -9.99536E-22  
 3.55570E+21  6.85405E+01  6.37878E-18  1.80784E-17  2.98456E-18  3.86318E-18 -8.40032E-19 -1.93867E-17 -6.67529E-20 -1.08059E-17 -2.87383E-21  
 3.55812E+21  6.85099E+01  6.36325E-18  1.80219E-17  2.96344E-18  3.83515E-18 -8.31585E-19 -1.93665E-17 -6.64572E-20 -1.07092E-17 -2.91818E-21  
 3.56296E+21  6.84487E+01  6.32190E-18  1.78525E-17  2.77887E-18  3.67853E-18 -7.89720E-19 -1.92758E-17 -6.53724E-20 -1.02233E-17 -3.12402E-21  
 3.56781E+21  6.83875E+01  6.24087E-18  1.76064E-17  2.41431E-18  3.44775E-18 -7.41789E-19 -1.90877E-17 -6.33716E-20 -9.75215E-18 -3.34186E-21  
 3.57265E+21  6.83264E+01  6.24316E-18  1.75154E-17  2.12226E-18  3.23758E-18 -7.04024E-19 -1.89094E-17 -6.23980E-20 -9.32261E-18 -3.50203E-21  
 3.58234E+21  6.82044E+01  6.20684E-18  1.73413E-17  1.86148E-18  3.04594E-18 -6.75272E-19 -1.85963E-17 -6.09791E-20 -9.04557E-18 -3.61183E-21  
 3.59203E+21  6.80827E+01  6.19033E-18  1.71846E-17  1.48859E-18  2.75870E-18 -6.37173E-19 -1.82440E-17 -5.93392E-20 -8.66780E-18 -3.73828E-21  
 3.60172E+21  6.79612E+01  6.15345E-18  1.70143E-17  1.21949E-18  2.53025E-18 -6.10880E-19 -1.79331E-17 -5.77563E-20 -8.44536E-18 -3.81177E-21  
 3.61141E+21  6.78400E+01  6.15905E-18  1.69210E-17  1.01617E-18  2.32810E-18 -5.88736E-19 -1.76468E-17 -5.68009E-20 -8.23403E-18 -3.85970E-21  
 3.63079E+21  6.75984E+01  6.19236E-18  1.68078E-17  8.38055E-19  2.10910E-18 -5.65927E-19 -1.72834E-17 -5.60411E-20 -8.00535E-18 -3.88780E-21  
 3.65017E+21  6.73578E+01  6.15888E-18  1.65813E-17  6.11643E-19  1.82811E-18 -5.39463E-19 -1.67026E-17 -5.42313E-20 -7.84014E-18 -3.89681E-21  
 3.72770E+21  6.64057E+01  6.11660E-18  1.59643E-17  3.88039E-19  1.42353E-18 -5.03653E-19 -1.56959E-17 -5.15933E-20 -7.66604E-18 -3.80658E-21  
 3.88274E+21  6.45501E+01  5.99976E-18  1.47733E-17  9.80119E-20  7.34429E-19 -4.39329E-19 -1.36461E-17 -4.65031E-20 -7.44476E-18 -3.40010E-21  
 4.03778E+21  6.27578E+01  5.70456E-18  1.34391E-17  1.30081E-20  3.14239E-19 -3.86037E-19 -1.17240E-17 -4.03710E-20 -7.27926E-18 -2.84094E-21  
 4.21281E+21  6.08081E+01  5.47312E-18  1.22421E-17  1.84636E-21  1.40919E-19 -3.48292E-19 -1.03245E-17 -3.63950E-20 -6.94373E-18 -2.34419E-21  
 4.38784E+21  5.89345E+01  5.16345E-18  1.10589E-17  2.64846E-22  6.54455E-20 -3.19190E-19 -9.24976E-18 -3.23898E-20 -6.54177E-18 -1.96646E-21  
 4.73789E+21  5.54068E+01  4.69136E-18  9.21472E-18  1.67267E-23  2.00972E-20 -2.80604E-19 -7.73961E-18 -2.81960E-20 -5.71661E-18 -1.45008E-21  
 4.91292E+21  5.37488E+01  4.30236E-18  8.19741E-18  1.35805E-24  8.76059E-21 -2.55582E-19 -6.97977E-18 -2.40079E-20 -5.08946E-18 -1.39998E-21  
 5.26297E+21  5.06357E+01  3.70985E-18  6.63455E-18  1.08764E-25  3.32545E-21 -2.23433E-19 -5.91627E-18 -1.93885E-20 -4.11121E-18 -1.31522E-21  
 5.40984E+21  4.94076E+01  3.36413E-18  5.91772E-18  1.39210E-26  1.99741E-21 -2.02249E-19 -5.43063E-18 -1.54459E-20 -3.54778E-18 -1.49351E-21  
 5.63015E+21  4.76492E+01  2.94105E-18  5.03736E-18  2.64185E-27  1.24468E-21 -1.78225E-19 -4.78267E-18 -1.12585E-20 -2.96088E-18 -1.50380E-21  
 5.85045E+21  4.59886E+01  2.55205E-18  4.26730E-18  4.16692E-28  8.01571E-22 -1.54728E-19 -4.19711E-18 -7.26634E-21 -2.40779E-18 -1.49571E-21  
 6.07075E+21  4.44230E+01  2.23839E-18  3.64988E-18  8.13417E-29  5.61171E-22 -1.37680E-19 -3.70774E-18 -4.65085E-21 -1.97692E-18 -1.50490E-21  
 6.29106E+21  4.29495E+01  1.98012E-18  3.14737E-18  1.98699E-29  4.27641E-22 -1.25634E-19 -3.33109E-18 -3.12259E-21 -1.64376E-18 -1.58865E-21  
 6.51136E+21  4.15653E+01  1.75566E-18  2.72543E-18  5.33772E-30  3.49503E-22 -1.14533E-19 -2.98484E-18 -2.20647E-21 -1.35832E-18 -1.74755E-21  
 6.71179E+21  4.03810E+01  1.57310E-18  2.38847E-18  1.63786E-30  3.03738E-22 -1.04913E-19 -2.69282E-18 -1.65842E-21 -1.12740E-18 -1.96834E-21  
 7.01242E+21  3.87336E+01  1.31810E-18  1.94675E-18  4.22252E-31  2.61541E-22 -9.19170E-20 -2.30476E-18 -1.14991E-21 -8.49959E-19 -2.25861E-21  
 7.31306E+21  3.72338E+01  1.08380E-18  1.56927E-18  8.78232E-32  2.33246E-22 -7.91986E-20 -1.92231E-18 -7.91716E-22 -6.15891E-19 -2.63581E-21  
 7.61370E+21  3.58730E+01  8.77936E-19  1.24928E-18  1.95720E-32  2.13952E-22 -6.80245E-20 -1.57197E-18 -5.43686E-22 -4.54263E-19 -2.89896E-21  
 7.90419E+21  3.46816E+01  7.03673E-19  9.90477E-19  4.58534E-33  2.00806E-22 -5.90707E-20 -1.27270E-18 -3.77860E-22 -3.48238E-19 -2.95515E-21  
 8.12206E+21  3.38624E+01  5.90716E-19  8.26690E-19  1.33337E-33  1.93376E-22 -5.28999E-20 -1.06286E-18 -2.87365E-22 -2.88211E-19 -2.85590E-21  
 8.44887E+21  3.27439E+01  4.48884E-19  6.24515E-19  3.59602E-34  1.85649E-22 -4.50312E-20 -7.85835E-19 -2.02224E-22 -2.24560E-19 -2.43756E-21  
 8.61227E+21  3.22308E+01  3.89510E-19  5.40809E-19  1.12778E-34  1.82568E-22 -4.15657E-20 -6.71767E-19 -1.68570E-22 -1.98476E-19 -2.20048E-21  
 8.77567E+21  3.17462E+01  3.37693E-19  4.67826E-19  4.99802E-35  1.80059E-22 -3.62695E-20 -5.89425E-19 -1.39041E-22 -1.65490E-19 -1.88667E-21  
 8.93908E+21  3.12884E+01  2.91876E-19  4.03748E-19  2.28396E-35  1.78056E-22 -3.25726E-20 -5.11324E-19 -1.16610E-22 -1.42780E-19 -1.59778E-21  
 9.10248E+21  3.08560E+01  2.51868E-19  3.47951E-19  1.03866E-35  1.76433E-22 -2.89389E-20 -4.36981E-19 -9.79003E-23 -1.21321E-19 -1.32485E-21  
 9.26588E+21  3.04472E+01  2.17019E-19  2.99479E-19  4.74756E-36  1.75161E-22 -2.56281E-20 -3.78949E-19 -8.24915E-23 -1.02733E-19 -1.07913E-21  
 9.42929E+21  3.00606E+01  1.86769E-19  2.57492E-19  2.18780E-36  1.74194E-22 -2.26144E-20 -3.29071E-19 -6.97319E-23 -8.64414E-20 -8.64865E-22  
 9.59269E+21  2.96947E+01  1.60588E-19  2.21216E-19  1.01209E-36  1.73480E-22 -1.98739E-20 -2.81878E-19 -5.91073E-23 -7.23425E-20 -6.83450E-22  
 9.75409E+21  2.93521E+01  1.38214E-19  1.90276E-19  4.75244E-37  1.72988E-22 -1.77131E-20 -2.43625E-19 -5.07005E-23 -6.14051E-20 -5.38016E-22  
 9.99619E+21  2.88706E+01  1.10270E-19  1.51697E-19  1.87864E-37  1.72502E-22 -1.50518E-20 -1.94602E-19 -4.07275E-23 -4.82740E-20 -3.71808E-22  
 1.02383E+22  2.84241E+01  8.79559E-20  1.20941E-19  6.28263E-38  1.72169E-22 -1.28838E-20 -1.53692E-19 -3.29767E-23 -3.80746E-20 -2.55067E-22  
 1.04804E+22  2.80090E+01  7.01651E-20  9.64624E-20  2.13531E-38  1.71942E-22 -1.13008E-20 -1.21342E-19 -2.70220E-23 -3.06990E-20 -1.75217E-22  
 1.09646E+22  2.72594E+01  4.47180E-20  6.15130E-20  4.38412E-39  1.71716E-22 -9.03234E-21 -7.40145E-20 -1.84140E-23 -2.08467E-20 -8.09171E-23  
 1.17009E+22  2.62825E+01  2.25616E-20  3.11385E-20  3.24735E-40  1.71927E-22 -7.16644E-21 -3.13593E-20 -9.97137E-24 -1.31536E-20 -2.52764E-23  
 1.24322E+22  2.54556E+01  1.13915E-20  1.58064E-20  1.45182E-41  1.72229E-22 -6.11156E-21 -1.06638E-20 -4.99358E-24 -9.14922E-21 -8.35390E-24  
 1.27979E+22  2.50827E+01  8.08371E-21  1.12487E-20  1.30396E-42  1.72444E-22 -4.40428E-21 -7.69132E-21 -3.04872E-24 -6.31271E-21 -4.45907E-24  
 1.31635E+22  2.47317E+01  5.72667E-21  7.99241E-21  2.67310E-43  1.72503E-22 -3.03070E-21 -5.81778E-21 -1.81778E-24 -4.36963E-21 -2.42586E-24  
 1.35292E+22  2.43998E+01  4.05070E-21  5.67001E-21  5.65104E-44  1.72298E-22 -2.05596E-21 -4.36773E-21 -1.09400E-24 -3.14426E-21 -1.36797E-24  
 1.40776E+22  2.39327E+01  2.41093E-21  3.37961E-21  7.91184E-45  1.71448E-22 -1.06940E-21 -2.81993E-21 -5.28816E-25 -2.11944E-21 -6.15712E-25  
 1.46261E+22  2.34972E+01  1.42848E-21  2.00939E-21  8.28521E-46  1.69899E-22 -4.60156E-22 -1.78713E-21 -2.71424E-25 -1.52137E-21 -2.99165E-25  
 1.57231E+22  2.27035E+01  4.99531E-22  7.06211E-22  1.78260E-47  1.64054E-22  1.54301E-23 -7.26277E-22 -9.60226E-26 -9.65359E-22 -9.97604E-26  
 1.75513E+22  2.15580E+01  8.62392E-23  1.22168E-22  1.95867E-49  1.50442E-22  1.58423E-23 -2.23768E-22 -4.34316E-26 -6.45874E-22 -5.28475E-26  
 2.04766E+22  2.00556E+01  5.17240E-24  7.24388E-24  1.03226E-51  1.45360E-22 -2.46221E-22 -9.02462E-23 -3.13326E-26 -4.39356E-22 -4.71522E-26  
 2.34018E+22  1.88398E+01  3.10087E-25  4.16831E-25  0.00000E+00  1.45144E-22 -4.50017E-22 -2.55222E-23 -2.43143E-26 -3.19854E-22 -4.48562E-26  
 2.63270E+22  1.78287E+01  1.85893E-26  2.18824E-26  0.00000E+00  1.45140E-22 -6.08465E-22 -4.96010E-24 -2.12533E-26 -2.50061E-22 -4.29755E-26  
 2.92522E+22  1.69702E+01  1.11440E-27  7.68820E-28  3.25518E-65  1.45148E-22 -7.05617E-22 -4.60349E-24 -2.01894E-26 -2.03028E-22 -4.10400E-26  
 3.21775E+22  1.62292E+01  6.68069E-29 -4.86715E-29  1.08579E-67  1.45159E-22 -7.74059E-22 -4.29334E-24 -1.91813E-26 -1.68223E-22 -3.92258E-26  
 3.51027E+22  1.55809E+01  4.00498E-30 -1.93920E-29  3.62492E-70  1.45176E-22 -8.21867E-22 -3.99785E-24 -1.82269E-26 -1.41401E-22 -3.75255E-26  
 3.80279E+22  1.50074E+01  2.40093E-31 -4.04432E-30  1.21383E-72  1.45194E-22 -8.72714E-22 -3.75906E-24 -1.74331E-26 -1.21499E-22 -3.61241E-26  
