     200   number of z grid-points
          13          12   important heating & cooling processes
      32   number of CO lines
        N<H>       Tdust        Tgas           H          H2          e-           O          C+           C          CO          CH         CH4          OH         H2O
 0.00000E+00 1.05673E+02 3.54090E+03 3.15950E+05 1.10067E+00 7.75758E+01 9.34623E+01 2.84365E+01 1.74382E-03 1.63188E-03 8.40871E-09 1.25746E-25 1.17390E+00 1.65953E-06
 1.70439E+17 1.05670E+02 3.53957E+03 3.15951E+05 1.10296E+00 7.75032E+01 9.34610E+01 2.84365E+01 1.74838E-03 1.64078E-03 8.46464E-09 1.27250E-25 1.17514E+00 1.66653E-06
 1.82692E+17 1.05667E+02 3.53913E+03 3.15951E+05 1.10307E+00 7.74968E+01 9.34610E+01 2.84365E+01 1.74867E-03 1.64107E-03 8.47503E-09 1.27426E-25 1.17518E+00 1.66722E-06
 1.95826E+17 1.05662E+02 3.53869E+03 3.15951E+05 1.10321E+00 7.74901E+01 9.34609E+01 2.84365E+01 1.74898E-03 1.64139E-03 8.48559E-09 1.27608E-25 1.17522E+00 1.66794E-06
 2.09904E+17 1.05658E+02 3.53824E+03 3.15951E+05 1.10335E+00 7.74831E+01 9.34609E+01 2.84365E+01 1.74931E-03 1.64173E-03 8.49632E-09 1.27798E-25 1.17527E+00 1.66870E-06
 2.24995E+17 1.05652E+02 3.53780E+03 3.15951E+05 1.10351E+00 7.74756E+01 9.34608E+01 2.84365E+01 1.74967E-03 1.64211E-03 8.50726E-09 1.27996E-25 1.17533E+00 1.66949E-06
 2.41170E+17 1.05646E+02 3.53736E+03 3.15951E+05 1.10368E+00 7.74677E+01 9.34608E+01 2.84365E+01 1.75006E-03 1.64251E-03 8.51839E-09 1.28202E-25 1.17540E+00 1.67033E-06
 2.58508E+17 1.05641E+02 3.53692E+03 3.15951E+05 1.10387E+00 7.74593E+01 9.34607E+01 2.84365E+01 1.75047E-03 1.64295E-03 8.52975E-09 1.28417E-25 1.17547E+00 1.67121E-06
 2.77092E+17 1.05650E+02 3.53736E+03 3.15951E+05 1.10419E+00 7.74534E+01 9.34605E+01 2.84365E+01 1.75099E-03 1.64362E-03 8.52484E-09 1.28466E-25 1.17570E+00 1.67165E-06
 2.97013E+17 1.05653E+02 3.53692E+03 3.15951E+05 1.10442E+00 7.74440E+01 9.34604E+01 2.84365E+01 1.75147E-03 1.64413E-03 8.53666E-09 1.28700E-25 1.17580E+00 1.67263E-06
 3.18365E+17 1.05648E+02 3.53647E+03 3.15951E+05 1.10467E+00 7.74340E+01 9.34603E+01 2.84365E+01 1.75199E-03 1.64468E-03 8.54875E-09 1.28945E-25 1.17591E+00 1.67366E-06
 3.41253E+17 1.05641E+02 3.53603E+03 3.15951E+05 1.10494E+00 7.74235E+01 9.34601E+01 2.84365E+01 1.75255E-03 1.64527E-03 8.56114E-09 1.29202E-25 1.17604E+00 1.67474E-06
 3.65786E+17 1.05636E+02 3.53559E+03 3.15951E+05 1.10523E+00 7.74122E+01 9.34600E+01 2.84365E+01 1.75315E-03 1.64591E-03 8.57384E-09 1.29472E-25 1.17618E+00 1.67589E-06
 3.92083E+17 1.05629E+02 3.53515E+03 3.15951E+05 1.10555E+00 7.74003E+01 9.34598E+01 2.84365E+01 1.75380E-03 1.64660E-03 8.58687E-09 1.29755E-25 1.17633E+00 1.67710E-06
 4.20271E+17 1.05621E+02 3.53382E+03 3.15951E+05 1.10579E+00 7.73848E+01 9.34598E+01 2.84365E+01 1.75442E-03 1.64715E-03 8.61690E-09 1.30231E-25 1.17636E+00 1.67887E-06
 4.50484E+17 1.05614E+02 3.53338E+03 3.15951E+05 1.10616E+00 7.73714E+01 9.34596E+01 2.84365E+01 1.75517E-03 1.64795E-03 8.63069E-09 1.30545E-25 1.17654E+00 1.68023E-06
 4.82870E+17 1.05622E+02 3.53382E+03 3.15951E+05 1.10668E+00 7.73600E+01 9.34593E+01 2.84365E+01 1.75604E-03 1.64901E-03 8.62819E-09 1.30697E-25 1.17689E+00 1.68119E-06
 5.17584E+17 1.05623E+02 3.53338E+03 3.15951E+05 1.10711E+00 7.73448E+01 9.34590E+01 2.84365E+01 1.75690E-03 1.64994E-03 8.64280E-09 1.31046E-25 1.17711E+00 1.68271E-06
 5.54794E+17 1.05615E+02 3.53294E+03 3.15951E+05 1.10759E+00 7.73286E+01 9.34588E+01 2.84365E+01 1.75783E-03 1.65094E-03 8.65788E-09 1.31414E-25 1.17736E+00 1.68434E-06
 5.94679E+17 1.05607E+02 3.53161E+03 3.15951E+05 1.10799E+00 7.73085E+01 9.34587E+01 2.84364E+01 1.75875E-03 1.65181E-03 8.69026E-09 1.31985E-25 1.17749E+00 1.68655E-06
 6.37431E+17 1.05597E+02 3.53117E+03 3.15951E+05 1.10854E+00 7.72901E+01 9.34584E+01 2.84364E+01 1.75982E-03 1.65297E-03 8.70643E-09 1.32398E-25 1.17778E+00 1.68838E-06
 6.83257E+17 1.05589E+02 3.52985E+03 3.15951E+05 1.10903E+00 7.72677E+01 9.34582E+01 2.84364E+01 1.76089E-03 1.65401E-03 8.74006E-09 1.33018E-25 1.17796E+00 1.69082E-06
 7.32377E+17 1.05579E+02 3.52941E+03 3.15951E+05 1.10967E+00 7.72469E+01 9.34578E+01 2.84364E+01 1.76213E-03 1.65534E-03 8.75746E-09 1.33482E-25 1.17830E+00 1.69289E-06
 7.85029E+17 1.05568E+02 3.52808E+03 3.15951E+05 1.11026E+00 7.72218E+01 9.34576E+01 2.84364E+01 1.76338E-03 1.65658E-03 8.79253E-09 1.34159E-25 1.17854E+00 1.69559E-06
 8.41466E+17 1.05573E+02 3.52764E+03 3.15951E+05 1.11101E+00 7.71982E+01 9.34572E+01 2.84364E+01 1.76479E-03 1.65811E-03 8.81134E-09 1.34683E-25 1.17895E+00 1.69793E-06
 9.01960E+17 1.05571E+02 3.52720E+03 3.15951E+05 1.11181E+00 7.71730E+01 9.34567E+01 2.84364E+01 1.76631E-03 1.65977E-03 8.83093E-09 1.35240E-25 1.17939E+00 1.70043E-06
 9.66803E+17 1.05560E+02 3.52588E+03 3.15951E+05 1.11257E+00 7.71432E+01 9.34564E+01 2.84364E+01 1.76788E-03 1.66134E-03 8.86849E-09 1.36021E-25 1.17973E+00 1.70360E-06
 1.03631E+18 1.05548E+02 3.52456E+03 3.15951E+05 1.11339E+00 7.71117E+01 9.34560E+01 2.84364E+01 1.76956E-03 1.66305E-03 8.90707E-09 1.36842E-25 1.18010E+00 1.70695E-06
 1.11081E+18 1.05534E+02 3.52324E+03 3.15951E+05 1.11429E+00 7.70783E+01 9.34556E+01 2.84364E+01 1.77137E-03 1.66489E-03 8.94673E-09 1.37707E-25 1.18052E+00 1.71049E-06
 1.19067E+18 1.05520E+02 3.52191E+03 3.15951E+05 1.11526E+00 7.70429E+01 9.34551E+01 2.84364E+01 1.77331E-03 1.66689E-03 8.98753E-09 1.38619E-25 1.18099E+00 1.71423E-06
 1.27627E+18 1.05507E+02 3.52059E+03 3.15951E+05 1.11632E+00 7.70052E+01 9.34546E+01 2.84364E+01 1.77540E-03 1.66905E-03 9.02958E-09 1.39583E-25 1.18150E+00 1.71820E-06
 1.36802E+18 1.05505E+02 3.52015E+03 3.15951E+05 1.11757E+00 7.69681E+01 9.34539E+01 2.84364E+01 1.77773E-03 1.67158E-03 9.05539E-09 1.40407E-25 1.18220E+00 1.72189E-06
 1.46637E+18 1.05498E+02 3.51883E+03 3.15951E+05 1.11881E+00 7.69257E+01 9.34532E+01 2.84364E+01 1.78015E-03 1.67409E-03 9.10009E-09 1.41485E-25 1.18282E+00 1.72635E-06
 1.57179E+18 1.05480E+02 3.51663E+03 3.15951E+05 1.12004E+00 7.68778E+01 9.34527E+01 2.84364E+01 1.78268E-03 1.67661E-03 9.16405E-09 1.42825E-25 1.18336E+00 1.73161E-06
 1.68478E+18 1.05464E+02 3.51531E+03 3.15951E+05 1.12148E+00 7.68300E+01 9.34519E+01 2.84364E+01 1.78547E-03 1.67953E-03 9.21200E-09 1.44040E-25 1.18410E+00 1.73664E-06
 1.80590E+18 1.05447E+02 3.51312E+03 3.15951E+05 1.12294E+00 7.67763E+01 9.34513E+01 2.84364E+01 1.78840E-03 1.68248E-03 9.27967E-09 1.45534E-25 1.18477E+00 1.74252E-06
 1.93573E+18 1.05424E+02 3.51092E+03 3.15951E+05 1.12451E+00 7.67194E+01 9.34505E+01 2.84364E+01 1.79156E-03 1.68568E-03 9.34948E-09 1.47115E-25 1.18550E+00 1.74874E-06
 2.07490E+18 1.05402E+02 3.50873E+03 3.15951E+05 1.12623E+00 7.66591E+01 9.34497E+01 2.84364E+01 1.79496E-03 1.68914E-03 9.42155E-09 1.48791E-25 1.18632E+00 1.75535E-06
 2.22406E+18 1.05380E+02 3.50653E+03 3.15951E+05 1.12808E+00 7.65952E+01 9.34488E+01 2.84364E+01 1.79861E-03 1.69288E-03 9.49608E-09 1.50570E-25 1.18722E+00 1.76235E-06
 2.38395E+18 1.05371E+02 3.50434E+03 3.15951E+05 1.13010E+00 7.65275E+01 9.34478E+01 2.84364E+01 1.80254E-03 1.69691E-03 9.57321E-09 1.52462E-25 1.18821E+00 1.76978E-06
 2.55534E+18 1.05356E+02 3.50303E+03 3.15951E+05 1.13239E+00 7.64584E+01 9.34465E+01 2.84363E+01 1.80684E-03 1.70148E-03 9.63446E-09 1.54259E-25 1.18943E+00 1.77713E-06
 2.73905E+18 1.05327E+02 3.49996E+03 3.15952E+05 1.13463E+00 7.63794E+01 9.34454E+01 2.84363E+01 1.81131E-03 1.70599E-03 9.73615E-09 1.56623E-25 1.19047E+00 1.78608E-06
 2.93596E+18 1.05299E+02 3.49690E+03 3.15952E+05 1.13707E+00 7.62958E+01 9.34443E+01 2.84363E+01 1.81612E-03 1.71086E-03 9.84145E-09 1.59140E-25 1.19162E+00 1.79557E-06
 3.14703E+18 1.05267E+02 3.49384E+03 3.15952E+05 1.13971E+00 7.62072E+01 9.34430E+01 2.84363E+01 1.82130E-03 1.71614E-03 9.95065E-09 1.61825E-25 1.19289E+00 1.80566E-06
 3.37327E+18 1.05236E+02 3.48991E+03 3.15952E+05 1.14246E+00 7.61107E+01 9.34417E+01 2.84363E+01 1.82680E-03 1.72163E-03 1.00836E-08 1.64927E-25 1.19414E+00 1.81696E-06
 3.61578E+18 1.05201E+02 3.48686E+03 3.15952E+05 1.14556E+00 7.60114E+01 9.34402E+01 2.84363E+01 1.83280E-03 1.72779E-03 1.02017E-08 1.68001E-25 1.19566E+00 1.82837E-06
 3.87573E+18 1.05165E+02 3.48293E+03 3.15952E+05 1.14881E+00 7.59035E+01 9.34386E+01 2.84363E+01 1.83917E-03 1.73424E-03 1.03447E-08 1.71539E-25 1.19718E+00 1.84112E-06
 4.15436E+18 1.05142E+02 3.47902E+03 3.15952E+05 1.15232E+00 7.57894E+01 9.34369E+01 2.84363E+01 1.84604E-03 1.74121E-03 1.04935E-08 1.75332E-25 1.19885E+00 1.85467E-06
 4.45302E+18 1.05109E+02 3.47597E+03 3.15952E+05 1.15625E+00 7.56714E+01 9.34349E+01 2.84363E+01 1.85349E-03 1.74896E-03 1.06278E-08 1.79147E-25 1.20083E+00 1.86849E-06
 4.77315E+18 1.05066E+02 3.47119E+03 3.15952E+05 1.16027E+00 7.55410E+01 9.34330E+01 2.84362E+01 1.86137E-03 1.75691E-03 1.08102E-08 1.83786E-25 1.20269E+00 1.88446E-06
 5.11630E+18 1.05020E+02 3.46642E+03 3.15952E+05 1.16463E+00 7.54033E+01 9.34309E+01 2.84362E+01 1.86985E-03 1.76550E-03 1.10004E-08 1.88781E-25 1.20474E+00 1.90148E-06
 5.48412E+18 1.04970E+02 3.46165E+03 3.15953E+05 1.16935E+00 7.52578E+01 9.34286E+01 2.84362E+01 1.87898E-03 1.77480E-03 1.11992E-08 1.94171E-25 1.20699E+00 1.91962E-06
 5.87838E+18 1.04916E+02 3.45603E+03 3.15953E+05 1.17436E+00 7.51015E+01 9.34263E+01 2.84362E+01 1.88873E-03 1.78464E-03 1.14294E-08 2.00291E-25 1.20930E+00 1.93963E-06
 6.30098E+18 1.04860E+02 3.45041E+03 3.15953E+05 1.17980E+00 7.49366E+01 9.34237E+01 2.84362E+01 1.89924E-03 1.79529E-03 1.16705E-08 2.06918E-25 1.21184E+00 1.96097E-06
 6.75397E+18 1.04816E+02 3.44481E+03 3.15953E+05 1.18569E+00 7.47626E+01 9.34208E+01 2.84361E+01 1.91055E-03 1.80681E-03 1.19232E-08 2.14113E-25 1.21461E+00 1.98375E-06
 7.23952E+18 1.04762E+02 3.43921E+03 3.15953E+05 1.19208E+00 7.45790E+01 9.34177E+01 2.84361E+01 1.92273E-03 1.81928E-03 1.21887E-08 2.21941E-25 1.21765E+00 2.00809E-06
 7.75998E+18 1.04697E+02 3.43276E+03 3.15953E+05 1.19889E+00 7.43829E+01 9.34145E+01 2.84361E+01 1.93578E-03 1.83254E-03 1.24923E-08 2.30822E-25 1.22081E+00 2.03485E-06
 8.31786E+18 1.04624E+02 3.42632E+03 3.15954E+05 1.20628E+00 7.41762E+01 9.34109E+01 2.84361E+01 1.94984E-03 1.84688E-03 1.28120E-08 2.40533E-25 1.22427E+00 2.06348E-06
 8.91584E+18 1.04548E+02 3.41894E+03 3.15954E+05 1.21416E+00 7.39556E+01 9.34072E+01 2.84360E+01 1.96490E-03 1.86215E-03 1.31781E-08 2.51601E-25 1.22787E+00 2.09500E-06
 9.55681E+18 1.04465E+02 3.41050E+03 3.15954E+05 1.22258E+00 7.37205E+01 9.34034E+01 2.84360E+01 1.98105E-03 1.87840E-03 1.35980E-08 2.64267E-25 1.23162E+00 2.12975E-06
 1.02439E+19 1.04380E+02 3.40315E+03 3.15954E+05 1.23186E+00 7.34764E+01 9.33990E+01 2.84359E+01 1.99855E-03 1.89629E-03 1.40084E-08 2.77716E-25 1.23591E+00 2.16601E-06
 1.09803E+19 1.04289E+02 3.39369E+03 3.15954E+05 1.24165E+00 7.32137E+01 9.33946E+01 2.84359E+01 2.01725E-03 1.91508E-03 1.45140E-08 2.93706E-25 1.24021E+00 2.20702E-06
 1.17697E+19 1.04194E+02 3.38531E+03 3.15955E+05 1.25244E+00 7.29410E+01 9.33896E+01 2.84359E+01 2.03751E-03 1.93574E-03 1.50149E-08 3.10878E-25 1.24510E+00 2.25001E-06
 1.26158E+19 1.04114E+02 3.37696E+03 3.15955E+05 1.26416E+00 7.26547E+01 9.33841E+01 2.84358E+01 2.05935E-03 1.95812E-03 1.55478E-08 3.30007E-25 1.25043E+00 2.29626E-06
 1.35228E+19 1.04006E+02 3.36757E+03 3.15955E+05 1.27674E+00 7.23513E+01 9.33783E+01 2.84358E+01 2.08284E-03 1.98206E-03 1.61554E-08 3.52075E-25 1.25602E+00 2.34723E-06
 1.44950E+19 1.03892E+02 3.35716E+03 3.15955E+05 1.29029E+00 7.20305E+01 9.33722E+01 2.84357E+01 2.10812E-03 2.00771E-03 1.68460E-08 3.77593E-25 1.26193E+00 2.40340E-06
 1.55370E+19 1.03767E+02 3.34573E+03 3.15956E+05 1.30489E+00 7.16918E+01 9.33658E+01 2.84357E+01 2.13535E-03 2.03522E-03 1.76291E-08 4.07191E-25 1.26817E+00 2.46531E-06
 1.66540E+19 1.03636E+02 3.33435E+03 3.15956E+05 1.32080E+00 7.13376E+01 9.33588E+01 2.84356E+01 2.16477E-03 2.06508E-03 1.84710E-08 4.40768E-25 1.27496E+00 2.53226E-06
 1.78513E+19 1.03496E+02 3.32300E+03 3.15956E+05 1.33813E+00 7.09675E+01 9.33512E+01 2.84355E+01 2.19659E-03 2.09749E-03 1.93776E-08 4.79033E-25 1.28236E+00 2.60475E-06
 1.91346E+19 1.03352E+02 3.31065E+03 3.15957E+05 1.35690E+00 7.05784E+01 9.33431E+01 2.84355E+01 2.23092E-03 2.13236E-03 2.04061E-08 5.23890E-25 1.29021E+00 2.68480E-06
 2.05103E+19 1.03214E+02 3.29835E+03 3.15957E+05 1.37738E+00 7.01725E+01 9.33343E+01 2.84354E+01 2.26807E-03 2.17024E-03 2.15196E-08 5.75559E-25 1.29873E+00 2.77175E-06
 2.19848E+19 1.03058E+02 3.28507E+03 3.15957E+05 1.39961E+00 6.97470E+01 9.33250E+01 2.84353E+01 2.30823E-03 2.21108E-03 2.27839E-08 6.36690E-25 1.30779E+00 2.86796E-06
 2.35653E+19 1.02885E+02 3.27184E+03 3.15958E+05 1.42393E+00 6.93040E+01 9.33148E+01 2.84352E+01 2.35175E-03 2.25550E-03 2.41607E-08 7.07971E-25 1.31763E+00 2.97286E-06
 2.52594E+19 1.02701E+02 3.25764E+03 3.15958E+05 1.45042E+00 6.88411E+01 9.33040E+01 2.84351E+01 2.39887E-03 2.30350E-03 2.57266E-08 7.93217E-25 1.32810E+00 3.08921E-06
 2.70754E+19 1.02506E+02 3.24249E+03 3.15958E+05 1.47932E+00 6.83580E+01 9.32925E+01 2.84350E+01 2.44994E-03 2.35541E-03 2.75099E-08 8.95845E-25 1.33927E+00 3.21847E-06
 2.90218E+19 1.02300E+02 3.22741E+03 3.15959E+05 1.51106E+00 6.78571E+01 9.32800E+01 2.84349E+01 2.50542E-03 2.41200E-03 2.94713E-08 1.01814E-24 1.35138E+00 3.36029E-06
 3.11083E+19 1.02082E+02 3.21139E+03 3.15959E+05 1.54583E+00 6.73361E+01 9.32666E+01 2.84348E+01 2.56567E-03 2.47336E-03 3.17123E-08 1.16740E-24 1.36430E+00 3.51839E-06
 3.33447E+19 1.01870E+02 3.19646E+03 3.15960E+05 1.58427E+00 6.67995E+01 9.32519E+01 2.84346E+01 2.63129E-03 2.54074E-03 3.41093E-08 1.34526E-24 1.37853E+00 3.69038E-06
 3.57419E+19 1.01638E+02 3.18059E+03 3.15960E+05 1.62656E+00 6.62429E+01 9.32361E+01 2.84345E+01 2.70270E-03 2.61397E-03 3.68574E-08 1.56546E-24 1.39372E+00 3.88284E-06
 3.83114E+19 1.01383E+02 3.16382E+03 3.15961E+05 1.67320E+00 6.56668E+01 9.32193E+01 2.84343E+01 2.78052E-03 2.69367E-03 4.00159E-08 1.84068E-24 1.40995E+00 4.09873E-06
 4.10657E+19 1.01116E+02 3.14614E+03 3.15961E+05 1.72479E+00 6.50717E+01 9.32013E+01 2.84341E+01 2.86542E-03 2.78052E-03 4.36563E-08 2.18815E-24 1.42730E+00 4.34156E-06
 4.40179E+19 1.00830E+02 3.12857E+03 3.15961E+05 1.78216E+00 6.44600E+01 9.31818E+01 2.84339E+01 2.95823E-03 2.87576E-03 4.77468E-08 2.62584E-24 1.44610E+00 4.61239E-06
 4.71824E+19 1.00533E+02 3.11109E+03 3.15962E+05 1.84612E+00 6.38322E+01 9.31607E+01 2.84337E+01 3.05983E-03 2.98034E-03 5.23571E-08 3.18299E-24 1.46645E+00 4.91536E-06
 5.05744E+19 1.00215E+02 3.09274E+03 3.15962E+05 1.91756E+00 6.31873E+01 9.31381E+01 2.84335E+01 3.17117E-03 3.09483E-03 5.77132E-08 3.90932E-24 1.48825E+00 5.25911E-06
 5.42103E+19 9.98839E+01 3.07450E+03 3.15963E+05 1.99778E+00 6.25278E+01 9.31136E+01 2.84332E+01 3.29340E-03 3.22092E-03 6.38001E-08 4.85787E-24 1.51184E+00 5.64657E-06
 5.81075E+19 9.95559E+01 3.05732E+03 3.15963E+05 2.08831E+00 6.18559E+01 9.30868E+01 2.84330E+01 3.42788E-03 3.36050E-03 7.05658E-08 6.09889E-24 1.53760E+00 6.08068E-06
 6.22850E+19 9.92019E+01 3.03929E+03 3.15963E+05 2.19071E+00 6.11697E+01 9.30581E+01 2.84327E+01 3.57599E-03 3.51417E-03 7.84901E-08 7.78022E-24 1.56523E+00 6.57856E-06
 6.67627E+19 9.88190E+01 3.02136E+03 3.15964E+05 2.30723E+00 6.04718E+01 9.30270E+01 2.84323E+01 3.73949E-03 3.68429E-03 8.75934E-08 1.00733E-23 1.59513E+00 7.14712E-06
 7.15624E+19 9.84171E+01 3.00260E+03 3.15964E+05 2.44049E+00 5.97623E+01 9.29936E+01 2.84319E+01 3.92032E-03 3.87240E-03 9.83357E-08 1.32867E-23 1.62725E+00 7.80541E-06
 7.67071E+19 9.79947E+01 2.98395E+03 3.15964E+05 2.59399E+00 5.90436E+01 9.29574E+01 2.84315E+01 4.12073E-03 4.08152E-03 1.10795E-07 1.78318E-23 1.66203E+00 8.58498E-06
 8.22217E+19 9.75517E+01 2.96542E+03 3.15965E+05 2.77207E+00 5.83173E+01 9.29182E+01 2.84310E+01 4.34347E-03 4.31458E-03 1.25309E-07 2.44015E-23 1.69971E+00 9.49608E-06
 8.81327E+19 9.70875E+01 2.94793E+03 3.15965E+05 2.98036E+00 5.75860E+01 9.28754E+01 2.84305E+01 4.59170E-03 4.57571E-03 1.41941E-07 3.40348E-23 1.74083E+00 1.05558E-05
 9.44687E+19 9.66149E+01 2.92962E+03 3.15965E+05 3.22611E+00 5.68493E+01 9.28293E+01 2.84299E+01 4.86903E-03 4.86752E-03 1.61860E-07 4.87427E-23 1.78513E+00 1.18190E-05
 1.01260E+20 9.61251E+01 2.91234E+03 3.15965E+05 3.51915E+00 5.61107E+01 9.27790E+01 2.84293E+01 5.17994E-03 5.19630E-03 1.84938E-07 7.15261E-23 1.83351E+00 1.33160E-05
 1.08540E+20 9.56004E+01 2.89516E+03 3.15965E+05 3.87271E+00 5.53713E+01 9.27243E+01 2.84286E+01 5.52957E-03 5.56701E-03 2.12301E-07 1.08188E-22 1.88607E+00 1.51228E-05
 1.16343E+20 9.50467E+01 2.87808E+03 3.15965E+05 4.30519E+00 5.46327E+01 9.26648E+01 2.84277E+01 5.92414E-03 5.98647E-03 2.44929E-07 1.69390E-22 1.94322E+00 1.73313E-05
 1.24707E+20 9.44676E+01 2.86111E+03 3.15964E+05 4.84265E+00 5.38971E+01 9.26001E+01 2.84268E+01 6.37116E-03 6.46287E-03 2.84070E-07 2.75969E-22 2.00543E+00 2.00716E-05
 1.33672E+20 9.38618E+01 2.84423E+03 3.15963E+05 5.52311E+00 5.31662E+01 9.25296E+01 2.84257E+01 6.87967E-03 7.00613E-03 3.31334E-07 4.70913E-22 2.07325E+00 2.35330E-05
 1.43282E+20 9.32286E+01 2.82657E+03 3.15962E+05 6.40406E+00 5.24416E+01 9.24531E+01 2.84245E+01 7.46060E-03 7.62706E-03 3.89773E-07 8.50970E-22 2.14694E+00 2.80219E-05
 1.53583E+20 9.25680E+01 2.80990E+03 3.15960E+05 7.57379E+00 5.17258E+01 9.23691E+01 2.84231E+01 8.12779E-03 8.34285E-03 4.60418E-07 1.63737E-21 2.22787E+00 3.39456E-05
 1.64624E+20 9.19216E+01 2.79420E+03 3.15957E+05 9.17588E+00 5.10201E+01 9.22767E+01 2.84214E+01 8.89794E-03 9.17181E-03 5.46469E-07 3.40213E-21 2.31687E+00 4.20247E-05
 1.76459E+20 9.12065E+01 2.77772E+03 3.15953E+05 1.14586E+01 5.03242E+01 9.21759E+01 2.84196E+01 9.79260E-03 1.01346E-02 6.55570E-07 7.82740E-21 2.41418E+00 5.35876E-05
 1.89145E+20 9.04591E+01 2.75960E+03 3.15947E+05 1.48714E+01 4.96385E+01 9.20663E+01 2.84174E+01 1.08374E-02 1.12563E-02 7.97784E-07 2.05381E-20 2.52030E+00 7.10434E-05
 2.02743E+20 8.96801E+01 2.74074E+03 3.15936E+05 2.02907E+01 4.89603E+01 9.19464E+01 2.84148E+01 1.20676E-02 1.25736E-02 9.84620E-07 6.37155E-20 2.63675E+00 9.91391E-05
 2.17319E+20 8.88668E+01 2.71859E+03 3.15918E+05 2.96078E+01 4.82818E+01 9.18170E+01 2.84117E+01 1.35285E-02 1.41238E-02 1.24646E-06 2.49549E-19 2.76337E+00 1.48665E-04
 2.32942E+20 8.80180E+01 2.69051E+03 3.15883E+05 4.73895E+01 4.75835E+01 9.16797E+01 2.84080E+01 1.52848E-02 1.59517E-02 1.64542E-06 1.35855E-18 2.89960E+00 2.46750E-04
 2.49688E+20 8.71336E+01 2.64869E+03 3.15805E+05 8.64551E+01 4.68179E+01 9.15421E+01 2.84036E+01 1.74392E-02 1.80912E-02 2.36829E-06 1.20522E-17 3.04084E+00 4.73863E-04
 2.67639E+20 8.62127E+01 2.57547E+03 3.15598E+05 1.89727E+02 4.58810E+01 9.14270E+01 2.83980E+01 2.02088E-02 2.05207E-02 4.15903E-06 2.21694E-16 3.17177E+00 1.11250E-03
 2.86880E+20 8.52948E+01 2.43696E+03 3.14955E+05 5.09867E+02 4.46991E+01 9.13692E+01 2.83903E+01 2.43177E-02 2.31465E-02 1.08028E-05 9.10900E-15 3.26671E+00 2.92601E-03
 3.07504E+20 8.43209E+01 2.23282E+03 3.13053E+05 1.45813E+03 4.36517E+01 9.13857E+01 2.83774E+01 3.19226E-02 2.58071E-02 4.16540E-05 4.40945E-13 3.29272E+00 7.64513E-03
 3.29611E+20 8.32901E+01 2.03720E+03 3.08872E+05 3.54342E+03 4.29414E+01 9.14816E+01 2.83542E+01 4.71081E-02 2.82906E-02 1.63499E-04 1.08367E-11 3.21612E+00 1.62059E-02
 3.53307E+20 8.22161E+01 1.86365E+03 3.01705E+05 7.12054E+03 4.20281E+01 9.16747E+01 2.83137E+01 7.58872E-02 3.03188E-02 5.25285E-04 1.18970E-10 3.02452E+00 2.72258E-02
 3.78707E+20 8.10978E+01 1.69938E+03 2.90603E+05 1.26645E+04 4.05573E+01 9.19980E+01 2.82470E+01 1.26594E-01 3.13134E-02 1.40334E-03 7.25565E-10 2.69755E+00 3.77905E-02
 4.05932E+20 7.99364E+01 1.54494E+03 2.75811E+05 2.00559E+04 3.86577E+01 9.24040E+01 2.81519E+01 2.02633E-01 3.13073E-02 3.01487E-03 2.52784E-09 2.29090E+00 4.38126E-02
 4.35115E+20 7.87319E+01 1.41014E+03 2.59424E+05 2.82483E+04 3.67988E+01 9.27783E+01 2.80390E+01 2.96996E-01 3.12914E-02 5.15765E-03 5.44914E-09 1.92000E+00 4.47032E-02
 4.66396E+20 7.75476E+01 1.29788E+03 2.43196E+05 3.63642E+04 3.52689E+01 9.30703E+01 2.79167E+01 4.03645E-01 3.19922E-02 7.46627E-03 8.80908E-09 1.63282E+00 4.29771E-02
 4.99926E+20 7.62990E+01 1.20484E+03 2.27660E+05 4.41355E+04 3.40823E+01 9.32891E+01 2.77839E+01 5.23732E-01 3.35930E-02 9.76089E-03 1.25745E-08 1.41806E+00 4.05728E-02
 5.35866E+20 7.49761E+01 1.12550E+03 2.12589E+05 5.16747E+04 3.31516E+01 9.34636E+01 2.76352E+01 6.62129E-01 3.59230E-02 1.20215E-02 1.72843E-08 1.24658E+00 3.79474E-02
 5.74391E+20 7.36120E+01 1.05391E+03 1.97541E+05 5.92024E+04 3.23931E+01 9.36180E+01 2.74654E+01 8.23650E-01 3.87401E-02 1.42618E-02 2.37775E-08 1.09485E+00 3.49257E-02
 6.15684E+20 7.22056E+01 9.81313E+02 1.81380E+05 6.72863E+04 3.17358E+01 9.37934E+01 2.72759E+01 1.00829E+00 4.07134E-02 1.65271E-02 3.33535E-08 9.24571E-01 3.01368E-02
 6.59947E+20 7.07584E+01 8.85188E+02 1.60759E+05 7.75990E+04 3.11391E+01 9.40841E+01 2.71014E+01 1.18802E+00 3.70360E-02 1.88708E-02 4.95891E-08 6.50624E-01 1.99187E-02
 7.07391E+20 6.92735E+01 7.80525E+02 1.37722E+05 8.91192E+04 3.06917E+01 9.43726E+01 2.69639E+01 1.33933E+00 2.97781E-02 2.08157E-02 7.79373E-08 3.81724E-01 1.01499E-02
 7.58246E+20 6.77704E+01 6.76468E+02 1.14620E+05 1.00673E+05 3.03907E+01 9.45852E+01 2.68586E+01 1.46178E+00 2.19162E-02 2.22097E-02 1.22606E-07 1.84806E-01 4.07009E-03
 8.12758E+20 6.63372E+01 5.84702E+02 9.38071E+04 1.11082E+05 3.01636E+01 9.46993E+01 2.67444E+01 1.59000E+00 1.65744E-02 2.32848E-02 1.85729E-07 7.95982E-02 1.57299E-03
 8.71188E+20 6.48423E+01 5.07266E+02 7.54641E+04 1.20257E+05 2.99564E+01 9.47505E+01 2.66060E+01 1.73804E+00 1.38657E-02 2.42355E-02 2.69969E-07 3.24953E-02 7.28212E-04
 9.33819E+20 6.32822E+01 4.41954E+02 5.91678E+04 1.28407E+05 2.97599E+01 9.47713E+01 2.64567E+01 1.89410E+00 1.28963E-02 2.50025E-02 3.75882E-07 1.32477E-02 4.34030E-04
 1.00095E+21 6.17055E+01 3.83988E+02 4.47756E+04 1.35606E+05 2.95846E+01 9.47793E+01 2.63162E+01 2.03949E+00 1.28465E-02 2.54590E-02 4.99687E-07 5.60071E-03 2.98115E-04
 1.07291E+21 6.01169E+01 3.31373E+02 3.25292E+04 1.41731E+05 2.94356E+01 9.47818E+01 2.61936E+01 2.16577E+00 1.33318E-02 2.54410E-02 6.29244E-07 2.74726E-03 2.10810E-04
 1.15005E+21 5.85319E+01 2.84034E+02 2.27035E+04 1.46645E+05 2.92995E+01 9.47822E+01 2.60774E+01 2.28449E+00 1.42021E-02 2.47766E-02 7.46307E-07 1.66321E-03 1.44618E-04
 1.23272E+21 5.69584E+01 2.43569E+02 1.53188E+04 1.50339E+05 2.91328E+01 9.47815E+01 2.59253E+01 2.43800E+00 1.54958E-02 2.33742E-02 8.36697E-07 1.15021E-03 9.48934E-05
 1.32135E+21 5.54198E+01 2.11335E+02 1.00581E+04 1.52970E+05 2.88585E+01 9.47800E+01 2.56617E+01 2.70174E+00 1.73308E-02 2.13183E-02 8.79833E-07 8.41717E-04 5.99666E-05
 1.41634E+21 5.42801E+01 1.84089E+02 6.45011E+03 1.54774E+05 2.83667E+01 9.47777E+01 2.51779E+01 3.18472E+00 1.98471E-02 1.88542E-02 8.89283E-07 6.41026E-04 3.66298E-05
 1.51816E+21 5.30341E+01 1.61169E+02 4.03541E+03 1.55982E+05 2.74969E+01 9.47744E+01 2.43144E+01 4.04631E+00 2.33198E-02 1.62411E-02 8.81115E-07 5.13399E-04 2.18631E-05
 1.62730E+21 5.17365E+01 1.42516E+02 2.46021E+03 1.56770E+05 2.60428E+01 9.47696E+01 2.28655E+01 5.49231E+00 2.82501E-02 1.36836E-02 8.71117E-07 4.36085E-04 1.31451E-05
 1.74429E+21 5.05367E+01 1.27105E+02 1.45904E+03 1.57270E+05 2.37937E+01 9.47625E+01 2.06212E+01 7.73288E+00 3.54066E-02 1.13275E-02 8.78928E-07 3.91662E-04 8.44680E-06
 1.86969E+21 4.94574E+01 1.13578E+02 8.40590E+02 1.57580E+05 2.06476E+01 9.47521E+01 1.74797E+01 1.08695E+01 4.58171E-02 9.23576E-03 9.29288E-07 3.68226E-04 6.34816E-06
 2.00411E+21 4.84675E+01 1.01560E+02 4.70037E+02 1.57765E+05 1.67804E+01 9.47366E+01 1.36174E+01 1.47240E+01 6.13484E-02 7.39935E-03 1.05110E-06 3.58610E-04 6.05932E-06
 2.14818E+21 4.76268E+01 9.09063E+01 2.55237E+02 1.57872E+05 1.27018E+01 9.47127E+01 9.54503E+00 1.87817E+01 8.52561E-02 5.77881E-03 1.28086E-06 3.57986E-04 7.36756E-06
 2.30262E+21 4.74648E+01 8.17886E+01 1.34988E+02 1.57932E+05 9.06139E+00 9.46755E+01 5.91434E+00 2.23837E+01 1.22582E-01 4.34868E-03 1.64664E-06 3.63427E-04 1.07718E-05
 2.46816E+21 4.68840E+01 7.38737E+01 6.92235E+01 1.57965E+05 6.30811E+00 9.46157E+01 3.18030E+00 2.50648E+01 1.82493E-01 3.11837E-03 2.11356E-06 3.74213E-04 1.75763E-05
 2.64560E+21 4.64159E+01 6.74253E+01 3.48943E+01 1.57983E+05 4.53118E+00 9.45048E+01 1.44816E+00 2.66906E+01 2.93486E-01 2.13114E-03 2.46609E-06 3.93123E-04 2.99086E-05
 2.83579E+21 4.60893E+01 6.23092E+01 1.81903E+01 1.57991E+05 3.51363E+00 9.42583E+01 5.44670E-01 2.73503E+01 5.40057E-01 1.44472E-03 2.45680E-06 4.24325E-04 5.03202E-05
 3.03966E+21 4.58423E+01 5.78072E+01 1.08303E+01 1.57995E+05 2.86979E+00 9.35995E+01 1.70360E-01 2.70672E+01 1.19872E+00 1.06588E-03 2.34055E-06 4.77881E-04 8.38164E-05
 3.25819E+21 4.56127E+01 5.26936E+01 7.73303E+00 1.57996E+05 2.26584E+00 9.13130E+01 4.56976E-02 2.49063E+01 3.48451E+00 8.79533E-04 2.78457E-06 5.80556E-04 1.43727E-04
 3.49242E+21 4.54495E+01 4.54094E+01 6.05657E+00 1.57997E+05 1.65664E+00 8.38300E+01 9.70163E-03 1.74610E+01 1.09658E+01 6.50519E-04 4.10430E-06 7.67827E-04 2.50275E-04
 3.74350E+21 4.53240E+01 3.91777E+01 4.73093E+00 1.57998E+05 1.21436E+00 7.28189E+01 1.49974E-03 6.46078E+00 2.19752E+01 2.77428E-04 4.29122E-06 1.06366E-03 4.30344E-04
 4.01262E+21 4.52077E+01 3.74105E+01 4.30739E+00 1.57998E+05 9.76184E-01 6.91962E+01 5.35494E-04 2.84286E+00 2.55941E+01 1.30310E-04 5.27040E-06 1.37036E-03 7.85094E-04
 4.30110E+21 4.51112E+01 3.66554E+01 4.23561E+00 1.57998E+05 8.21016E-01 6.82536E+01 3.69030E-04 1.90771E+00 2.65276E+01 8.66666E-05 1.00306E-05 1.67690E-03 1.46948E-03
 4.61031E+21 4.50378E+01 3.60270E+01 4.27438E+00 1.57998E+05 6.66827E-01 6.76963E+01 3.01907E-04 1.36738E+00 2.70644E+01 6.11004E-05 2.35623E-05 2.14535E-03 2.87870E-03
 4.94175E+21 4.50070E+01 3.54478E+01 4.44223E+00 1.57998E+05 4.93570E-01 6.71938E+01 2.61256E-04 9.11274E-01 2.75152E+01 4.22562E-05 6.49008E-05 3.04750E-03 6.13408E-03
 5.29702E+21 4.49273E+01 3.47246E+01 4.79867E+00 1.57998E+05 3.27478E-01 6.66948E+01 2.37001E-04 5.53614E-01 2.78665E+01 2.82771E-05 2.00558E-04 4.55768E-03 1.44525E-02
 5.67783E+21 4.48126E+01 3.38956E+01 5.15799E+00 1.57997E+05 1.96700E-01 6.60067E+01 2.25316E-04 2.65509E-01 2.81503E+01 1.61147E-05 5.44076E-04 6.29863E-03 3.66544E-02
 6.08601E+21 4.47745E+01 3.36429E+01 4.95625E+00 1.57997E+05 1.18153E-01 6.49850E+01 2.12985E-04 8.12753E-02 2.83322E+01 6.91779E-06 8.68754E-04 6.71316E-03 9.06596E-02
 6.52355E+21 4.46668E+01 3.36050E+01 4.62599E+00 1.57997E+05 9.00009E-02 6.30861E+01 1.85528E-04 2.51128E-02 2.83796E+01 3.58435E-06 8.87382E-04 6.40542E-03 2.08675E-01
 6.99253E+21 4.45654E+01 3.33125E+01 4.45087E+00 1.57997E+05 7.87951E-02 5.85806E+01 1.45276E-04 8.19633E-03 2.83847E+01 2.29381E-06 7.51347E-04 6.47173E-03 4.53160E-01
 7.49523E+21 4.45246E+01 3.28980E+01 4.29835E+00 1.57997E+05 7.19720E-02 4.91082E+01 9.95367E-05 2.87038E-03 2.83747E+01 1.64867E-06 5.88695E-04 7.06700E-03 8.49870E-01
 8.03408E+21 4.45286E+01 3.27347E+01 4.06314E+00 1.57997E+05 6.84183E-02 3.61800E+01 6.73428E-05 1.34249E-03 2.83608E+01 1.39935E-06 4.53860E-04 8.20298E-03 1.18435E+00
 8.61166E+21 4.44342E+01 3.28770E+01 3.84412E+00 1.57997E+05 6.71423E-02 2.68936E+01 5.35188E-05 9.30382E-04 2.83516E+01 1.38423E-06 3.83665E-04 9.40985E-03 1.26662E+00
 9.23076E+21 4.44146E+01 3.31950E+01 3.72912E+00 1.57997E+05 6.68829E-02 2.29546E+01 4.90150E-05 8.18248E-04 2.83478E+01 1.40868E-06 3.56330E-04 1.01245E-02 1.25727E+00
 9.89437E+21 4.43202E+01 3.35161E+01 3.67890E+00 1.57997E+05 6.69492E-02 2.16783E+01 4.77081E-05 7.88124E-04 2.83464E+01 1.42006E-06 3.46379E-04 1.04035E-02 1.24951E+00
 1.06057E+22 4.41919E+01 3.38192E+01 3.65343E+00 1.57997E+05 6.71199E-02 2.13172E+01 4.73737E-05 7.81244E-04 2.83458E+01 1.42386E-06 3.42036E-04 1.04913E-02 1.24708E+00
 1.13681E+22 4.40705E+01 3.41039E+01 3.63638E+00 1.57997E+05 6.73149E-02 2.12211E+01 4.73103E-05 7.80668E-04 2.83454E+01 1.42533E-06 3.39355E-04 1.05185E-02 1.24601E+00
 1.21854E+22 4.40578E+01 3.44231E+01 3.62250E+00 1.57997E+05 6.75440E-02 2.11922E+01 4.73201E-05 7.81905E-04 2.83451E+01 1.42633E-06 3.36816E-04 1.05301E-02 1.24494E+00
 1.30614E+22 4.40760E+01 3.47237E+01 3.61071E+00 1.57997E+05 6.77615E-02 2.11801E+01 4.73444E-05 7.83421E-04 2.83448E+01 1.42714E-06 3.34535E-04 1.05374E-02 1.24392E+00
 1.40005E+22 4.41498E+01 3.50487E+01 3.59950E+00 1.57997E+05 6.79963E-02 2.11710E+01 4.73744E-05 7.85144E-04 2.83445E+01 1.42796E-06 3.32123E-04 1.05441E-02 1.24281E+00
 1.50070E+22 4.41763E+01 3.53328E+01 3.58900E+00 1.57997E+05 6.82005E-02 2.11637E+01 4.74008E-05 7.86653E-04 2.83442E+01 1.42864E-06 3.30047E-04 1.05498E-02 1.24184E+00
 1.60858E+22 4.40836E+01 3.55528E+01 3.57843E+00 1.57997E+05 6.83578E-02 2.11581E+01 4.74211E-05 7.87818E-04 2.83440E+01 1.42916E-06 3.28459E-04 1.05541E-02 1.24109E+00
 1.72423E+22 4.40601E+01 3.57964E+01 3.56861E+00 1.57997E+05 6.85312E-02 2.11520E+01 4.74434E-05 7.89103E-04 2.83437E+01 1.42971E-06 3.26721E-04 1.05589E-02 1.24027E+00
 1.84818E+22 4.37792E+01 3.59297E+01 3.55732E+00 1.57997E+05 6.86255E-02 2.11486E+01 4.74553E-05 7.89800E-04 2.83435E+01 1.43001E-06 3.25780E-04 1.05615E-02 1.23982E+00
 1.98105E+22 4.37280E+01 3.61422E+01 3.54823E+00 1.57997E+05 6.87755E-02 2.11434E+01 4.74744E-05 7.90913E-04 2.83433E+01 1.43047E-06 3.24290E-04 1.05657E-02 1.23911E+00
 2.12347E+22 4.38873E+01 3.64465E+01 3.54050E+00 1.57997E+05 6.89892E-02 2.11360E+01 4.75016E-05 7.92501E-04 2.83430E+01 1.43110E-06 3.22181E-04 1.05714E-02 1.23810E+00
 2.27613E+22 4.42149E+01 3.68418E+01 3.53333E+00 1.57997E+05 6.92648E-02 2.11266E+01 4.75365E-05 7.94553E-04 2.83427E+01 1.43188E-06 3.19487E-04 1.05788E-02 1.23681E+00
 2.43977E+22 4.41936E+01 3.70596E+01 3.52501E+00 1.57997E+05 6.94156E-02 2.11214E+01 4.75554E-05 7.95675E-04 2.83425E+01 1.43230E-06 3.18024E-04 1.05829E-02 1.23610E+00
 2.61516E+22 4.42344E+01 3.73020E+01 3.51727E+00 1.57997E+05 6.95827E-02 2.11157E+01 4.75763E-05 7.96919E-04 2.83423E+01 1.43275E-06 3.16413E-04 1.05874E-02 1.23532E+00
 2.80317E+22 4.41278E+01 3.74642E+01 3.50920E+00 1.57997E+05 6.96939E-02 2.11119E+01 4.75900E-05 7.97747E-04 2.83421E+01 1.43304E-06 3.15347E-04 1.05904E-02 1.23480E+00
 3.00469E+22 4.36633E+01 3.74221E+01 3.50054E+00 1.57997E+05 6.96649E-02 2.11127E+01 4.75861E-05 7.97527E-04 2.83420E+01 1.43298E-06 3.15625E-04 1.05897E-02 1.23493E+00
 3.22071E+22 4.35995E+01 3.75848E+01 3.49346E+00 1.57997E+05 6.97763E-02 2.11089E+01 4.75999E-05 7.98356E-04 2.83419E+01 1.43327E-06 3.14561E-04 1.05927E-02 1.23440E+00
 3.45225E+22 4.38691E+01 3.79248E+01 3.48755E+00 1.57997E+05 7.00078E-02 2.11011E+01 4.76286E-05 8.00086E-04 2.83416E+01 1.43385E-06 3.12360E-04 1.05989E-02 1.23333E+00
 3.70043E+22 4.41339E+01 3.82797E+01 3.48117E+00 1.57997E+05 7.02478E-02 2.10931E+01 4.76581E-05 8.01879E-04 2.83413E+01 1.43441E-06 3.10100E-04 1.06052E-02 1.23222E+00
 3.96646E+22 4.43445E+01 3.86140E+01 3.47446E+00 1.57997E+05 7.04722E-02 2.10856E+01 4.76855E-05 8.03558E-04 2.83410E+01 1.43492E-06 3.08004E-04 1.06111E-02 1.23118E+00
 4.25162E+22 4.43727E+01 3.88061E+01 3.46866E+00 1.57997E+05 7.06004E-02 2.10813E+01 4.77010E-05 8.04518E-04 2.83408E+01 1.43521E-06 3.06815E-04 1.06145E-02 1.23059E+00
 4.55727E+22 4.40358E+01 3.88012E+01 3.46157E+00 1.57997E+05 7.05971E-02 2.10813E+01 4.77004E-05 8.04490E-04 2.83407E+01 1.43522E-06 3.06846E-04 1.06145E-02 1.23059E+00
 4.88490E+22 4.38540E+01 3.88849E+01 3.45489E+00 1.57997E+05 7.06527E-02 2.10794E+01 4.77070E-05 8.04905E-04 2.83406E+01 1.43535E-06 3.06332E-04 1.06160E-02 1.23033E+00
 5.23608E+22 4.37063E+01 3.89578E+01 3.44933E+00 1.57997E+05 7.07012E-02 2.10777E+01 4.77128E-05 8.05266E-04 2.83405E+01 1.43546E-06 3.05885E-04 1.06173E-02 1.23011E+00
 5.61251E+22 4.38216E+01 3.92004E+01 3.44387E+00 1.57997E+05 7.08620E-02 2.10724E+01 4.77321E-05 8.06471E-04 2.83403E+01 1.43580E-06 3.04407E-04 1.06215E-02 1.22936E+00
 6.01600E+22 4.39990E+01 3.94936E+01 3.43817E+00 1.57997E+05 7.10553E-02 2.10660E+01 4.77553E-05 8.07921E-04 2.83400E+01 1.43619E-06 3.02642E-04 1.06265E-02 1.22847E+00
 6.44850E+22 4.43695E+01 3.99003E+01 3.43308E+00 1.57997E+05 7.13215E-02 2.10573E+01 4.77871E-05 8.09921E-04 2.83397E+01 1.43669E-06 3.00230E-04 1.06334E-02 1.22725E+00
 6.91209E+22 4.42432E+01 3.99751E+01 3.42803E+00 1.57997E+05 7.13702E-02 2.10557E+01 4.77928E-05 8.10286E-04 2.83396E+01 1.43679E-06 2.99792E-04 1.06347E-02 1.22703E+00
 7.40901E+22 4.42499E+01 4.01489E+01 3.42271E+00 1.57997E+05 7.14832E-02 2.10519E+01 4.78061E-05 8.11134E-04 2.83394E+01 1.43700E-06 2.98779E-04 1.06376E-02 1.22651E+00
 7.94165E+22 4.41388E+01 4.02481E+01 3.41725E+00 1.57997E+05 7.15474E-02 2.10498E+01 4.78136E-05 8.11616E-04 2.83393E+01 1.43713E-06 2.98204E-04 1.06393E-02 1.22621E+00
 8.51259E+22 4.36191E+01 4.00358E+01 3.41289E+00 1.57997E+05 7.14095E-02 2.10541E+01 4.77971E-05 8.10576E-04 2.83394E+01 1.43690E-06 2.99440E-04 1.06359E-02 1.22683E+00
 9.12457E+22 4.38079E+01 4.03227E+01 3.40793E+00 1.57997E+05 7.15956E-02 2.10481E+01 4.78190E-05 8.11975E-04 2.83392E+01 1.43724E-06 2.97775E-04 1.06407E-02 1.22598E+00
 9.78055E+22 4.40437E+01 4.06369E+01 3.40322E+00 1.57997E+05 7.17982E-02 2.10415E+01 4.78429E-05 8.13500E-04 2.83389E+01 1.43758E-06 2.95975E-04 1.06459E-02 1.22506E+00
 1.04837E+23 4.42827E+01 4.09663E+01 3.39821E+00 1.57997E+05 7.20092E-02 2.10347E+01 4.78675E-05 8.15090E-04 2.83386E+01 1.43792E-06 2.94114E-04 1.06513E-02 1.22410E+00
 1.12374E+23 4.43956E+01 4.11830E+01 3.39405E+00 1.57997E+05 7.21472E-02 2.10302E+01 4.78836E-05 8.16130E-04 2.83384E+01 1.43814E-06 2.92904E-04 1.06548E-02 1.22347E+00
 1.20452E+23 4.45394E+01 4.14265E+01 3.38978E+00 1.57997E+05 7.23017E-02 2.10253E+01 4.79014E-05 8.17296E-04 2.83382E+01 1.43837E-06 2.91558E-04 1.06587E-02 1.22276E+00
 1.29112E+23 4.42395E+01 4.13243E+01 3.38654E+00 1.57997E+05 7.22369E-02 2.10273E+01 4.78938E-05 8.16805E-04 2.83382E+01 1.43829E-06 2.92122E-04 1.06571E-02 1.22305E+00
 1.38394E+23 4.40896E+01 4.13398E+01 3.38294E+00 1.57997E+05 7.22467E-02 2.10269E+01 4.78948E-05 8.16877E-04 2.83382E+01 1.43832E-06 2.92037E-04 1.06574E-02 1.22301E+00
 1.48343E+23 4.36134E+01 4.10702E+01 3.38105E+00 1.57997E+05 7.20752E-02 2.10323E+01 4.78748E-05 8.15581E-04 2.83384E+01 1.43807E-06 2.93536E-04 1.06531E-02 1.22378E+00
 1.59008E+23 4.37419E+01 4.12745E+01 3.37762E+00 1.57997E+05 7.22052E-02 2.10281E+01 4.78898E-05 8.16561E-04 2.83382E+01 1.43828E-06 2.92399E-04 1.06564E-02 1.22319E+00

      heat_1      heat_2      heat_3      heat_4      heat_5      heat_6      heat_7      heat_8      heat_9     heat_10     heat_11     heat_12     heat_13      cool_1      cool_2      cool_3      cool_4      cool_5      cool_6      cool_7      cool_8      cool_9     cool_10     cool_11     cool_12
 2.14425E-17 1.39468E-18 1.92810E-18 1.06494E-18 0.00000E+00 4.11239E-20 3.47551E-22 1.37411E-19 4.37330E-29 4.35145E-17 9.25397E-26 6.83580E-19 7.88418E-28 2.80582E-19 2.01087E-17 3.72539E-17 9.58572E-26 2.06955E-19 7.39015E-19 1.16878E-23 8.82245E-23 4.31250E-18 6.87621E-18 1.09826E-26 1.80718E-24
 2.14182E-17 1.39904E-18 1.92813E-18 1.06550E-18 0.00000E+00 4.11570E-20 3.47551E-22 1.87685E-19 4.64969E-29 4.34868E-17 1.07107E-25 6.84108E-19 9.28453E-28 2.82838E-19 2.00991E-17 3.72916E-17 9.65626E-26 2.07232E-19 7.41866E-19 1.17545E-23 8.92144E-23 4.30642E-18 6.86816E-18 1.11664E-26 1.83134E-24
 2.14171E-17 1.40043E-18 1.92806E-18 1.06570E-18 0.00000E+00 4.11588E-20 3.47551E-22 1.83521E-19 4.64530E-29 4.34866E-17 1.06569E-25 6.84251E-19 9.24210E-28 2.82742E-19 2.00959E-17 3.72879E-17 9.65862E-26 2.07261E-19 7.42041E-19 1.17585E-23 8.91985E-23 4.30717E-18 6.86713E-18 1.11652E-26 1.83100E-24
 2.14158E-17 1.40182E-18 1.92799E-18 1.06591E-18 0.00000E+00 4.11607E-20 3.47551E-22 1.74401E-19 4.58490E-29 4.34863E-17 1.03409E-25 6.84399E-19 8.92260E-28 2.82239E-19 2.00927E-17 3.72800E-17 9.66137E-26 2.07293E-19 7.42224E-19 1.17590E-23 8.91009E-23 4.30933E-18 6.86607E-18 1.11385E-26 1.82635E-24
 2.14144E-17 1.40322E-18 1.92792E-18 1.06611E-18 0.00000E+00 4.11628E-20 3.47551E-22 1.70513E-19 4.58146E-29 4.34857E-17 1.02940E-25 6.84545E-19 8.88600E-28 2.82154E-19 2.00895E-17 3.72765E-17 9.66427E-26 2.07325E-19 7.42415E-19 1.17635E-23 8.90904E-23 4.31009E-18 6.86498E-18 1.11385E-26 1.82613E-24
 2.14128E-17 1.40461E-18 1.92785E-18 1.06631E-18 0.00000E+00 4.11651E-20 3.47551E-22 1.62600E-19 4.54837E-29 4.34849E-17 1.00935E-25 6.84695E-19 8.69511E-28 2.81826E-19 2.00863E-17 3.72696E-17 9.66753E-26 2.07359E-19 7.42616E-19 1.17662E-23 8.90290E-23 4.31184E-18 6.86385E-18 1.11244E-26 1.82358E-24
 2.14112E-17 1.40602E-18 1.92778E-18 1.06652E-18 0.00000E+00 4.11676E-20 3.47551E-22 1.50260E-19 4.46988E-29 4.34840E-17 9.66618E-26 6.84849E-19 8.26751E-28 2.81147E-19 2.00832E-17 3.72589E-17 9.67121E-26 2.07395E-19 7.42828E-19 1.17660E-23 8.88971E-23 4.31484E-18 6.86268E-18 1.10887E-26 1.81740E-24
 2.14093E-17 1.40742E-18 1.92772E-18 1.06673E-18 0.00000E+00 4.11704E-20 3.47551E-22 1.45446E-19 4.46465E-29 4.34827E-17 9.59877E-26 6.85000E-19 8.21377E-28 2.81025E-19 2.00800E-17 3.72546E-17 9.67506E-26 2.07432E-19 7.43046E-19 1.17711E-23 8.88827E-23 4.31590E-18 6.86146E-18 1.10882E-26 1.81703E-24
 2.14059E-17 1.40607E-18 1.92785E-18 1.06651E-18 0.00000E+00 4.11751E-20 3.47551E-22 1.70400E-19 4.46992E-29 4.34767E-17 9.82930E-26 6.84869E-19 8.34848E-28 2.81428E-19 2.00831E-17 3.72743E-17 9.68221E-26 2.07444E-19 7.43223E-19 1.17763E-23 8.90588E-23 4.31299E-18 6.86135E-18 1.11083E-26 1.81859E-24
 2.14037E-17 1.40748E-18 1.92779E-18 1.06668E-18 0.00000E+00 4.11785E-20 3.47551E-22 1.86218E-19 4.62119E-29 4.34750E-17 1.06265E-25 6.85006E-19 9.15573E-28 2.82675E-19 2.00799E-17 3.72873E-17 9.68646E-26 2.07482E-19 7.43456E-19 1.17937E-23 8.93402E-23 4.30891E-18 6.86004E-18 1.11888E-26 1.83108E-24
 2.14013E-17 1.40889E-18 1.92773E-18 1.06689E-18 0.00000E+00 4.11821E-20 3.47551E-22 1.81078E-19 4.65138E-29 4.34730E-17 1.06287E-25 6.85161E-19 9.20909E-28 2.82630E-19 2.00767E-17 3.72827E-17 9.69140E-26 2.07525E-19 7.43706E-19 1.18012E-23 8.93431E-23 4.31004E-18 6.85868E-18 1.11996E-26 1.83301E-24
 2.13986E-17 1.41030E-18 1.92768E-18 1.06710E-18 0.00000E+00 4.11860E-20 3.47551E-22 1.72349E-19 4.59352E-29 4.34706E-17 1.03245E-25 6.85320E-19 8.90127E-28 2.82145E-19 2.00736E-17 3.72750E-17 9.69701E-26 2.07571E-19 7.43969E-19 1.18044E-23 8.92645E-23 4.31242E-18 6.85726E-18 1.11773E-26 1.82874E-24
 2.13958E-17 1.41172E-18 1.92763E-18 1.06730E-18 0.00000E+00 4.11903E-20 3.47551E-22 1.67831E-19 4.59083E-29 4.34680E-17 1.02708E-25 6.85478E-19 8.86048E-28 2.82044E-19 2.00704E-17 3.72708E-17 9.70296E-26 2.07618E-19 7.44242E-19 1.18115E-23 8.92657E-23 4.31361E-18 6.85578E-18 1.11804E-26 1.82871E-24
 2.13927E-17 1.41314E-18 1.92758E-18 1.06751E-18 0.00000E+00 4.11950E-20 3.47551E-22 1.59540E-19 4.55518E-29 4.34650E-17 1.00484E-25 6.85642E-19 8.64810E-28 2.81679E-19 2.00672E-17 3.72634E-17 9.70951E-26 2.07669E-19 7.44529E-19 1.18168E-23 8.92138E-23 4.31583E-18 6.85424E-18 1.11681E-26 1.82611E-24
 2.13906E-17 1.41734E-18 1.92734E-18 1.06810E-18 0.00000E+00 4.11984E-20 3.47551E-22 1.50767E-19 4.51383E-29 4.34662E-17 9.80327E-26 6.86058E-19 8.40624E-28 2.81275E-19 2.00576E-17 3.72553E-17 9.71365E-26 2.07744E-19 7.44864E-19 1.18250E-23 8.91374E-23 4.31763E-18 6.85149E-18 1.11511E-26 1.82291E-24
 2.13870E-17 1.41878E-18 1.92730E-18 1.06831E-18 0.00000E+00 4.12038E-20 3.47551E-22 1.42503E-19 4.47118E-29 4.34624E-17 9.55243E-26 6.86226E-19 8.15890E-28 2.80870E-19 2.00545E-17 3.72479E-17 9.72137E-26 2.07800E-19 7.45177E-19 1.18309E-23 8.90847E-23 4.32005E-18 6.84981E-18 1.11369E-26 1.81979E-24
 2.13817E-17 1.41744E-18 1.92746E-18 1.06810E-18 0.00000E+00 4.12115E-20 3.47551E-22 1.68037E-19 4.48467E-29 4.34536E-17 9.82129E-26 6.86111E-19 8.33426E-28 2.81326E-19 2.00576E-17 3.72678E-17 9.73256E-26 2.07832E-19 7.45452E-19 1.18402E-23 8.92931E-23 4.31738E-18 6.84919E-18 1.11655E-26 1.82227E-24
 2.13775E-17 1.41888E-18 1.92743E-18 1.06828E-18 0.00000E+00 4.12179E-20 3.47551E-22 1.85535E-19 4.69565E-29 4.34489E-17 1.08071E-25 6.86264E-19 9.37304E-28 2.82821E-19 2.00544E-17 3.72822E-17 9.74100E-26 2.07892E-19 7.45780E-19 1.18644E-23 8.96441E-23 4.31315E-18 6.84734E-18 1.12726E-26 1.83913E-24
 2.13729E-17 1.42032E-18 1.92740E-18 1.06849E-18 0.00000E+00 4.12248E-20 3.47551E-22 1.78769E-19 4.67102E-29 4.34438E-17 1.06261E-25 6.86438E-19 9.20172E-28 2.82517E-19 2.00513E-17 3.72759E-17 9.75072E-26 2.07958E-19 7.46133E-19 1.18731E-23 8.96234E-23 4.31539E-18 6.84540E-18 1.12678E-26 1.83746E-24
 2.13693E-17 1.42456E-18 1.92719E-18 1.06908E-18 0.00000E+00 4.12306E-20 3.47551E-22 1.72466E-19 4.64159E-29 4.34426E-17 1.04541E-25 6.86866E-19 9.02860E-28 2.82226E-19 2.00417E-17 3.72696E-17 9.75826E-26 2.08050E-19 7.46535E-19 1.18854E-23 8.95910E-23 4.31702E-18 6.84223E-18 1.12611E-26 1.83550E-24
 2.13640E-17 1.42602E-18 1.92717E-18 1.06931E-18 0.00000E+00 4.12387E-20 3.47551E-22 1.60806E-19 4.57821E-29 4.34364E-17 1.00885E-25 6.87052E-19 8.66907E-28 2.81638E-19 2.00386E-17 3.72591E-17 9.76971E-26 2.08126E-19 7.46923E-19 1.18930E-23 8.95165E-23 4.32058E-18 6.84009E-18 1.12407E-26 1.83101E-24
 2.13596E-17 1.43029E-18 1.92697E-18 1.06989E-18 0.00000E+00 4.12458E-20 3.47551E-22 1.56372E-19 4.57677E-29 4.34341E-17 1.00371E-25 6.87485E-19 8.62681E-28 2.81528E-19 2.00290E-17 3.72544E-17 9.77892E-26 2.08226E-19 7.47359E-19 1.19086E-23 8.95292E-23 4.32183E-18 6.83671E-18 1.12483E-26 1.83126E-24
 2.13534E-17 1.43177E-18 1.92697E-18 1.07012E-18 0.00000E+00 4.12552E-20 3.47551E-22 1.47880E-19 4.54037E-29 4.34266E-17 9.80054E-26 6.87676E-19 8.39901E-28 2.81139E-19 2.00259E-17 3.72465E-17 9.79217E-26 2.08311E-19 7.47782E-19 1.19196E-23 8.95068E-23 4.32483E-18 6.83434E-18 1.12423E-26 1.82893E-24
 2.13481E-17 1.43606E-18 1.92677E-18 1.07072E-18 0.00000E+00 4.12637E-20 3.47551E-22 1.39835E-19 4.49993E-29 4.34229E-17 9.56211E-26 6.88121E-19 8.15914E-28 2.80746E-19 2.00163E-17 3.72387E-17 9.80348E-26 2.08422E-19 7.48257E-19 1.19343E-23 8.94711E-23 4.32728E-18 6.83072E-18 1.12337E-26 1.82624E-24
 2.13410E-17 1.43755E-18 1.92678E-18 1.07088E-18 0.00000E+00 4.12747E-20 3.47551E-22 1.65658E-19 4.54402E-29 4.34140E-17 9.90032E-26 6.88283E-19 8.42627E-28 2.81266E-19 2.00131E-17 3.72583E-17 9.81870E-26 2.08511E-19 7.48697E-19 1.19539E-23 8.97085E-23 4.32462E-18 6.82809E-18 1.12764E-26 1.83092E-24
 2.13333E-17 1.43905E-18 1.92680E-18 1.07108E-18 0.00000E+00 4.12865E-20 3.47551E-22 1.82972E-19 4.74003E-29 4.34042E-17 1.08546E-25 6.88467E-19 9.41426E-28 2.82708E-19 2.00099E-17 3.72720E-17 9.83477E-26 2.08608E-19 7.49170E-19 1.19843E-23 9.00915E-23 4.32125E-18 6.82532E-18 1.13876E-26 1.84717E-24
 2.13264E-17 1.44338E-18 1.92663E-18 1.07168E-18 0.00000E+00 4.12975E-20 3.47552E-22 1.76410E-19 4.71220E-29 4.33982E-17 1.06735E-25 6.88924E-19 9.23378E-28 2.82396E-19 2.00004E-17 3.72652E-17 9.84964E-26 2.08738E-19 7.49705E-19 1.20030E-23 9.00921E-23 4.32371E-18 6.82126E-18 1.13887E-26 1.84569E-24
 2.13189E-17 1.44774E-18 1.92648E-18 1.07228E-18 0.00000E+00 4.13095E-20 3.47552E-22 1.69954E-19 4.68895E-29 4.33913E-17 1.05160E-25 6.89388E-19 9.07864E-28 2.82120E-19 1.99908E-17 3.72584E-17 9.86588E-26 2.08874E-19 7.50255E-19 1.20234E-23 9.01065E-23 4.32624E-18 6.81703E-18 1.13939E-26 1.84468E-24
 2.13108E-17 1.45211E-18 1.92633E-18 1.07289E-18 0.00000E+00 4.13225E-20 3.47552E-22 1.62003E-19 4.66215E-29 4.33834E-17 1.03233E-25 6.89859E-19 8.89398E-28 2.81785E-19 1.99813E-17 3.72503E-17 9.88360E-26 2.09017E-19 7.50826E-19 1.20447E-23 9.01138E-23 4.32923E-18 6.81263E-18 1.13979E-26 1.84342E-24
 2.13020E-17 1.45650E-18 1.92619E-18 1.07351E-18 0.00000E+00 4.13367E-20 3.47552E-22 1.53190E-19 4.62733E-29 4.33745E-17 1.00831E-25 6.90338E-19 8.65991E-28 2.81378E-19 1.99719E-17 3.72415E-17 9.90293E-26 2.09169E-19 7.51421E-19 1.20667E-23 9.01142E-23 4.33263E-18 6.80805E-18 1.13993E-26 1.84154E-24
 2.12925E-17 1.46092E-18 1.92606E-18 1.07411E-18 0.00000E+00 4.13521E-20 3.47552E-22 1.49521E-19 4.60021E-29 4.33645E-17 9.91948E-26 6.90817E-19 8.48553E-28 2.81096E-19 1.99624E-17 3.72366E-17 9.92395E-26 2.09328E-19 7.52035E-19 1.20910E-23 9.01588E-23 4.33534E-18 6.80326E-18 1.14082E-26 1.84050E-24
 2.12808E-17 1.46249E-18 1.92614E-18 1.07431E-18 0.00000E+00 4.13704E-20 3.47552E-22 1.69952E-19 4.60964E-29 4.33487E-17 1.01128E-25 6.91027E-19 8.59472E-28 2.81396E-19 1.99592E-17 3.72514E-17 9.94975E-26 2.09470E-19 7.52625E-19 1.21179E-23 9.03985E-23 4.33480E-18 6.79939E-18 1.14483E-26 1.84325E-24
 2.12696E-17 1.46695E-18 1.92604E-18 1.07490E-18 0.00000E+00 4.13884E-20 3.47552E-22 1.87189E-19 4.80306E-29 4.33362E-17 1.10734E-25 6.91507E-19 9.57863E-28 2.82813E-19 1.99496E-17 3.72642E-17 9.97406E-26 2.09645E-19 7.53282E-19 1.21613E-23 9.08177E-23 4.33199E-18 6.79416E-18 1.15696E-26 1.85983E-24
 2.12590E-17 1.47431E-18 1.92575E-18 1.07590E-18 0.00000E+00 4.14062E-20 3.47552E-22 1.77629E-19 4.78639E-29 4.33270E-17 1.08308E-25 6.92267E-19 9.36327E-28 2.82363E-19 1.99338E-17 3.72541E-17 9.99793E-26 2.09858E-19 7.54003E-19 1.21934E-23 9.08262E-23 4.33578E-18 6.78757E-18 1.15789E-26 1.85912E-24
 2.12460E-17 1.47882E-18 1.92568E-18 1.07652E-18 0.00000E+00 4.14272E-20 3.47552E-22 1.74187E-19 4.79710E-29 4.33118E-17 1.08130E-25 6.92780E-19 9.35546E-28 2.82284E-19 1.99244E-17 3.72492E-17 1.00271E-25 2.10057E-19 7.54713E-19 1.22274E-23 9.09486E-23 4.33889E-18 6.78184E-18 1.16128E-26 1.86135E-24
 2.12334E-17 1.48627E-18 1.92543E-18 1.07752E-18 0.00000E+00 4.14483E-20 3.47552E-22 1.71845E-19 4.78638E-29 4.32996E-17 1.07286E-25 6.93553E-19 9.25826E-28 2.82104E-19 1.99085E-17 3.72448E-17 1.00556E-25 2.10292E-19 7.55477E-19 1.22655E-23 9.10485E-23 4.34169E-18 6.77471E-18 1.16386E-26 1.86208E-24
 2.12197E-17 1.49377E-18 1.92519E-18 1.07854E-18 0.00000E+00 4.14712E-20 3.47552E-22 1.58838E-19 4.75554E-29 4.32858E-17 1.04573E-25 6.94349E-19 9.00763E-28 2.81627E-19 1.98928E-17 3.72316E-17 1.00868E-25 2.10541E-19 7.56269E-19 1.23039E-23 9.10802E-23 4.34664E-18 6.76729E-18 1.16532E-26 1.86107E-24
 2.12049E-17 1.50131E-18 1.92497E-18 1.07957E-18 0.00000E+00 4.14960E-20 3.47552E-22 1.50071E-19 4.72802E-29 4.32703E-17 1.02295E-25 6.95150E-19 8.78421E-28 2.81222E-19 1.98770E-17 3.72217E-17 1.01209E-25 2.10804E-19 7.57054E-19 1.23453E-23 9.11496E-23 4.35122E-18 6.75955E-18 1.16736E-26 1.86054E-24
 2.11889E-17 1.50892E-18 1.92477E-18 1.08059E-18 0.00000E+00 4.15230E-20 3.47552E-22 1.41818E-19 4.69846E-29 4.32529E-17 9.99736E-26 6.95964E-19 8.55130E-28 2.80813E-19 1.98613E-17 3.72120E-17 1.01580E-25 2.11081E-19 7.57855E-19 1.23893E-23 9.12347E-23 4.35605E-18 6.75149E-18 1.16968E-26 1.86004E-24
 2.11716E-17 1.51657E-18 1.92460E-18 1.08156E-18 0.00000E+00 4.15521E-20 3.47552E-22 1.67420E-19 4.72969E-29 4.32335E-17 1.03222E-25 6.96754E-19 8.77052E-28 2.81275E-19 1.98455E-17 3.72294E-17 1.01982E-25 2.11368E-19 7.58653E-19 1.24424E-23 9.15821E-23 4.35537E-18 6.74307E-18 1.17659E-26 1.86539E-24
 2.11515E-17 1.52131E-18 1.92463E-18 1.08218E-18 0.00000E+00 4.15852E-20 3.47552E-22 1.89047E-19 4.98249E-29 4.32075E-17 1.14623E-25 6.97317E-19 9.96070E-28 2.82866E-19 1.98360E-17 3.72449E-17 1.02445E-25 2.11650E-19 7.59444E-19 1.25084E-23 9.21578E-23 4.35395E-18 6.73540E-18 1.19324E-26 1.88686E-24
 2.11328E-17 1.53206E-18 1.92431E-18 1.08361E-18 0.00000E+00 4.16176E-20 3.47552E-22 1.75482E-19 4.93430E-29 4.31884E-17 1.11075E-25 6.98431E-19 9.61047E-28 2.82255E-19 1.98140E-17 3.72302E-17 1.02891E-25 2.12002E-19 7.60327E-19 1.25638E-23 9.22246E-23 4.36021E-18 6.72509E-18 1.19542E-26 1.88533E-24
 2.11125E-17 1.54291E-18 1.92401E-18 1.08504E-18 0.00000E+00 4.16527E-20 3.47552E-22 1.71904E-19 4.95598E-29 4.31670E-17 1.11156E-25 6.99552E-19 9.62301E-28 2.82174E-19 1.97921E-17 3.72235E-17 1.03375E-25 2.12373E-19 7.61213E-19 1.26278E-23 9.24328E-23 4.36461E-18 6.71436E-18 1.20147E-26 1.88936E-24
 2.10906E-17 1.55386E-18 1.92374E-18 1.08648E-18 0.00000E+00 4.16908E-20 3.47553E-22 1.60083E-19 4.90965E-29 4.31430E-17 1.07669E-25 7.00699E-19 9.27378E-28 2.81572E-19 1.97701E-17 3.72098E-17 1.03906E-25 2.12767E-19 7.62105E-19 1.26910E-23 9.25459E-23 4.37149E-18 6.70318E-18 1.20467E-26 1.88844E-24
 2.10683E-17 1.56797E-18 1.92330E-18 1.08830E-18 0.00000E+00 4.17304E-20 3.47553E-22 1.55609E-19 4.93243E-29 4.31210E-17 1.07634E-25 7.02112E-19 9.27413E-28 2.81461E-19 1.97419E-17 3.72018E-17 1.04450E-25 2.13207E-19 7.63024E-19 1.27666E-23 9.27694E-23 4.37633E-18 6.69043E-18 1.21140E-26 1.89282E-24
 2.10429E-17 1.57915E-18 1.92309E-18 1.08976E-18 0.00000E+00 4.17749E-20 3.47553E-22 1.47135E-19 4.91949E-29 4.30915E-17 1.05622E-25 7.03295E-19 9.07694E-28 2.81069E-19 1.97200E-17 3.71905E-17 1.05078E-25 2.13647E-19 7.63887E-19 1.28410E-23 9.29756E-23 4.38333E-18 6.67827E-18 1.21719E-26 1.89487E-24
 2.10168E-17 1.59355E-18 1.92272E-18 1.09161E-18 0.00000E+00 4.18214E-20 3.47553E-22 1.39377E-19 4.90500E-29 4.30636E-17 1.03684E-25 7.04754E-19 8.87538E-28 2.80686E-19 1.96919E-17 3.71793E-17 1.05729E-25 2.14138E-19 7.64768E-19 1.29239E-23 9.31911E-23 4.39012E-18 6.66448E-18 1.22330E-26 1.89698E-24
 2.09887E-17 1.60810E-18 1.92239E-18 1.09340E-18 0.00000E+00 4.18718E-20 3.47553E-22 1.65629E-19 5.00272E-29 4.30325E-17 1.08729E-25 7.06199E-19 9.31156E-28 2.81293E-19 1.96638E-17 3.71953E-17 1.06437E-25 2.14650E-19 7.65603E-19 1.30208E-23 9.37074E-23 4.39139E-18 6.65013E-18 1.23607E-26 1.90830E-24
 2.09571E-17 1.61965E-18 1.92229E-18 1.09486E-18 0.00000E+00 4.19278E-20 3.47553E-22 1.82281E-19 5.23089E-29 4.29934E-17 1.19086E-25 7.07431E-19 1.03691E-27 2.82636E-19 1.96420E-17 3.72045E-17 1.07239E-25 2.15170E-19 7.66388E-19 1.31286E-23 9.43863E-23 4.39345E-18 6.63628E-18 1.25569E-26 1.92941E-24
 2.09259E-17 1.63772E-18 1.92184E-18 1.09712E-18 0.00000E+00 4.19851E-20 3.47553E-22 1.75765E-19 5.23633E-29 4.29599E-17 1.17872E-25 7.09220E-19 1.02399E-27 2.82320E-19 1.96078E-17 3.71932E-17 1.08050E-25 2.15776E-19 7.67206E-19 1.32342E-23 9.46880E-23 4.40107E-18 6.61960E-18 1.26450E-26 1.93375E-24
 2.08923E-17 1.65602E-18 1.92145E-18 1.09940E-18 0.00000E+00 4.20471E-20 3.47553E-22 1.69246E-19 5.25007E-29 4.29227E-17 1.16961E-25 7.11040E-19 1.01448E-27 2.82043E-19 1.95736E-17 3.71818E-17 1.08936E-25 2.16418E-19 7.67972E-19 1.33473E-23 9.50311E-23 4.40928E-18 6.60227E-18 1.27453E-26 1.93909E-24
 2.08561E-17 1.67457E-18 1.92110E-18 1.10169E-18 0.00000E+00 4.21142E-20 3.47554E-22 1.61244E-19 5.26158E-29 4.28814E-17 1.15618E-25 7.12894E-19 1.00131E-27 2.81698E-19 1.95396E-17 3.71688E-17 1.09903E-25 2.17097E-19 7.68679E-19 1.34676E-23 9.53939E-23 4.41854E-18 6.58424E-18 1.28519E-26 1.94458E-24
 2.08185E-17 1.69668E-18 1.92061E-18 1.10439E-18 0.00000E+00 4.21851E-20 3.47554E-22 1.52405E-19 5.26689E-29 4.28405E-17 1.13851E-25 7.15040E-19 9.83179E-28 2.81287E-19 1.94994E-17 3.71545E-17 1.10925E-25 2.17843E-19 7.69350E-19 1.35995E-23 9.57603E-23 4.42818E-18 6.56439E-18 1.29616E-26 1.94979E-24
 2.07782E-17 1.71913E-18 1.92018E-18 1.10711E-18 0.00000E+00 4.22618E-20 3.47554E-22 1.44121E-19 5.27540E-29 4.27952E-17 1.12147E-25 7.17223E-19 9.65481E-28 2.80884E-19 1.94593E-17 3.71403E-17 1.12042E-25 2.18632E-19 7.69930E-19 1.37405E-23 9.61716E-23 4.43856E-18 6.54377E-18 1.30832E-26 1.95571E-24
 2.07348E-17 1.74193E-18 1.91980E-18 1.10978E-18 0.00000E+00 4.23447E-20 3.47554E-22 1.69289E-19 5.34674E-29 4.27451E-17 1.16334E-25 7.19408E-19 9.94747E-28 2.81305E-19 1.94192E-17 3.71525E-17 1.13261E-25 2.19461E-19 7.70399E-19 1.38978E-23 9.68795E-23 4.44398E-18 6.52235E-18 1.32612E-26 1.96766E-24
 2.06882E-17 1.76509E-18 1.91949E-18 1.11250E-18 0.00000E+00 4.24342E-20 3.47554E-22 1.86657E-19 5.64406E-29 4.26900E-17 1.29068E-25 7.21652E-19 1.12642E-27 2.82765E-19 1.93793E-17 3.71593E-17 1.14587E-25 2.20342E-19 7.70749E-19 1.40793E-23 9.78142E-23 4.44922E-18 6.50007E-18 1.35483E-26 1.99554E-24
 2.06397E-17 1.79211E-18 1.91906E-18 1.11566E-18 0.00000E+00 4.25293E-20 3.47555E-22 1.83832E-19 5.71595E-29 4.26344E-17 1.29520E-25 7.24217E-19 1.13136E-27 2.82578E-19 1.93334E-17 3.71481E-17 1.16006E-25 2.21307E-19 7.71018E-19 1.42598E-23 9.84102E-23 4.46065E-18 6.47582E-18 1.37291E-26 2.00682E-24
 2.05877E-17 1.81961E-18 1.91871E-18 1.11886E-18 0.00000E+00 4.26320E-20 3.47555E-22 1.73459E-19 5.75348E-29 4.25733E-17 1.28276E-25 7.26841E-19 1.11978E-27 2.82177E-19 1.92876E-17 3.71304E-17 1.17560E-25 2.22331E-19 7.71167E-19 1.44509E-23 9.90003E-23 4.47447E-18 6.45065E-18 1.39110E-26 2.01653E-24
 2.05335E-17 1.85166E-18 1.91822E-18 1.12251E-18 0.00000E+00 4.27412E-20 3.47555E-22 1.66347E-19 5.80705E-29 4.25116E-17 1.27970E-25 7.29810E-19 1.11609E-27 2.81885E-19 1.92350E-17 3.71146E-17 1.19218E-25 2.23450E-19 7.71213E-19 1.46621E-23 9.96566E-23 4.48808E-18 6.42332E-18 1.41144E-26 2.02791E-24
 2.04772E-17 1.88896E-18 1.91759E-18 1.12670E-18 0.00000E+00 4.28572E-20 3.47555E-22 1.54391E-19 5.80972E-29 4.24496E-17 1.24850E-25 7.33170E-19 1.08255E-27 2.81230E-19 1.91750E-17 3.70938E-17 1.20990E-25 2.24674E-19 7.71156E-19 1.48904E-23 1.00265E-22 4.50345E-18 6.39366E-18 1.43055E-26 2.03609E-24
 2.04152E-17 1.92239E-18 1.91727E-18 1.13042E-18 0.00000E+00 4.29845E-20 3.47556E-22 1.49188E-19 5.90855E-29 4.23756E-17 1.25936E-25 7.36260E-19 1.09448E-27 2.81089E-19 1.91229E-17 3.70786E-17 1.22978E-25 2.25931E-19 7.70901E-19 1.51358E-23 1.01090E-22 4.51904E-18 6.36426E-18 1.45646E-26 2.05179E-24
 2.03524E-17 1.96607E-18 1.91660E-18 1.13515E-18 0.00000E+00 4.31181E-20 3.47556E-22 1.40970E-19 5.96269E-29 4.23065E-17 1.24908E-25 7.40079E-19 1.08175E-27 2.80675E-19 1.90557E-17 3.70595E-17 1.25064E-25 2.27344E-19 7.70563E-19 1.54087E-23 1.01872E-22 4.53530E-18 6.33118E-18 1.48158E-26 2.06476E-24
 2.02835E-17 2.00593E-18 1.91626E-18 1.13943E-18 0.00000E+00 4.32642E-20 3.47556E-22 1.38039E-19 6.05646E-29 4.22247E-17 1.25537E-25 7.43638E-19 1.08623E-27 2.80456E-19 1.89964E-17 3.70445E-17 1.27403E-25 2.28801E-19 7.70008E-19 1.56980E-23 1.02818E-22 4.55278E-18 6.29825E-18 1.51133E-26 2.08147E-24
 2.02100E-17 2.04671E-18 1.91603E-18 1.14366E-18 0.00000E+00 4.34217E-20 3.47557E-22 1.83950E-19 6.53278E-29 4.21358E-17 1.47042E-25 7.47222E-19 1.29833E-27 2.82622E-19 1.89372E-17 3.70691E-17 1.29961E-25 2.30338E-19 7.69245E-19 1.60372E-23 1.04488E-22 4.56068E-18 6.26414E-18 1.56330E-26 2.12520E-24
 2.01334E-17 2.09353E-18 1.91569E-18 1.14852E-18 0.00000E+00 4.35898E-20 3.47557E-22 1.77260E-19 6.64364E-29 4.20451E-17 1.47556E-25 7.51281E-19 1.30270E-27 2.82303E-19 1.88709E-17 3.70495E-17 1.32731E-25 2.32022E-19 7.68361E-19 1.63799E-23 1.05562E-22 4.58118E-18 6.22753E-18 1.59866E-26 2.14420E-24
 2.00536E-17 2.14677E-18 1.91526E-18 1.15392E-18 0.00000E+00 4.37694E-20 3.47557E-22 1.74555E-19 6.77606E-29 4.19525E-17 1.49188E-25 7.55764E-19 1.31605E-27 2.82088E-19 1.87973E-17 3.70319E-17 1.35729E-25 2.33854E-19 7.67306E-19 1.67580E-23 1.06743E-22 4.60191E-18 6.18841E-18 1.63790E-26 2.16544E-24
 1.99703E-17 2.20687E-18 1.91475E-18 1.15990E-18 0.00000E+00 4.39615E-20 3.47558E-22 1.63156E-19 6.90694E-29 4.18577E-17 1.49412E-25 7.60697E-19 1.31859E-27 2.81685E-19 1.87167E-17 3.70063E-17 1.38980E-25 2.35847E-19 7.66100E-19 1.71727E-23 1.07936E-22 4.62520E-18 6.14676E-18 1.67957E-26 2.18709E-24
 1.98817E-17 2.26880E-18 1.91439E-18 1.16593E-18 0.00000E+00 4.41687E-20 3.47558E-22 1.54447E-19 7.04567E-29 4.17545E-17 1.49590E-25 7.65739E-19 1.31916E-27 2.81267E-19 1.86365E-17 3.69820E-17 1.42568E-25 2.37964E-19 7.64969E-19 1.76210E-23 1.09252E-22 4.65020E-18 6.10380E-18 1.72539E-26 2.21026E-24
 1.97876E-17 2.33262E-18 1.91419E-18 1.17203E-18 0.00000E+00 4.43921E-20 3.47559E-22 1.42441E-19 7.14247E-29 4.16427E-17 1.47112E-25 7.70904E-19 1.29125E-27 2.80578E-19 1.85567E-17 3.69540E-17 1.46534E-25 2.40216E-19 7.63619E-19 1.81028E-23 1.10626E-22 4.67835E-18 6.05949E-18 1.77340E-26 2.23198E-24
 1.96895E-17 2.40427E-18 1.91395E-18 1.17869E-18 0.00000E+00 4.46313E-20 3.47559E-22 1.40285E-19 7.46302E-29 4.15279E-17 1.54053E-25 7.76531E-19 1.36752E-27 2.80769E-19 1.84700E-17 3.69332E-17 1.50858E-25 2.42659E-19 7.62103E-19 1.86482E-23 1.12329E-22 4.70488E-18 6.01258E-18 1.83605E-26 2.26832E-24
 1.95855E-17 2.47831E-18 1.91388E-18 1.18535E-18 0.00000E+00 4.48892E-20 3.47560E-22 1.67294E-19 7.79715E-29 4.14039E-17 1.65137E-25 7.82255E-19 1.46582E-27 2.81364E-19 1.83836E-17 3.69345E-17 1.55648E-25 2.45252E-19 7.60331E-19 1.92429E-23 1.14379E-22 4.72902E-18 5.96428E-18 1.90684E-26 2.30757E-24
 1.94772E-17 2.56108E-18 1.91381E-18 1.19264E-18 0.00000E+00 4.51656E-20 3.47560E-22 1.81003E-19 8.32942E-29 4.12765E-17 1.82356E-25 7.88501E-19 1.64347E-27 2.82405E-19 1.82906E-17 3.69246E-17 1.60901E-25 2.48072E-19 7.58403E-19 1.99092E-23 1.16628E-22 4.75563E-18 5.91336E-18 1.99137E-26 2.35835E-24
 1.93627E-17 2.64685E-18 1.91396E-18 1.20006E-18 0.00000E+00 4.54634E-20 3.47561E-22 1.74510E-19 8.61453E-29 4.11395E-17 1.85504E-25 7.94931E-19 1.67550E-27 2.82079E-19 1.81981E-17 3.68965E-17 1.66747E-25 2.51082E-19 7.56241E-19 2.06145E-23 1.18677E-22 4.79061E-18 5.86100E-18 2.07010E-26 2.39555E-24
 1.92436E-17 2.74242E-18 1.91412E-18 1.20809E-18 0.00000E+00 4.57830E-20 3.47561E-22 1.67871E-19 8.94172E-29 4.09986E-17 1.89543E-25 8.01890E-19 1.71688E-27 2.81789E-19 1.80991E-17 3.68669E-17 1.73194E-25 2.54349E-19 7.53898E-19 2.13967E-23 1.20894E-22 4.82761E-18 5.80602E-18 2.15794E-26 2.43633E-24
 1.91197E-17 2.84866E-18 1.91434E-18 1.21674E-18 0.00000E+00 4.61260E-20 3.47562E-22 1.59749E-19 9.29605E-29 4.08538E-17 1.93231E-25 8.09398E-19 1.75505E-27 2.81421E-19 1.79935E-17 3.68344E-17 1.80326E-25 2.57896E-19 7.51369E-19 2.22635E-23 1.23263E-22 4.86727E-18 5.74845E-18 2.25490E-26 2.47970E-24
 1.89892E-17 2.95933E-18 1.91483E-18 1.22550E-18 0.00000E+00 4.64957E-20 3.47562E-22 1.50983E-19 9.68397E-29 4.06989E-17 1.96616E-25 8.17118E-19 1.79097E-27 2.80999E-19 1.78887E-17 3.68002E-17 1.88306E-25 2.61688E-19 7.48581E-19 2.32138E-23 1.25845E-22 4.91050E-18 5.68944E-18 2.36311E-26 2.52633E-24
 1.88538E-17 3.08215E-18 1.91541E-18 1.23491E-18 0.00000E+00 4.68927E-20 3.47563E-22 1.42683E-19 1.01186E-28 4.05398E-17 2.00507E-25 8.25424E-19 1.83118E-27 2.80579E-19 1.77775E-17 3.67645E-17 1.97187E-25 2.65807E-19 7.45599E-19 2.42719E-23 1.28642E-22 4.95636E-18 5.62788E-18 2.48423E-26 2.57681E-24
 1.87098E-17 3.20268E-18 1.91650E-18 1.24382E-18 0.00000E+00 4.73216E-20 3.47564E-22 1.67709E-19 1.07331E-28 4.03647E-17 2.15808E-25 8.33557E-19 1.97282E-27 2.80996E-19 1.76741E-17 3.67544E-17 2.07247E-25 2.70150E-19 7.42278E-19 2.54364E-23 1.32098E-22 5.00040E-18 5.56598E-18 2.63069E-26 2.63974E-24
 1.85608E-17 3.33648E-18 1.91773E-18 1.25343E-18 0.00000E+00 4.77823E-20 3.47564E-22 1.84952E-19 1.18918E-28 4.01853E-17 2.49390E-25 8.42336E-19 2.34831E-27 2.82460E-19 1.75645E-17 3.67373E-17 2.18505E-25 2.74880E-19 7.38782E-19 2.67647E-23 1.36089E-22 5.04637E-18 5.50156E-18 2.81590E-26 2.72925E-24
 1.84066E-17 3.48483E-18 1.91914E-18 1.26377E-18 0.00000E+00 4.82776E-20 3.47565E-22 1.78051E-19 1.26372E-28 4.00017E-17 2.58755E-25 8.51794E-19 2.45753E-27 2.82139E-19 1.74489E-17 3.66978E-17 2.31178E-25 2.80036E-19 7.35105E-19 2.82136E-23 1.39810E-22 5.10311E-18 5.43467E-18 2.99610E-26 2.79828E-24
 1.82473E-17 3.64918E-18 1.92076E-18 1.27478E-18 0.00000E+00 4.88102E-20 3.47566E-22 1.75072E-19 1.34738E-28 3.98141E-17 2.70354E-25 8.61930E-19 2.58669E-27 2.81893E-19 1.73272E-17 3.66593E-17 2.45486E-25 2.85656E-19 7.31236E-19 2.98419E-23 1.43896E-22 5.16282E-18 5.36539E-18 3.20139E-26 2.87328E-24
 1.80811E-17 3.82193E-18 1.92281E-18 1.28599E-18 0.00000E+00 4.93843E-20 3.47566E-22 1.64390E-19 1.44198E-28 3.96166E-17 2.80868E-25 8.72412E-19 2.71606E-27 2.81503E-19 1.72067E-17 3.66128E-17 2.61802E-25 2.91720E-19 7.27127E-19 3.16552E-23 1.48311E-22 5.22898E-18 5.29482E-18 3.43501E-26 2.95431E-24
 1.79081E-17 4.00358E-18 1.92531E-18 1.29734E-18 0.00000E+00 5.00027E-20 3.47567E-22 1.60251E-19 1.55230E-28 3.94094E-17 2.94053E-25 8.83237E-19 2.87365E-27 2.81198E-19 1.70871E-17 3.65695E-17 2.80483E-25 2.98274E-19 7.22773E-19 3.36839E-23 1.53227E-22 5.29937E-18 5.22299E-18 3.70486E-26 3.04354E-24
 1.77301E-17 4.20485E-18 1.92815E-18 1.30945E-18 0.00000E+00 5.06685E-20 3.47568E-22 1.47269E-19 1.67565E-28 3.91988E-17 3.04687E-25 8.94849E-19 3.01449E-27 2.80668E-19 1.69618E-17 3.65167E-17 3.01870E-25 3.05455E-19 7.18238E-19 3.59778E-23 1.58483E-22 5.37639E-18 5.14895E-18 4.01232E-26 3.13856E-24
 1.75454E-17 4.41717E-18 1.93152E-18 1.32175E-18 0.00000E+00 5.13862E-20 3.47569E-22 1.39031E-19 1.82172E-28 3.89790E-17 3.18421E-25 9.06864E-19 3.19151E-27 2.80236E-19 1.68376E-17 3.64655E-17 3.26594E-25 3.13257E-19 7.13472E-19 3.85637E-23 1.64340E-22 5.45865E-18 5.07377E-18 4.37133E-26 3.24369E-24
 1.73525E-17 4.63006E-18 1.93562E-18 1.33356E-18 0.00000E+00 5.21604E-20 3.47570E-22 1.64151E-19 2.02160E-28 3.87444E-17 3.53000E-25 9.18841E-19 3.58949E-27 2.80679E-19 1.67210E-17 3.64390E-17 3.55442E-25 3.21668E-19 7.08406E-19 4.14839E-23 1.71328E-22 5.54125E-18 4.99846E-18 4.81055E-26 3.37082E-24
 1.71549E-17 4.86617E-18 1.94019E-18 1.34619E-18 0.00000E+00 5.29947E-20 3.47571E-22 1.81327E-19 2.34100E-28 3.85075E-17 4.19885E-25 9.31705E-19 4.45561E-27 2.82137E-19 1.65989E-17 3.64043E-17 3.89034E-25 3.30962E-19 7.03202E-19 4.48726E-23 1.79323E-22 5.62872E-18 4.92116E-18 5.36371E-26 3.53650E-24
 1.69513E-17 5.11569E-18 1.94543E-18 1.35908E-18 0.00000E+00 5.38948E-20 3.47572E-22 1.74589E-19 2.61033E-28 3.82626E-17 4.47728E-25 9.45091E-19 4.85883E-27 2.81795E-19 1.64780E-17 3.63469E-17 4.28607E-25 3.41180E-19 6.97810E-19 4.86720E-23 1.87357E-22 5.73183E-18 4.84291E-18 5.96184E-26 3.68118E-24
 1.67434E-17 5.39257E-18 1.95126E-18 1.37278E-18 0.00000E+00 5.48656E-20 3.47573E-22 1.68107E-19 2.93830E-28 3.80164E-17 4.80585E-25 9.59421E-19 5.34554E-27 2.81480E-19 1.63517E-17 3.62864E-17 4.75389E-25 3.52547E-19 6.92287E-19 5.30658E-23 1.96227E-22 5.84203E-18 4.76289E-18 6.67581E-26 3.84094E-24
 1.65298E-17 5.68622E-18 1.95789E-18 1.38673E-18 0.00000E+00 5.59131E-20 3.47574E-22 1.60185E-19 3.33495E-28 3.77631E-17 5.18126E-25 9.74512E-19 5.91477E-27 2.81123E-19 1.62266E-17 3.62218E-17 5.29395E-25 3.64697E-19 6.86591E-19 5.82660E-23 2.06063E-22 5.96182E-18 4.68209E-18 7.53526E-26 4.01729E-24
 1.63108E-17 5.99789E-18 1.96538E-18 1.40092E-18 0.00000E+00 5.70449E-20 3.47575E-22 1.51496E-19 3.81991E-28 3.75034E-17 5.58542E-25 9.90212E-19 6.55626E-27 2.80681E-19 1.61027E-17 3.61534E-17 5.94126E-25 3.78209E-19 6.80735E-19 6.43345E-23 2.16983E-22 6.09172E-18 4.60061E-18 8.57647E-26 4.21084E-24
 1.60850E-17 6.31378E-18 1.97391E-18 1.41477E-18 0.00000E+00 5.82693E-20 3.47576E-22 1.43061E-19 4.43267E-28 3.72319E-17 6.05244E-25 1.00604E-18 7.34009E-27 2.80253E-19 1.59863E-17 3.60822E-17 6.73218E-25 3.93386E-19 6.74684E-19 7.13916E-23 2.29259E-22 6.23356E-18 4.51934E-18 9.85839E-26 4.42675E-24
 1.58562E-17 6.66501E-18 1.98334E-18 1.42942E-18 0.00000E+00 5.95939E-20 3.47578E-22 1.54108E-19 5.24379E-28 3.69612E-17 6.82723E-25 1.02289E-18 8.55257E-27 2.80362E-19 1.58646E-17 3.60226E-17 7.70131E-25 4.10703E-19 6.68548E-19 7.98161E-23 2.43343E-22 6.38089E-18 4.43670E-18 1.14725E-25 4.67422E-24
 1.56211E-17 7.02197E-18 1.99397E-18 1.44369E-18 0.00000E+00 6.10294E-20 3.47579E-22 1.74116E-19 6.44843E-28 3.66797E-17 8.20975E-25 1.03987E-18 1.08532E-26 2.81334E-19 1.57502E-17 3.59672E-17 8.91227E-25 4.30551E-19 6.62254E-19 8.98664E-23 2.59764E-22 6.53834E-18 4.35440E-18 1.35805E-25 4.97877E-24
 1.53820E-17 7.40165E-18 2.00578E-18 1.45830E-18 0.00000E+00 6.25865E-20 3.47581E-22 1.76925E-19 8.00082E-28 3.63939E-17 9.58001E-25 1.05751E-18 1.34099E-26 2.81713E-19 1.56371E-17 3.58939E-17 1.04419E-24 4.53666E-19 6.55887E-19 1.01951E-22 2.77801E-22 6.71429E-18 4.27168E-18 1.62386E-25 5.30732E-24
 1.51392E-17 7.80597E-18 2.01890E-18 1.47323E-18 0.00000E+00 6.42776E-20 3.47583E-22 1.70337E-19 9.94853E-28 3.61042E-17 1.07740E-24 1.07580E-18 1.58850E-26 2.81357E-19 1.55250E-17 3.58083E-17 1.24052E-24 4.80960E-19 6.49461E-19 1.16643E-22 2.97670E-22 6.90911E-18 4.18862E-18 1.96121E-25 5.65111E-24
 1.48929E-17 8.23714E-18 2.03345E-18 1.48847E-18 0.00000E+00 6.61169E-20 3.47585E-22 1.63482E-19 1.26802E-27 3.58107E-17 1.22663E-24 1.09471E-18 1.91678E-26 2.81032E-19 1.54140E-17 3.57178E-17 1.49708E-24 5.13726E-19 6.42992E-19 1.34862E-22 3.20229E-22 7.12075E-18 4.10526E-18 2.40759E-25 6.03939E-24
 1.46436E-17 8.69759E-18 2.04956E-18 1.50402E-18 0.00000E+00 6.81206E-20 3.47587E-22 1.55202E-19 1.66047E-27 3.55135E-17 1.40623E-24 1.11425E-18 2.34207E-26 2.80621E-19 1.53041E-17 3.56212E-17 1.83947E-24 5.53840E-19 6.36503E-19 1.57846E-22 3.45847E-22 7.35150E-18 4.02165E-18 3.00907E-25 6.47565E-24
 1.43930E-17 9.21211E-18 2.06734E-18 1.52054E-18 0.00000E+00 7.03063E-20 3.47590E-22 1.46432E-19 2.24648E-27 3.52179E-17 1.63175E-24 1.13494E-18 2.91018E-26 2.80163E-19 1.51892E-17 3.55184E-17 2.30669E-24 6.04091E-19 6.30062E-19 1.87607E-22 3.74988E-22 7.60151E-18 3.93709E-18 3.83951E-25 6.96742E-24
 1.41382E-17 9.74102E-18 2.08706E-18 1.53676E-18 0.00000E+00 7.26982E-20 3.47594E-22 1.38120E-19 3.16477E-27 3.49117E-17 1.92464E-24 1.15563E-18 3.70161E-26 2.79703E-19 1.50815E-17 3.54105E-17 2.96541E-24 6.68832E-19 6.23591E-19 2.26859E-22 4.08593E-22 7.87564E-18 3.85300E-18 5.02250E-25 7.52735E-24
 1.38794E-17 1.02840E-17 2.10887E-18 1.55242E-18 0.00000E+00 7.53218E-20 3.47599E-22 1.82890E-19 4.84456E-27 3.45939E-17 2.70377E-24 1.17601E-18 5.74360E-26 2.81660E-19 1.49804E-17 3.53400E-17 3.92590E-24 7.55131E-19 6.17081E-19 2.80874E-22 4.50475E-22 8.15845E-18 3.76930E-18 6.85026E-25 8.26477E-24
 1.36195E-17 1.08928E-17 2.13292E-18 1.56932E-18 0.00000E+00 7.82076E-20 3.47606E-22 1.78461E-19 7.64314E-27 3.42732E-17 3.42945E-24 1.19753E-18 7.99854E-26 2.81500E-19 1.48747E-17 3.52226E-17 5.38285E-24 8.74928E-19 6.10689E-19 3.57601E-22 4.96202E-22 8.48433E-18 3.68443E-18 9.57893E-25 9.02385E-24
 1.33597E-17 1.16034E-17 2.15941E-18 1.58796E-18 0.00000E+00 8.13877E-20 3.47616E-22 1.71428E-19 1.29791E-26 3.39519E-17 4.46703E-24 1.22057E-18 1.14724E-25 2.81124E-19 1.47585E-17 3.50950E-17 7.70459E-24 1.04928E-18 6.04821E-19 4.73200E-22 5.48938E-22 8.83918E-18 3.59763E-18 1.39767E-24 9.88685E-24
 1.30974E-17 1.24011E-17 2.18854E-18 1.60769E-18 0.00000E+00 8.49140E-20 3.47631E-22 1.64881E-19 2.42984E-26 3.36180E-17 6.12276E-24 1.24441E-18 1.73752E-25 2.80748E-19 1.46377E-17 3.49596E-17 1.16547E-23 1.31960E-18 5.99111E-19 6.59035E-22 6.10668E-22 9.22681E-18 3.50920E-18 2.15594E-24 1.08838E-23
 1.28348E-17 1.33911E-17 2.22044E-18 1.63060E-18 0.00000E+00 8.88466E-20 3.47658E-22 1.57349E-19 5.17458E-26 3.32772E-17 9.01673E-24 1.27087E-18 2.83037E-25 2.80361E-19 1.44955E-17 3.48138E-17 1.89327E-23 1.77159E-18 5.93578E-19 9.85992E-22 6.82685E-22 9.64540E-18 3.41661E-18 3.57510E-24 1.20408E-23
 1.25715E-17 1.47161E-17 2.25499E-18 1.65904E-18 0.00000E+00 9.32885E-20 3.47708E-22 1.48687E-19 1.30797E-25 3.29256E-17 1.46024E-23 1.30205E-18 5.04258E-25 2.79859E-19 1.43145E-17 3.46558E-17 3.38353E-23 2.60550E-18 5.88196E-19 1.63164E-21 7.66295E-22 1.00914E-17 3.31665E-18 6.52859E-24 1.33786E-23
 1.23095E-17 1.68138E-17 2.29180E-18 1.69996E-18 0.00000E+00 9.84456E-20 3.47817E-22 1.40210E-19 4.17815E-25 3.25694E-17 2.73494E-23 1.34461E-18 1.02499E-24 2.79334E-19 1.40433E-17 3.44834E-17 6.88325E-23 4.34427E-18 5.82979E-19 3.11967E-21 8.61419E-22 1.05433E-17 3.20101E-18 1.36112E-23 1.49270E-23
 1.20554E-17 2.09723E-17 2.33088E-18 1.77035E-18 0.00000E+00 1.04931E-19 3.48106E-22 1.32174E-19 1.82054E-24 3.22321E-17 6.25453E-23 1.41529E-18 2.48517E-24 2.78746E-19 1.35670E-17 3.42904E-17 1.66467E-22 8.52192E-18 5.77888E-19 7.26719E-21 9.62282E-22 1.09372E-17 3.05187E-18 3.39033E-23 1.66944E-23
 1.18529E-17 3.05508E-17 2.31667E-18 1.90843E-18 0.00000E+00 1.15342E-19 3.49000E-22 1.55730E-19 1.07763E-23 3.20590E-17 1.69460E-22 1.55243E-18 7.57677E-24 2.78898E-19 1.26712E-17 3.40793E-17 4.78667E-22 1.91369E-17 5.73783E-19 1.88281E-20 1.05617E-21 1.11523E-17 2.84296E-18 1.00985E-22 1.88014E-23
 1.17970E-17 5.01268E-17 2.22319E-18 2.13616E-18 0.00000E+00 1.37012E-19 3.51649E-22 1.69182E-19 6.62545E-23 3.23300E-17 4.79788E-22 1.77962E-18 2.48550E-23 2.79609E-19 1.13737E-17 3.37953E-17 1.41407E-21 4.12346E-17 5.75527E-19 4.79993E-20 1.12509E-21 1.10760E-17 2.59418E-18 3.02626E-22 2.15225E-23
 1.18076E-17 7.79135E-17 2.22277E-18 2.38259E-18 0.00000E+00 1.80576E-19 3.57477E-22 1.65794E-19 2.92200E-22 3.27271E-17 1.01574E-21 2.02855E-18 5.77812E-23 2.78841E-19 1.01597E-17 3.34697E-17 3.50464E-21 7.20968E-17 5.81898E-19 9.88458E-20 1.16727E-21 1.06488E-17 2.36480E-18 7.04840E-22 2.47248E-23
 1.17347E-17 1.07234E-16 2.28372E-18 2.61704E-18 0.00000E+00 2.56211E-19 3.67478E-22 1.59848E-19 5.59070E-22 3.27586E-17 1.67036E-21 2.26744E-18 9.56321E-23 2.77680E-19 9.10690E-18 3.31252E-17 6.60945E-21 1.04291E-16 5.83164E-19 1.54248E-19 1.12945E-21 9.85150E-18 2.14117E-18 1.17535E-21 2.86070E-23
 1.15219E-17 1.29277E-16 2.31438E-18 2.84003E-18 0.00000E+00 3.71594E-19 3.82986E-22 1.52579E-19 7.85197E-22 3.22589E-17 2.26364E-21 2.49871E-18 1.23753E-22 2.76135E-19 8.13126E-18 3.27450E-17 1.03682E-20 1.28988E-16 5.78286E-19 1.96208E-19 1.03412E-21 8.62987E-18 1.90602E-18 1.53338E-21 3.30176E-23
 1.11925E-17 1.33379E-16 2.21202E-18 3.04033E-18 0.00000E+00 5.10531E-19 4.03671E-22 1.44884E-19 9.55753E-22 3.13137E-17 2.55020E-21 2.71142E-18 1.30436E-22 2.74176E-19 7.23268E-18 3.23045E-17 1.39637E-20 1.35052E-16 5.65008E-19 2.07181E-19 9.11773E-22 7.18593E-18 1.67114E-18 1.63589E-21 3.74009E-23
 1.08201E-17 1.19484E-16 1.96483E-18 3.20132E-18 0.00000E+00 6.34536E-19 4.26608E-22 1.37309E-19 1.06751E-21 3.01512E-17 2.52579E-21 2.88684E-18 1.21212E-22 2.72017E-19 6.46396E-18 3.17983E-17 1.68877E-20 1.22709E-16 5.51307E-19 1.92050E-19 8.08049E-22 5.90175E-18 1.46091E-18 1.53731E-21 4.12701E-23
 1.04529E-17 9.80391E-17 1.65972E-18 3.31751E-18 0.00000E+00 7.23668E-19 4.49336E-22 1.61013E-19 1.22845E-21 2.89141E-17 2.48237E-21 3.01779E-18 1.11133E-22 2.70532E-19 5.83529E-18 3.12664E-17 1.94842E-20 1.02010E-16 5.37368E-19 1.69556E-19 7.43784E-22 4.91810E-18 1.28334E-18 1.37151E-21 4.48382E-23
 1.00935E-17 7.67831E-17 1.36473E-18 3.39186E-18 0.00000E+00 7.80534E-19 4.71103E-22 1.76407E-19 1.50813E-21 2.76120E-17 2.52211E-21 3.10667E-18 1.06281E-22 2.69754E-19 5.32431E-18 3.06979E-17 2.22056E-20 8.10438E-17 5.28249E-19 1.48740E-19 7.14483E-22 4.18877E-18 1.13321E-18 1.20019E-21 4.86191E-23
 9.73168E-18 5.85696E-17 1.10715E-18 3.43051E-18 0.00000E+00 8.12855E-19 4.92222E-22 1.70042E-19 1.65022E-21 2.62218E-17 2.32608E-21 3.15988E-18 8.59755E-23 2.67386E-19 4.89343E-18 3.00846E-17 2.49405E-20 6.26908E-17 5.19284E-19 1.29077E-19 7.01920E-22 3.61475E-18 1.00188E-18 9.98884E-22 5.23454E-23
 9.35743E-18 4.37767E-17 8.91276E-19 3.43681E-18 0.00000E+00 8.25164E-19 5.13307E-22 1.63513E-19 1.78846E-21 2.47290E-17 2.10535E-21 3.18136E-18 4.34080E-23 2.64720E-19 4.51099E-18 2.94353E-17 2.77709E-20 4.74644E-17 5.12187E-19 1.10590E-19 6.98824E-22 3.11572E-18 8.82854E-19 7.18143E-22 5.65147E-23
 8.97513E-18 3.19815E-17 7.16889E-19 3.41532E-18 0.00000E+00 8.16738E-19 5.35950E-22 1.56477E-19 1.87178E-21 2.31557E-17 1.78619E-21 3.17684E-18 1.48483E-23 2.61789E-19 4.12761E-18 2.86493E-17 2.96319E-20 3.54045E-17 5.06469E-19 8.83940E-20 6.76361E-22 2.57553E-18 7.68986E-19 2.82537E-22 6.14794E-23
 8.63262E-18 2.22407E-17 5.85741E-19 3.36913E-18 0.00000E+00 7.72646E-19 5.64830E-22 1.49035E-19 1.65438E-21 2.16012E-17 1.14538E-21 3.15308E-18 9.76450E-24 2.58595E-19 3.62474E-18 2.73387E-17 2.63586E-20 2.63019E-17 4.99587E-19 5.24198E-20 5.51315E-22 1.75446E-18 6.47052E-19 1.86801E-22 6.82579E-23
 8.29754E-18 1.41415E-17 4.73670E-19 3.25963E-18 0.00000E+00 6.92887E-19 5.97090E-22 1.41196E-19 1.26175E-21 2.00132E-17 5.59431E-22 3.07060E-18 5.07071E-24 2.55351E-19 3.08678E-18 2.57110E-17 1.99563E-20 1.89887E-17 4.93809E-19 2.34061E-20 3.87473E-22 9.85715E-19 5.29189E-19 9.46879E-23 7.67490E-23
 7.93401E-18 7.98210E-18 3.73484E-19 3.07798E-18 0.00000E+00 5.95354E-19 6.29445E-22 1.37594E-19 8.66435E-22 1.83595E-17 2.12519E-22 2.91813E-18 2.08157E-24 2.52060E-19 2.56388E-18 2.38219E-17 1.33017E-20 1.33634E-17 4.85642E-19 7.97413E-21 2.44104E-22 4.51640E-19 4.21786E-19 3.56987E-23 8.62161E-23
 7.48976E-18 4.02465E-18 2.85029E-19 2.82668E-18 0.00000E+00 5.03561E-19 6.58598E-22 1.57158E-19 6.28760E-22 1.66123E-17 8.06863E-23 2.69493E-18 7.57295E-25 2.48871E-19 2.11464E-18 2.18684E-17 8.89397E-21 9.37507E-18 4.72494E-19 2.62972E-21 1.57196E-22 1.82520E-19 3.31211E-19 1.08074E-23 9.49997E-23
 6.95171E-18 1.83699E-18 2.11597E-19 2.51203E-18 0.00000E+00 4.22401E-19 6.84293E-22 1.65595E-19 5.05909E-22 1.48169E-17 3.73247E-23 2.40622E-18 2.67301E-25 2.45316E-19 1.74677E-18 1.99355E-17 6.49689E-21 6.62537E-18 4.42636E-19 1.05168E-21 1.11964E-22 6.94795E-20 2.57696E-19 2.71856E-24 1.02126E-22
 6.33362E-18 7.59718E-19 1.53498E-19 2.14313E-18 0.00000E+00 3.48293E-19 7.07122E-22 1.59775E-19 4.25470E-22 1.30418E-17 2.14592E-23 2.06097E-18 1.10991E-25 2.40648E-19 1.44620E-18 1.79766E-17 5.21211E-21 4.69953E-18 4.09062E-19 5.47054E-22 8.82954E-23 2.62582E-20 1.98925E-19 1.01408E-24 1.07123E-22
 5.66587E-18 2.77658E-19 1.09004E-19 1.74507E-18 0.00000E+00 2.79959E-19 7.27282E-22 1.51617E-19 3.76475E-22 1.13558E-17 1.41137E-23 1.68401E-18 4.95795E-26 2.35460E-19 1.18787E-18 1.60301E-17 4.41196E-21 3.27619E-18 3.72585E-19 3.27273E-22 7.33840E-23 1.01821E-20 1.51597E-19 4.20087E-25 1.10255E-22
 4.97268E-18 8.74197E-20 7.57058E-20 1.34996E-18 0.00000E+00 2.18914E-19 7.44437E-22 1.42012E-19 3.40818E-22 9.79773E-18 9.45112E-24 1.30680E-18 2.60077E-26 2.29692E-19 9.61480E-19 1.40882E-17 3.80795E-21 2.22069E-18 3.31690E-19 1.98369E-22 6.17066E-23 4.51284E-21 1.13760E-19 2.03298E-25 1.11491E-22
 4.27612E-18 2.33781E-20 5.13612E-20 9.91485E-19 0.00000E+00 1.67572E-19 7.58200E-22 1.32097E-19 3.11183E-22 8.38751E-18 6.13658E-24 9.62372E-19 1.60191E-26 2.23079E-19 7.65726E-19 1.21660E-17 3.30740E-21 1.46277E-18 2.86384E-19 1.16284E-22 5.24880E-23 2.39240E-21 8.41595E-20 1.22359E-25 1.10453E-22
 3.59722E-18 5.41980E-21 3.40182E-20 6.94284E-19 0.00000E+00 1.27569E-19 7.68543E-22 1.21847E-19 2.88373E-22 7.12961E-18 3.83195E-24 6.75404E-19 1.16261E-26 2.15348E-19 6.05900E-19 1.03187E-17 2.91420E-21 9.44406E-19 2.39318E-19 6.55557E-23 4.55157E-23 1.40652E-21 6.18789E-20 8.69797E-26 1.07131E-22
 2.95796E-18 1.15268E-21 2.19999E-20 4.66716E-19 0.00000E+00 9.87458E-20 7.75912E-22 1.12178E-19 2.75981E-22 6.01867E-18 2.32394E-24 4.54779E-19 9.20192E-27 2.06298E-19 4.84900E-19 8.59604E-18 2.66022E-21 6.02576E-19 1.95681E-19 3.61018E-23 4.10326E-23 8.78078E-22 4.57535E-20 6.73605E-26 1.02807E-22
 2.38004E-18 2.18836E-22 1.38946E-20 3.02800E-19 0.00000E+00 7.95758E-20 7.80966E-22 1.30023E-19 2.81623E-22 5.04317E-18 1.41231E-24 2.95422E-19 7.89014E-27 1.95451E-19 3.86429E-19 7.10127E-18 2.49576E-21 3.74080E-19 1.54092E-19 1.90703E-23 3.81018E-23 5.60503E-22 3.37618E-20 5.54483E-26 9.77854E-23
 1.87463E-18 3.76351E-23 8.56774E-21 1.90215E-19 0.00000E+00 6.74561E-20 7.84348E-22 1.30967E-19 2.91739E-22 4.18396E-18 8.30309E-25 1.85758E-19 7.27172E-27 1.81207E-19 3.08222E-19 5.78768E-18 2.40706E-21 2.26301E-19 1.16092E-19 9.82978E-24 3.64214E-23 3.73260E-22 2.48493E-20 4.91664E-26 9.19575E-23
 1.44598E-18 6.30873E-24 5.15349E-21 1.15772E-19 0.00000E+00 5.93382E-20 7.86554E-22 1.20783E-19 3.03967E-22 3.42186E-18 4.76626E-25 1.13140E-19 7.26200E-27 1.62608E-19 2.48298E-19 4.63619E-18 2.41298E-21 1.33898E-19 8.42101E-20 5.13219E-24 3.62234E-23 2.63622E-22 1.82641E-20 4.79226E-26 8.55581E-23
 1.09286E-18 1.14986E-24 3.01969E-21 6.82209E-20 0.00000E+00 5.23455E-20 7.87956E-22 1.10783E-19 3.29892E-22 2.74234E-18 2.92540E-25 6.67099E-20 7.93405E-27 1.39429E-19 2.01345E-19 3.64854E-18 2.52702E-21 7.73564E-20 5.83767E-20 2.87320E-24 3.76550E-23 1.96348E-22 1.33062E-20 5.10664E-26 7.89078E-23
 8.09664E-19 2.70401E-25 1.72068E-21 3.88761E-20 0.00000E+00 4.43493E-20 7.88823E-22 1.01059E-19 3.68977E-22 2.13876E-18 2.09566E-25 3.80394E-20 9.41433E-27 1.11756E-19 1.62050E-19 2.80922E-18 2.72951E-21 4.33714E-20 3.74851E-20 1.87266E-24 4.03853E-23 1.51162E-22 9.46976E-21 5.90609E-26 7.19346E-23
 5.88079E-19 9.15712E-26 9.51559E-22 2.14154E-20 0.00000E+00 3.45714E-20 7.89342E-22 9.15140E-20 4.25563E-22 1.61367E-18 1.90384E-25 2.09722E-20 1.19937E-26 8.18224E-20 1.28861E-19 2.10691E-18 3.04145E-21 2.35883E-20 2.21248E-20 1.54202E-24 4.46949E-23 1.18827E-22 6.52149E-21 7.32241E-26 6.45716E-23
 4.18756E-19 3.83625E-26 5.09538E-22 1.14115E-20 0.00000E+00 2.40274E-20 7.89642E-22 8.28948E-20 5.08924E-22 1.17486E-18 2.36469E-25 1.11903E-20 1.63054E-26 5.35623E-20 1.00822E-19 1.53712E-18 3.51128E-21 1.24328E-20 1.19713E-20 1.73785E-24 5.12839E-23 9.45113E-23 4.32510E-21 9.67428E-26 5.67034E-23
 2.92347E-19 1.69949E-26 2.63537E-22 5.88963E-21 0.00000E+00 1.46603E-20 7.89811E-22 9.04735E-20 6.47544E-22 8.28963E-19 3.57127E-25 5.79134E-21 2.37266E-26 3.09248E-20 7.67686E-20 1.10902E-18 4.22194E-21 6.41396E-21 5.47155E-21 2.30905E-24 6.12921E-23 7.48323E-23 2.78024E-21 1.35293E-25 4.81900E-23
 2.00156E-19 7.45166E-27 1.31298E-22 2.95051E-21 0.00000E+00 7.87151E-21 7.89903E-22 8.19832E-20 8.32108E-22 5.75094E-19 5.70317E-25 2.91697E-21 3.59802E-26 1.53776E-20 5.80364E-20 7.80854E-19 5.25057E-21 3.22939E-21 2.33500E-21 3.35657E-24 7.58907E-23 5.94188E-23 1.75316E-21 1.99315E-25 3.85629E-23
 1.34446E-19 3.20089E-27 6.28328E-23 1.45344E-21 0.00000E+00 3.75556E-21 7.89951E-22 7.44117E-20 1.16690E-21 4.02542E-19 9.36623E-25 1.45302E-21 5.79305E-26 6.47230E-21 4.35836E-20 5.51982E-19 7.14286E-21 1.61278E-21 1.02643E-21 5.04592E-24 1.03143E-22 4.84843E-23 1.11781E-21 3.12273E-25 2.86783E-23
 8.85356E-20 1.34017E-27 2.87944E-23 7.41492E-22 0.00000E+00 1.61177E-21 7.89975E-22 6.75107E-20 1.89512E-21 2.90323E-19 1.50971E-24 7.57331E-22 9.94788E-26 2.25675E-21 3.26031E-20 3.96802E-19 1.12872E-20 8.37151E-22 5.00082E-22 7.50690E-24 1.63751E-22 4.14024E-23 7.37121E-22 5.23075E-25 1.96742E-23
 5.70006E-20 5.39528E-28 1.25975E-23 4.31922E-22 0.00000E+00 6.26811E-22 7.89985E-22 6.09488E-20 3.69146E-21 2.12368E-19 2.38915E-24 4.55358E-22 1.83894E-25 6.51702E-22 2.33302E-20 2.82347E-19 2.13881E-20 4.84608E-22 2.52278E-22 1.09704E-23 3.15122E-22 3.66988E-23 4.93762E-22 9.44470E-25 1.25036E-23
 3.57442E-20 2.03893E-28 5.24265E-24 2.99674E-22 0.00000E+00 2.14390E-22 7.89989E-22 5.42994E-20 8.87009E-21 1.50669E-19 3.79809E-24 3.26909E-22 3.72843E-25 1.56458E-22 1.32910E-20 1.81029E-19 4.94439E-20 3.17433E-22 1.03459E-22 1.57102E-23 7.65182E-22 3.24487E-23 3.16881E-22 1.85990E-24 7.65943E-24
 2.17955E-20 7.00145E-29 2.06915E-24 2.23265E-22 7.06850E-23 5.40652E-23 7.89992E-22 4.56800E-20 1.91917E-20 1.01747E-19 5.71374E-24 2.17316E-22 8.10889E-25 2.68718E-23 0.00000E+00 8.51162E-20 9.93222E-20 1.81122E-22 2.28416E-23 1.96825E-23 1.78884E-21 2.46937E-23 1.84043E-22 3.84965E-24 5.24933E-24
 1.29096E-20 2.30512E-29 7.70679E-25 1.65449E-22 1.01738E-20 7.15426E-24 7.89993E-22 3.67094E-20 2.36060E-20 6.77686E-20 8.38411E-24 1.79888E-22 1.93141E-24 3.20624E-24 0.00000E+00 3.81869E-20 1.10742E-19 1.37396E-22 4.12455E-24 2.35065E-23 2.63480E-21 1.88692E-23 1.05486E-22 8.71353E-24 5.67437E-24
 7.41797E-21 7.78242E-30 2.69561E-25 1.48169E-22 1.26526E-20 1.12885E-24 7.89994E-22 3.23998E-20 2.02125E-20 4.59623E-20 1.45783E-23 1.67748E-22 5.18723E-24 1.04386E-24 0.00000E+00 2.82897E-20 8.87752E-20 1.25162E-22 1.92790E-24 3.80755E-23 2.75671E-21 2.00157E-23 6.78956E-23 2.30835E-23 8.55341E-24
 4.11790E-21 2.50543E-30 8.77363E-26 1.44671E-22 1.36022E-20 2.59441E-25 7.89994E-22 2.96556E-20 1.66328E-20 3.06800E-20 2.67490E-23 1.65555E-22 1.66307E-23 6.89334E-25 0.00000E+00 2.38868E-20 6.94111E-20 1.23096E-22 1.13063E-24 6.75823E-23 2.70392E-21 2.24512E-23 4.42097E-23 7.39919E-23 1.39636E-23
 2.20759E-21 7.63728E-31 2.67215E-26 1.45107E-22 1.43876E-20 6.00962E-26 7.89994E-22 2.72538E-20 1.38301E-20 1.94984E-20 5.16023E-23 1.66761E-22 6.87994E-23 5.43432E-25 0.00000E+00 2.04415E-20 5.52213E-20 1.24203E-22 5.69818E-25 1.26525E-22 2.62571E-21 2.66651E-23 2.75914E-23 3.10286E-22 2.33266E-23
 1.13926E-21 2.17739E-31 7.54792E-27 1.49906E-22 1.51560E-20 1.20746E-26 7.89994E-22 2.50454E-20 1.16682E-20 1.16600E-20 1.08664E-22 1.71957E-22 3.07062E-22 4.53858E-25 0.00000E+00 1.75206E-20 4.47790E-20 1.29000E-22 2.06983E-25 2.58274E-22 2.54472E-21 3.53129E-23 1.62115E-23 1.42705E-21 3.93695E-23
 5.64879E-22 5.67110E-32 1.96437E-27 1.60742E-22 1.60331E-20 2.05312E-27 7.89993E-22 2.29974E-20 9.78901E-21 6.58805E-21 2.53135E-22 1.82539E-22 1.07647E-21 3.93098E-25 0.00000E+00 1.47326E-20 3.61378E-20 1.39244E-22 4.29132E-26 5.75822E-22 2.43182E-21 4.82731E-23 8.90286E-24 4.90233E-21 6.67797E-23
 2.67808E-22 1.32812E-32 4.63582E-28 1.71300E-22 1.69777E-20 2.51704E-28 7.89993E-22 2.10412E-20 8.16053E-21 3.53296E-21 6.39502E-22 1.92954E-22 2.34811E-21 3.53416E-25 0.00000E+00 1.21646E-20 2.89870E-20 1.49514E-22 3.74573E-27 1.36733E-21 2.29798E-21 5.99889E-23 4.58705E-24 9.60417E-21 1.21503E-22
 1.21256E-22 2.87914E-33 1.00043E-28 1.64164E-22 1.72558E-20 1.80094E-29 7.89993E-22 1.91369E-20 7.20182E-21 1.80929E-21 1.63715E-21 1.86694E-22 2.79198E-21 3.28234E-25 0.00000E+00 1.05825E-20 2.49083E-20 1.43620E-22 1.59519E-28 3.30177E-21 2.24050E-21 6.18573E-23 2.30517E-24 1.03778E-20 2.33207E-22
 5.22938E-23 5.66588E-34 1.95742E-29 1.53262E-22 1.71422E-20 1.18192E-30 7.89992E-22 1.72055E-20 6.50946E-21 8.86871E-22 4.07702E-21 1.76126E-22 2.46121E-21 2.85161E-25 0.00000E+00 9.30077E-21 2.20589E-20 1.34140E-22 1.59002E-29 7.51868E-21 2.20305E-21 5.87306E-23 1.12288E-24 8.54519E-21 3.77387E-22
 2.13465E-23 9.91320E-35 3.43752E-30 1.47055E-22 1.73746E-20 7.39660E-32 7.89991E-22 1.48485E-20 5.75455E-21 4.03908E-22 9.88405E-21 1.70311E-22 2.05940E-21 2.18683E-25 0.00000E+00 7.63049E-21 1.90678E-20 1.29046E-22 5.64467E-30 1.57438E-20 2.12606E-21 5.70817E-23 5.07145E-25 6.88032E-21 5.75302E-22
 8.21277E-24 1.53322E-35 5.36796E-31 1.41363E-22 1.78540E-20 4.43516E-33 7.89990E-22 1.16856E-20 5.03632E-21 1.68837E-22 2.04629E-20 1.65465E-22 1.74486E-21 1.45365E-25 0.00000E+00 5.63573E-21 1.63044E-20 1.24501E-22 2.82913E-30 2.81292E-20 2.03201E-21 5.89519E-23 2.11644E-25 5.64706E-21 8.80766E-22
 2.96323E-24 2.07744E-36 7.30928E-32 1.33365E-22 1.80711E-20 3.09698E-34 7.89988E-22 8.21099E-21 4.54741E-21 6.49279E-23 3.05343E-20 1.58496E-22 1.54765E-21 9.71643E-26 0.00000E+00 3.83504E-21 1.44578E-20 1.17626E-22 1.78775E-30 3.82311E-20 1.97299E-21 6.69292E-23 8.42867E-26 4.84931E-21 1.35773E-21
 9.96539E-25 2.34901E-37 8.23907E-33 1.26465E-22 1.77452E-20 2.65156E-35 7.89988E-22 5.89957E-21 4.27425E-21 2.29876E-23 3.43180E-20 1.51389E-22 1.41066E-21 7.80455E-26 0.00000E+00 2.77019E-21 1.34415E-20 1.11412E-22 1.55980E-30 4.10596E-20 1.95509E-21 7.82875E-23 3.40308E-26 4.32931E-21 1.92891E-21
 3.12836E-25 2.34556E-38 8.15872E-34 1.23157E-22 1.73008E-20 2.53222E-36 7.89988E-22 4.88096E-21 4.11435E-21 7.53846E-24 3.55755E-20 1.47902E-22 1.30790E-21 7.31709E-26 0.00000E+00 2.35969E-21 1.28486E-20 1.08208E-22 1.65014E-30 4.16044E-20 1.96007E-21 8.79382E-23 1.57281E-26 3.96911E-21 2.35326E-21
 9.09451E-26 2.00910E-39 6.92864E-35 1.22026E-22 1.67338E-20 2.27842E-37 7.89989E-22 4.47663E-21 3.96861E-21 2.27831E-24 3.66767E-20 1.45939E-22 1.22922E-21 7.28845E-26 0.00000E+00 2.23037E-21 1.23203E-20 1.06917E-22 1.82457E-30 4.22635E-20 1.96447E-21 9.43199E-23 9.45039E-27 3.68160E-21 2.55577E-21
 2.43252E-26 1.45612E-40 4.98105E-36 1.21702E-22 1.61330E-20 1.79282E-38 7.89989E-22 4.27737E-21 3.82403E-21 6.73554E-25 3.77946E-20 1.44395E-22 1.17240E-21 7.39349E-26 0.00000E+00 2.19145E-21 1.18077E-20 1.06349E-22 2.02842E-30 4.30789E-20 1.96532E-21 9.89949E-23 7.44781E-27 3.44582E-21 2.62928E-21
 5.94324E-27 8.80436E-42 2.98918E-37 1.21619E-22 1.55619E-20 1.19211E-39 7.89989E-22 4.12959E-21 3.67941E-21 2.32608E-25 3.88614E-20 1.43186E-22 1.11586E-21 7.53021E-26 0.00000E+00 2.17287E-21 1.13049E-20 1.06008E-22 2.24508E-30 4.39079E-20 1.96247E-21 1.03002E-22 6.82876E-27 3.23132E-21 2.65331E-21
 1.31184E-27 4.38606E-43 1.47844E-38 1.21600E-22 1.51058E-20 6.57419E-41 7.89989E-22 3.98078E-21 3.55648E-21 7.42828E-26 3.99775E-20 1.42751E-22 1.05818E-21 7.69642E-26 0.00000E+00 2.16701E-21 1.08884E-20 1.05687E-22 2.51362E-30 4.48762E-20 1.96285E-21 1.07441E-22 6.54599E-27 3.04280E-21 2.66587E-21
 2.55666E-28 1.82169E-44 5.92994E-40 1.21596E-22 1.47187E-20 2.95674E-42 7.89989E-22 3.84269E-21 3.43132E-21 2.16306E-26 4.10478E-20 1.42666E-22 9.96739E-22 7.85587E-26 0.00000E+00 2.15740E-21 1.04689E-20 1.05395E-22 2.79112E-30 4.58044E-20 1.95941E-21 1.11709E-22 6.39493E-27 2.86425E-21 2.67213E-21
 4.46537E-29 0.00000E+00 1.89974E-41 1.21595E-22 1.43801E-20 1.06499E-43 7.89989E-22 3.71413E-21 3.32739E-21 5.72648E-27 4.21828E-20 1.42641E-22 9.47224E-22 8.02910E-26 0.00000E+00 2.15485E-21 1.01308E-20 1.05081E-22 3.11942E-30 4.68304E-20 1.95844E-21 1.16445E-22 6.26659E-27 2.71536E-21 2.67907E-21
 6.91780E-30 0.00000E+00 4.79244E-43 1.21595E-22 1.40220E-20 2.80260E-45 7.89989E-22 3.57464E-21 3.20903E-21 1.35689E-27 4.32139E-20 1.42431E-22 9.05850E-22 8.18068E-26 0.00000E+00 2.13679E-21 9.74875E-21 1.04806E-22 3.43203E-30 4.77370E-20 1.95107E-21 1.20694E-22 6.11761E-27 2.57778E-21 2.68141E-21
 9.41711E-31 0.00000E+00 9.80909E-45 1.21595E-22 1.35651E-20 0.00000E+00 7.89989E-22 3.43410E-21 3.07037E-21 2.84703E-28 4.40802E-20 1.41517E-22 8.67076E-22 8.29786E-26 0.00000E+00 2.09798E-21 9.30070E-21 1.04592E-22 3.69151E-30 4.84402E-20 1.93353E-21 1.24054E-22 5.93886E-27 2.44127E-21 2.67718E-21
 1.11576E-31 0.00000E+00 0.00000E+00 1.21595E-22 1.31802E-20 0.00000E+00 7.89989E-22 3.29803E-21 2.94740E-21 5.24783E-29 4.50066E-20 1.40889E-22 8.31559E-22 8.42778E-26 0.00000E+00 2.06453E-21 8.90793E-21 1.04356E-22 3.99750E-30 4.92341E-20 1.91871E-21 1.27853E-22 5.74362E-27 2.32003E-21 2.67438E-21
 1.13873E-32 0.00000E+00 0.00000E+00 1.21595E-22 1.25462E-20 0.00000E+00 7.89989E-22 3.16436E-21 2.79082E-21 8.39023E-30 4.56384E-20 1.38780E-22 7.81933E-22 8.49838E-26 0.00000E+00 1.99834E-21 8.40066E-21 1.04225E-22 4.17347E-30 4.96575E-20 1.88793E-21 1.29961E-22 5.51599E-27 2.17578E-21 2.66087E-21
 9.90287E-34 0.00000E+00 0.00000E+00 1.21595E-22 1.21570E-20 0.00000E+00 7.89989E-22 3.02080E-21 2.67072E-21 1.14734E-30 4.64711E-20 1.38250E-22 7.38632E-22 8.61203E-26 0.00000E+00 1.95139E-21 8.01806E-21 1.04020E-22 4.46718E-30 5.03606E-20 1.86585E-21 1.33379E-22 5.28363E-27 2.05796E-21 2.65372E-21
 7.24716E-35 0.00000E+00 0.00000E+00 1.21595E-22 1.19650E-20 0.00000E+00 7.89989E-22 2.89014E-21 2.58612E-21 1.37218E-31 4.75643E-20 1.38919E-22 7.05831E-22 8.77508E-26 0.00000E+00 1.92912E-21 7.75626E-21 1.03728E-22 4.91702E-30 5.13926E-20 1.85387E-21 1.38387E-22 5.05094E-27 1.96897E-21 2.65392E-21
 4.34460E-36 0.00000E+00 0.00000E+00 1.21595E-22 1.19053E-20 0.00000E+00 7.89989E-22 2.78069E-21 2.53803E-21 1.43715E-32 4.89449E-20 1.40349E-22 6.86209E-22 8.98767E-26 0.00000E+00 1.93146E-21 7.60553E-21 1.03354E-22 5.55606E-30 5.27604E-20 1.85180E-21 1.45093E-22 4.81731E-27 1.90868E-21 2.66155E-21
 1.28715E-37 0.00000E+00 0.00000E+00 1.21595E-22 1.15491E-20 0.00000E+00 7.89989E-22 2.65332E-21 2.43331E-21 1.30716E-33 4.98187E-20 1.39634E-22 6.57824E-22 9.10513E-26 0.00000E+00 1.88110E-21 7.26418E-21 1.03149E-22 5.93629E-30 5.35130E-20 1.82625E-21 1.48882E-22 4.55439E-27 1.81941E-21 2.65251E-21
 2.09566E-40 0.00000E+00 0.00000E+00 1.21595E-22 1.12539E-20 0.00000E+00 7.89989E-22 2.52950E-21 2.34289E-21 1.02461E-34 5.07676E-20 1.39521E-22 6.36670E-22 9.23595E-26 0.00000E+00 1.83577E-21 6.97116E-21 1.02924E-22 6.38730E-30 5.43613E-20 1.80292E-21 1.53180E-22 4.28645E-27 1.74426E-21 2.64476E-21
 8.96831E-44 0.00000E+00 0.00000E+00 1.21595E-22 1.08399E-20 0.00000E+00 7.89989E-22 2.39117E-21 2.22911E-21 6.86244E-36 5.14576E-20 1.38508E-22 6.08114E-22 9.32220E-26 0.00000E+00 1.76687E-21 6.61701E-21 1.02773E-22 6.70618E-30 5.49288E-20 1.76797E-21 1.56089E-22 4.00544E-27 1.65569E-21 2.62849E-21
 0.00000E+00 0.00000E+00 0.00000E+00 1.21595E-22 1.01561E-20 0.00000E+00 7.89989E-22 2.26426E-21 2.06535E-21 3.89572E-37 5.15287E-20 1.35288E-22 5.63114E-22 9.29909E-26 0.00000E+00 1.65636E-21 6.09766E-21 1.02806E-22 6.62222E-30 5.47583E-20 1.70738E-21 1.55328E-22 3.70477E-27 1.53306E-21 2.59339E-21
 0.00000E+00 0.00000E+00 0.00000E+00 1.21595E-22 9.80703E-21 0.00000E+00 7.89989E-22 2.15040E-21 1.96911E-21 1.85940E-38 5.22194E-20 1.34829E-22 5.33390E-22 9.38657E-26 0.00000E+00 1.60110E-21 5.79959E-21 1.02656E-22 6.95165E-30 5.53320E-20 1.67080E-21 1.58288E-22 3.42182E-27 1.45341E-21 2.57516E-21
 0.00000E+00 0.00000E+00 0.00000E+00 1.21594E-22 9.72574E-21 0.00000E+00 7.89989E-22 2.04825E-21 1.92296E-21 7.38277E-40 5.34632E-20 1.36086E-22 5.15984E-22 9.56866E-26 0.00000E+00 1.58745E-21 5.66453E-21 1.02354E-22 7.68310E-30 5.65603E-20 1.65401E-21 1.64581E-22 3.15289E-27 1.40664E-21 2.57126E-21
 0.00000E+00 0.00000E+00 0.00000E+00 1.21594E-22 9.61273E-21 0.00000E+00 7.89989E-22 1.97471E-21 1.88204E-21 2.41177E-41 5.47943E-20 1.37020E-22 5.00737E-22 9.75976E-26 0.00000E+00 1.57839E-21 5.54052E-21 1.02048E-22 8.51238E-30 5.78564E-20 1.63771E-21 1.71351E-22 2.88656E-27 1.36449E-21 2.56761E-21
 0.00000E+00 0.00000E+00 0.00000E+00 1.21594E-22 9.44189E-21 0.00000E+00 7.89989E-22 1.91031E-21 1.83791E-21 6.41795E-43 5.60875E-20 1.37506E-22 4.87292E-22 9.94113E-26 0.00000E+00 1.56406E-21 5.39795E-21 1.01771E-22 9.35854E-30 5.90891E-20 1.61793E-21 1.77911E-22 2.62280E-27 1.32298E-21 2.56125E-21
 0.00000E+00 0.00000E+00 0.00000E+00 1.21594E-22 9.19116E-21 0.00000E+00 7.89989E-22 1.80719E-21 1.75117E-21 1.40130E-44 5.68764E-20 1.37422E-22 4.66933E-22 1.00431E-25 0.00000E+00 1.51488E-21 5.14045E-21 1.01615E-22 9.87487E-30 5.98004E-20 1.58024E-21 1.81732E-22 2.35797E-27 1.26299E-21 2.54070E-21
 0.00000E+00 0.00000E+00 0.00000E+00 1.21594E-22 8.64746E-21 0.00000E+00 7.89989E-22 1.70155E-21 1.62522E-21 0.00000E+00 5.70123E-20 1.35118E-22 4.37616E-22 1.00404E-25 0.00000E+00 1.42579E-21 4.75299E-21 1.01612E-22 9.86167E-30 5.97706E-20 1.52152E-21 1.81642E-22 2.09408E-27 1.17961E-21 2.50252E-21
 0.00000E+00 0.00000E+00 0.00000E+00 1.21594E-22 8.21900E-21 0.00000E+00 7.89989E-22 1.61809E-21 1.53253E-21 0.00000E+00 5.74545E-20 1.33470E-22 4.16437E-22 1.00866E-25 0.00000E+00 1.35953E-21 4.45924E-21 1.01541E-22 1.00935E-29 6.00746E-20 1.47284E-21 1.83348E-22 1.84742E-27 1.11527E-21 2.47163E-21
 0.00000E+00 0.00000E+00 0.00000E+00 1.21594E-22 7.86254E-21 0.00000E+00 7.89989E-22 1.51292E-21 1.44444E-21 0.00000E+00 5.50801E-20 1.32629E-22 3.94667E-22 1.01268E-25 0.00000E+00 1.29228E-21 4.17849E-21 1.01479E-22 1.02991E-29 5.75924E-20 1.42328E-21 1.84826E-22 1.61459E-27 1.05260E-21 2.43900E-21
 0.00000E+00 0.00000E+00 0.00000E+00 1.21594E-22 7.67078E-21 0.00000E+00 7.89989E-22 1.43364E-21 1.40047E-21 0.00000E+00 5.35342E-20 1.33220E-22 3.82209E-22 1.02601E-25 0.00000E+00 1.25957E-21 4.02324E-21 1.01293E-22 1.10073E-29 5.59859E-20 1.39202E-21 1.89819E-22 1.40242E-27 1.01408E-21 2.41971E-21
 0.00000E+00 0.00000E+00 0.00000E+00 1.21594E-22 7.50050E-21 0.00000E+00 7.89989E-22 1.37991E-21 1.36473E-21 0.00000E+00 5.28297E-20 1.33536E-22 3.69068E-22 1.04188E-25 0.00000E+00 1.23741E-21 3.91046E-21 1.01082E-22 1.19153E-29 5.52259E-20 1.36490E-21 1.95973E-22 1.20665E-27 9.79716E-22 2.40193E-21
 0.00000E+00 0.00000E+00 0.00000E+00 1.21594E-22 7.46843E-21 0.00000E+00 7.89989E-22 1.32527E-21 1.35003E-21 0.00000E+00 5.26634E-20 1.35305E-22 3.61774E-22 1.06375E-25 0.00000E+00 1.23447E-21 3.86369E-21 1.00817E-22 1.32734E-29 5.50553E-20 1.34879E-21 2.04699E-22 1.02900E-27 9.59516E-22 2.39273E-21
 0.00000E+00 0.00000E+00 0.00000E+00 1.21594E-22 7.13976E-21 0.00000E+00 7.89989E-22 1.25058E-21 1.26940E-21 0.00000E+00 5.01962E-20 1.34202E-22 3.38887E-22 1.06777E-25 0.00000E+00 1.17386E-21 3.62247E-21 1.00764E-22 1.35364E-29 5.24831E-20 1.29852E-21 2.06346E-22 8.60929E-28 9.01918E-22 2.35493E-21
 0.00000E+00 0.00000E+00 0.00000E+00 1.21594E-22 6.87301E-21 0.00000E+00 7.89989E-22 1.18245E-21 1.21310E-21 0.00000E+00 4.84476E-20 1.33972E-22 3.24775E-22 1.07712E-25 0.00000E+00 1.13192E-21 3.45157E-21 1.00656E-22 1.41634E-29 5.06675E-20 1.25880E-21 2.10180E-22 7.12522E-28 8.61444E-22 2.32397E-21
 0.00000E+00 0.00000E+00 0.00000E+00 1.21594E-22 6.52875E-21 0.00000E+00 7.89989E-22 1.13856E-21 1.15828E-21 0.00000E+00 4.73327E-20 1.32415E-22 3.12651E-22 1.08325E-25 0.00000E+00 1.08116E-21 3.25642E-21 1.00593E-22 1.45314E-29 4.94138E-20 1.21343E-21 2.12469E-22 5.80669E-28 8.19536E-22 2.28832E-21
 0.00000E+00 0.00000E+00 0.00000E+00 1.21594E-22 6.00459E-21 0.00000E+00 7.89989E-22 1.03804E-21 1.05035E-21 0.00000E+00 4.31308E-20 1.29620E-22 2.86564E-22 1.07231E-25 0.00000E+00 9.85615E-22 2.92393E-21 1.00696E-22 1.37530E-29 4.50625E-20 1.14003E-21 2.07790E-22 4.63218E-28 7.48360E-22 2.22596E-21
 0.00000E+00 0.00000E+00 0.00000E+00 1.21594E-22 5.85618E-21 0.00000E+00 7.89989E-22 1.00306E-21 1.02904E-21 0.00000E+00 4.31319E-20 1.30191E-22 2.82653E-22 1.08829E-25 0.00000E+00 9.67031E-22 2.84649E-21 1.00530E-22 1.48134E-29 4.50021E-20 1.11402E-21 2.14225E-22 3.67488E-28 7.29518E-22 2.20111E-21
 0.00000E+00 0.00000E+00 0.00000E+00 1.21594E-22 5.74139E-21 0.00000E+00 7.89989E-22 9.61076E-22 1.00317E-21 0.00000E+00 4.27082E-20 1.31048E-22 2.76004E-22 1.10500E-25 0.00000E+00 9.51831E-22 2.77600E-21 1.00371E-22 1.60488E-29 4.45571E-20 1.08957E-21 2.21351E-22 2.86755E-28 7.09919E-22 2.17537E-21
 0.00000E+00 0.00000E+00 0.00000E+00 1.21594E-22 5.60620E-21 0.00000E+00 7.89989E-22 9.23427E-22 9.95080E-22 0.00000E+00 4.25963E-20 1.31919E-22 2.73079E-22 1.12362E-25 0.00000E+00 9.39151E-22 2.71762E-21 1.00233E-22 1.74309E-29 4.44026E-20 1.06811E-21 2.29035E-22 2.19759E-28 6.94476E-22 2.15308E-21
 0.00000E+00 0.00000E+00 0.00000E+00 1.21594E-22 5.44216E-21 0.00000E+00 7.89989E-22 8.76166E-22 9.56841E-22 0.00000E+00 4.15963E-20 1.32407E-22 2.61471E-22 1.13528E-25 0.00000E+00 9.11617E-22 2.60398E-21 1.00153E-22 1.83903E-29 4.33589E-20 1.03559E-21 2.34160E-22 1.64757E-28 6.65403E-22 2.11833E-21
 0.00000E+00 0.00000E+00 0.00000E+00 1.21593E-22 5.28535E-21 0.00000E+00 7.89989E-22 8.33993E-22 9.20900E-22 0.00000E+00 3.99443E-20 1.33075E-22 2.50620E-22 1.14821E-25 0.00000E+00 8.88424E-22 2.50296E-21 1.00083E-22 1.95185E-29 4.16702E-20 1.00534E-21 2.40004E-22 1.21012E-28 6.39133E-22 2.08382E-21
 0.00000E+00 0.00000E+00 0.00000E+00 1.21593E-22 4.94694E-21 0.00000E+00 7.89989E-22 7.69723E-22 8.41531E-22 0.00000E+00 3.57433E-20 1.31309E-22 2.29217E-22 1.14297E-25 0.00000E+00 8.24924E-22 2.27627E-21 1.00084E-22 1.90386E-29 3.73661E-20 9.47682E-22 2.37574E-22 8.62963E-29 5.87750E-22 2.02302E-21
 0.00000E+00 0.00000E+00 0.00000E+00 1.21594E-22 4.66822E-21 0.00000E+00 7.89989E-22 7.13671E-22 7.83448E-22 0.00000E+00 3.25619E-20 1.30579E-22 2.14575E-22 1.14379E-25 0.00000E+00 7.78878E-22 2.11469E-21 1.00061E-22 1.91108E-29 3.41168E-20 9.01347E-22 2.37953E-22 6.02142E-29 5.50500E-22 1.96982E-21
 0.00000E+00 0.00000E+00 0.00000E+00 1.21594E-22 4.30884E-21 0.00000E+00 7.89989E-22 6.37402E-22 6.92610E-22 0.00000E+00 2.77258E-20 1.29158E-22 1.91519E-22 1.12896E-25 0.00000E+00 7.05807E-22 1.87549E-21 1.00111E-22 1.78856E-29 2.91851E-20 8.35023E-22 2.31534E-22 4.00596E-29 4.95779E-22 1.89454E-21
 0.00000E+00 0.00000E+00 0.00000E+00 1.21594E-22 4.18845E-21 0.00000E+00 7.89989E-22 6.03142E-22 6.64476E-22 0.00000E+00 2.63555E-20 1.29663E-22 1.85531E-22 1.13926E-25 0.00000E+00 6.85236E-22 1.80422E-21 1.00034E-22 1.88080E-29 2.77871E-20 8.06110E-22 2.36370E-22 3.28707E-30 4.77903E-22 1.85226E-21
heat 1  photo-electric heating                       
heat 2  heating by coll. de-excitation of H2exc      
heat 3  dissociative heating of H2                   
heat 4  heating by formation of H2 on dust           
heat 5  heating by thermal accomodation on grains    
heat 6  heating by C photo-ionisation                
heat 7  cosmic ray heating                           
heat 8  background heating by OI                     
heat 9  IR background heating by CO ro-vib           
heat 10  PAH heating                                  
heat 11  IR background heating by H2O rot             
heat 12  background/formation heating by H2           
heat 13  IR background heating SiO rot                
cool 1  CII line cooling                             
cool 2  cooling by thermal accomodation on grains    
cool 3  OI line cooling                              
cool 4  CO rot & ro-vib cooling                      
cool 5  H2 line cooling                              
cool 6  SiII line cooling                            
cool 7  H2O rotational cooling                       
cool 8  13CO rot cooling                             
cool 9  OH rot cooling                               
cool 10  PAH recombination cooling                    
cool 11  SiO rot cooling                              
cool 12  NO rot cooling                               

JIline[erg/s/cm^2/sr]
       1   8.5827743e-07
       2   6.9211215e-06
       3   2.2226203e-05
       4   4.8905671e-05
       5   8.6917576e-05
       6   0.00013324686
       7   0.00018218446
       8   0.00022947590
       9   0.00027185625
      10   0.00029086221
      11   0.00023469250
      12   9.6762550e-05
      13   2.1891045e-05
      14   4.9092630e-06
      15   2.0655749e-06
      16   1.5189258e-06
      17   1.2705899e-06
      18   1.0621993e-06
      19   8.7369013e-07
      20   7.0670405e-07
      21   5.6051143e-07
      22   4.3445564e-07
      23   3.3281848e-07
      24   2.5262230e-07
      25   1.8988624e-07
      26   1.4154601e-07
      27   1.0476074e-07
      28   7.7008762e-08
      29   5.6283702e-08
      30   4.0865989e-08
      31   2.9515770e-08
      32   2.1197018e-08

 ----------------------------------------------
 ***  unshielded photo-dissociation rates   ***
 ***    H2:  2.737122260439915E-06  1/s
 ***    CO:  1.509142809182474E-05  1/s
 ----------------------------------------------
 