#J Iline[erg/s/cm^2/sr]
       1   8.5827743e-07
       2   6.9211215e-06
       3   2.2226203e-05
       4   4.8905671e-05
       5   8.6917576e-05
       6   0.00013324686
       7   0.00018218446
       8   0.00022947590
       9   0.00027185625
      10   0.00029086221
      11   0.00023469250
      12   9.6762550e-05
      13   2.1891045e-05
      14   4.9092630e-06
      15   2.0655749e-06
      16   1.5189258e-06
      17   1.2705899e-06
      18   1.0621993e-06
      19   8.7369013e-07
      20   7.0670405e-07
      21   5.6051143e-07
      22   4.3445564e-07
      23   3.3281848e-07
      24   2.5262230e-07
      25   1.8988624e-07
      26   1.4154601e-07
      27   1.0476074e-07
      28   7.7008762e-08
      29   5.6283702e-08
      30   4.0865989e-08
      31   2.9515770e-08
      32   2.1197018e-08
