 NH	T	H	H2	C	CO
131457000000	164.4	0.0293380994	0.9706415533	0.0001726768	9.12872311916363E-006
657380000000	164.4	0.0293189586	0.9706606147	0.0001726802	0.000009123
2760950000000	164.4	0.0293189586	0.9706606147	0.0001726802	0.000009125
11177600000000	164.4	0.0293189586	0.9706606147	0.0001726802	0.000009123
22108300000000	164.4	0.0293189586	0.9706606147	0.0001726802	0.000009123
36335000000000	164.4	0.0293189586	0.9706606147	0.0001726802	0.000009123
54817000000000	164.4	0.0293189586	0.9706606147	0.0001726802	0.000009123
78852000000000	164.4	0.0293189586	0.9706606147	0.0001726802	0.000009123
110128000000000	164.4	0.0293189586	0.9706606147	0.0001726802	0.000009123
150718000000000	164.4	0.0293189586	0.9706606147	0.0001726802	0.000009123
203466000000000	164.4	0.0293189586	0.9706606147	0.0001726802	0.000009123
272179000000000	164.4	0.0293189586	0.9706606147	0.0001726802	0.000009123
361390000000000	164.4	0.0293189586	0.9706606147	0.0001726802	0.000009123
477400000000000	164.4	0.0293189586	0.9706606147	0.0001726802	0.000009123
628120000000000	164.4	0.0293189586	0.9706606147	0.0001726802	0.000009123
824160000000000	164.4	0.0293189586	0.9706606147	0.0001726802	0.000009123
1078640000000000	164.4	0.0293189586	0.9706606147	0.0001726802	0.000009123
1410350000000000	164.4	0.0293189586	0.9706606147	0.0001726802	0.000009123
1840980000000000	164.4	0.0293189586	0.9706606147	0.0001726802	0.000009123
2400400000000000	164.4	0.0293189586	0.9706606147	0.0001726802	0.000009123
2641440000000000	164.4	0.0293189586	0.9706606147	0.0001726999	0.000009121
2905180000000000	164.4	0.0293189586	0.9706606147	0.0001726999	0.000009121
3195700000000000	164.4	0.0293189586	0.9706606147	0.0001726999	0.000009121
3515100000000000	164.4	0.0293189586	0.9706606147	0.0001726999	0.000009121
3866400000000000	164.4	0.029338097	0.9706414767	0.0001726965	9.120835813993E-006
4253700000000000	164.4	0.029338097	0.9706414767	0.0001726965	9.120835813993E-006
4678200000000000	164.4	0.029338097	0.9706414767	0.0001726965	9.120835813993E-006
5146900000000000	164.4	0.029338097	0.9706414767	0.0001726965	9.11886416768647E-006
5661000000000000	164.4	0.029338097	0.9706414767	0.0001726965	9.11886416768647E-006
6227600000000000	164.4	0.029338097	0.9706414767	0.0001726965	9.11886416768647E-006
6849900000000000	164.4	0.029338097	0.9706414767	0.0001726965	9.11886416768647E-006
7535000000000000	164.4	0.029338097	0.9706414767	0.0001726965	9.11886416768647E-006
8288100000000000	164.4	0.029338097	0.9706414767	0.0001726965	9.11689252137994E-006
9117400000000000	164.4	0.029338097	0.9706414767	0.0001726965	9.11689252137994E-006
10029200000000000	164.4	0.0293572347	0.9706223395	0.0001726931	9.1167127720493E-006
11033700000000000	164.4	0.0293572347	0.9706223395	0.0001726931	9.11474116461589E-006
12136000000000000	164.4	0.0293572347	0.9706223395	0.0001726931	9.11474116461589E-006
13351700000000000	164.4	0.0293572347	0.9706223395	0.0001727128	9.11276955718249E-006
14680900000000000	164.4	0.0293572347	0.9706223395	0.0001727128	9.11276955718249E-006
16154000000000000	164.4	0.0293763716	0.970603203	0.0001727094	9.11061832412098E-006
17771400000000000	164.4	0.0293763716	0.970603203	0.0001727094	9.11061832412098E-006
19543600000000000	164.4	0.0293763716	0.970603203	0.0001727094	9.10864675555917E-006
21501100000000000	164.4	0.0293763716	0.970603203	0.0001727094	9.10667518699736E-006
23644300000000000	164.4	0.0293955077	0.9705840672	0.000172706	9.10649564619212E-006
26013800000000000	164.4	0.0293955077	0.9705840672	0.0001727257	9.10452411650037E-006
28610300000000000	164.4	0.0293955077	0.9705840672	0.0001727257	9.10255258680862E-006
31474500000000000	164.4	0.0294204433	0.970559128	0.0001727564	9.10219612961054E-006
34627000000000000	164.4	0.0294204433	0.970559128	0.0001727564	9.10022425003307E-006
38089000000000000	164.4	0.0294395816	0.9705399902	0.0001727727	9.09807296741281E-006
41891000000000000	164.4	0.0294395816	0.9705399902	0.0001727727	9.09610112671766E-006
46085000000000000	164.4	0.0294587185	0.9705208339	0.000172789	0.000009092
50690000000000000	164.4	0.0294778553	0.9705016975	0.0001727856	9.08982695158141E-006
55760000000000000	164.4	0.0294778553	0.9705016975	0.0001727856	9.08588342578897E-006
61334000000000000	164.4	0.0294969913	0.9704825619	0.0001728019	9.08373255322467E-006
67475000000000000	164.4	0.0295161266	0.970463427	0.0001727985	9.07961008033493E-006
74225000000000000	164.4	0.0295352611	0.9704442929	0.0001728148	9.07548777000636E-006
81644000000000000	164.4	0.0295543948	0.9704251596	0.0001728114	9.07136562222934E-006
89805000000000000	164.4	0.0295735278	0.970406027	0.0001728277	9.06724363699425E-006
98791000000000000	164.4	0.0295926601	0.9703868951	0.000172844	9.06115028463861E-006
108704000000000000	164.4	0.0296117916	0.9703677641	0.0001728406	0.000009057
119526000000000000	164.4	0.0296309223	0.9703486337	0.0001728569	9.05093575260976E-006
131480000000000000	164.4	0.0296500523	0.9703295041	0.0001728732	9.0448430821253E-006
144670000000000000	164.4	0.0296691815	0.9703103753	0.0001728895	9.03875065185952E-006
159100000000000000	164.4	0.02968831	0.9702912472	0.0001729058	9.03265846179819E-006
174973000000000000	164.4	0.0297265641	0.9702529742	0.0001729187	9.02441713954836E-006
192493000000000000	164.4	0.0297456903	0.9702338484	0.000172935	9.0202968111319E-006
211767000000000000	164.4	0.0297648158	0.9702147234	0.0001729513	9.01223428544868E-006
232998000000000000	164.4	0.0298030644	0.9701764755	0.0001729642	0.000009006
256293000000000000	164.4	0.0298280669	0.9701514694	0.0001730146	8.99967782533402E-006
281858000000000000	164.4	0.0298471924	0.9701323246	0.0001730309	8.9935859881744E-006
310100000000000000	164.4	0.0298854424	0.9700940755	0.0001730438	8.98534605972172E-006
341130000000000000	164.4	0.0299045662	0.970074952	0.0001730601	8.9792550427585E-006
375250000000000000	164.4	0.0299236893	0.9700558294	0.0001730764	8.97119300840688E-006
412770000000000000	164.4	0.029942811	0.9700366883	0.0001730927	8.96510233384401E-006
454010000000000000	164.4	0.0299619326	0.9700175672	0.0001731287	0.000008957
499370000000000000	164.4	0.0299810534	0.9699984467	0.000173145	0.000008951
549370000000000000	164.4	0.0300001735	0.9699793271	0.0001731613	8.94486117922364E-006
604320000000000000	164.4	0.0300192922	0.9699601891	0.0001731776	8.9407425676973E-006
664730000000000000	164.4	0.0300384107	0.9699410709	0.0001731939	8.93465327050785E-006
731230000000000000	164.4	0.0300384107	0.9699410709	0.0001731939	8.93071122185552E-006
804330000000000000	164.4	0.0300384107	0.9699410709	0.0001732333	8.92676917320319E-006
884750000000000000	164.4	0.0300575279	0.9699219344	0.0001732299	8.92462206649861E-006
973300000000000000	164.4	0.0300575279	0.9699219344	0.0001732496	8.92068009562117E-006
1071030000000000000	164.4	0.0300575279	0.9699219344	0.0001732496	8.91870911018246E-006
1177250000000000000	164.4	0.0300575279	0.9699219344	0.0001732693	8.91673812474375E-006
1295790000000000000	164.4	0.0300384095	0.9699410327	0.0001732727	8.91691370006329E-006
1424680000000000000	164.4	0.0300384095	0.9699410327	0.0001732727	8.91691370006329E-006
1567960000000000000	164.4	0.0300384095	0.9699410327	0.0001732925	8.91691370006329E-006
1724670000000000000	164.4	0.030019291	0.9699601508	0.0001732959	8.91906052115736E-006
1896840000000000000	164.4	0.0300001717	0.9699792697	0.0001732993	8.91923632493324E-006
2086530000000000000	164.4	0.0300001711	0.9699792506	0.0001732993	8.92120725103741E-006
2294780000000000000	164.4	0.029981051	0.9699983703	0.000173283	8.92532538211944E-006
2524660000000000000	164.4	0.0299619302	0.9700174907	0.0001732864	8.92944367555298E-006
2777210000000000000	164.4	0.0299428086	0.9700366118	0.0001732898	8.93356213134765E-006
3054520000000000000	164.4	0.0299045632	0.9700748564	0.0001732769	8.93785693767337E-006
3359600000000000000	164.4	0.0298854394	0.9700939799	0.0001732804	0.000008942
3695700000000000000	164.4	0.0298663148	0.970113104	0.0001732641	8.94806620441365E-006
4065700000000000000	164.4	0.0298471895	0.970132229	0.0001732675	8.9541568460739E-006
4471800000000000000	164.4	0.0298089365	0.9701704811	0.0001732546	8.9604243783161E-006
4919100000000000000	164.4	0.029783937	0.9701954843	0.0001732041	8.96474819741148E-006
5411800000000000000	164.4	0.0297456868	0.9702337337	0.000173211	0.000008971
5952900000000000000	164.4	0.0297265606	0.9702528595	0.0001731947	8.97907715351387E-006
6547500000000000000	164.4	0.0296883059	0.9702911134	0.0001731818	8.98337383901179E-006
7202000000000000000	164.4	0.0296691774	0.9703102414	0.0001731655	8.99143643056415E-006
7922300000000000000	164.4	0.0296500482	0.9703293702	0.0001731492	8.99752792723058E-006
8714800000000000000	164.4	0.0296309182	0.9703484998	0.0001731329	9.00559111572413E-006
9585600000000000000	164.4	0.0296117875	0.9703676301	0.0001731166	9.00971164112312E-006
10543900000000000000	164.4	0.029592656	0.9703867612	0.00017312	9.01580385837763E-006
11595100000000000000	164.4	0.0295735243	0.9704059122	0.0001731037	9.02189649372944E-006
12759400000000000000	164.4	0.0295543913	0.9704250448	0.0001730874	0.000009026
14037100000000000000	164.4	0.0295352576	0.9704441781	0.0001730711	9.03211048363038E-006
15438500000000000000	164.4	0.0295161231	0.9704633122	0.0001730745	9.03623193820787E-006
16984100000000000000	164.4	0.0295161231	0.9704633122	0.0001730548	9.04017530802598E-006
18674100000000000000	164.4	0.0294969878	0.9704824471	0.0001730582	9.042325279098E-006
20549200000000000000	164.4	0.0294969878	0.9704824471	0.0001730385	9.04626872666847E-006
22599800000000000000	164.4	0.0294969878	0.9704824471	0.0001730385	9.05021217423895E-006
24856400000000000000	164.4	0.0294778524	0.9705016018	0.0001730222	9.05236256409757E-006
27349700000000000000	164.4	0.0294778524	0.9705016018	0.0001730222	9.05630608950123E-006
30080300000000000000	164.4	0.0294778524	0.9705016018	0.0001730025	9.05827785220306E-006
33088900000000000000	164.4	0.0294587162	0.9705207573	0.0001729862	9.06634384856358E-006
36396000000000000000	164.4	0.0294587162	0.9705207573	0.0001729664	9.0702874518035E-006
40034000000000000000	164.4	0.0294587162	0.9705207573	0.0001729664	9.07225925342346E-006
44042000000000000000	164.4	0.0294587162	0.9705207573	0.0001729467	9.07620285666337E-006
48441000000000000000	164.4	0.0294587168	0.9705207765	0.000172927	9.08014663894577E-006
53294000000000000000	164.4	0.0294395793	0.9705399136	0.0001729304	9.08426936603749E-006
58621000000000000000	164.4	0.0294395793	0.9705399136	0.0001729107	9.09018488765636E-006
64483000000000000000	164.4	0.0294395793	0.9705399136	0.000172891	9.09215672819598E-006
70923000000000000000	164.4	0.0294395798	0.9705399327	0.0001728713	9.09807242921433E-006
78022000000000000000	164.4	0.0294395798	0.9705399327	0.0001728515	0.000009102
85821000000000000000	164.4	0.0294204421	0.9705590898	0.0001728352	9.10811140914098E-006
94404000000000000000	164.4	0.0294204421	0.9705590898	0.0001728352	9.11205516814039E-006
103861000000000000000	164.4	0.0294146419	0.970564894	0.0001727814	9.11617320713322E-006
114267000000000000000	164.4	0.0293955071	0.9705840481	0.0001727651	9.12029617422502E-006
125603000000000000000	164.4	0.0293955071	0.9705840481	0.0001727257	9.12621076318366E-006
138172000000000000000	164.4	0.0293955077	0.9705840672	0.000172706	9.13212553218487E-006
152078000000000000000	164.4	0.0293763722	0.9706032221	0.0001726897	9.14019203275328E-006
167225000000000000000	164.4	0.0293763722	0.9706032221	0.0001726503	9.14610673855532E-006
183916000000000000000	164.4	0.0293572358	0.9706223777	0.000172634	9.15220206674152E-006
202355000000000000000	164.4	0.0293572358	0.9706223777	0.0001726142	9.1600884967861E-006
222549000000000000000	164.4	0.0293380988	0.9706415341	0.0001725782	9.16618422121731E-006
244802000000000000000	164.5	0.029318961	0.9706606913	0.0001725422	9.17425187160259E-006
269320000000000000000	164.5	0.0293189615	0.9706607104	0.0001725225	9.18016710861666E-006
296309000000000000000	164.5	0.029299823	0.9706798683	0.0001724864	9.1882351943716E-006
325876000000000000000	164.5	0.0292806831	0.9706990078	0.0001724504	9.19433165411409E-006
358430000000000000000	164.5	0.029261543	0.9707181672	0.0001724341	9.20042853569107E-006
394280000000000000000	164.5	0.0292424021	0.9707373274	0.0001723981	9.20455381694391E-006
433730000000000000000	164.5	0.0292232605	0.9707564883	0.0001723817	9.20867926105062E-006
477100000000000000000	164.5	0.0292041182	0.9707756499	0.0001723457	9.21280486802085E-006
524790000000000000000	164.5	0.0291849751	0.9707948124	0.0001723294	0.000009215
577320000000000000000	164.5	0.0291658312	0.9708139756	0.0001722934	9.21514058048957E-006
635000000000000000000	164.4	0.0291275406	0.9708522851	0.0001722804	9.21550422109732E-006
698550000000000000000	164.4	0.0291083945	0.9708714505	0.0001722641	9.21371402958746E-006
768380000000000000000	164.4	0.0290700994	0.9709097645	0.0001722512	9.20816106160374E-006
845210000000000000000	164.4	0.0290318013	0.9709480816	0.000172258	9.2026076553231E-006
929760000000000000000	164.4	0.0289877827	0.970992123	0.0001722111	9.19129627428705E-006
1022650000000000000000	164.4	0.0289494864	0.971030458	0.0001722179	9.17982693294962E-006
1124810000000000000000	164.4	0.0289111866	0.9710687768	0.0001722247	9.16441227778026E-006
1237050000000000000000	164.4	0.0288537308	0.971126251	0.0001722349	9.14523238445713E-006
1361620000000000000000	164.3	0.0287962683	0.9711837321	0.0001722648	9.12210552633129E-006
1493430000000000000000	164.3	0.0287387989	0.97124122	0.0001722947	0.000009095
1626240000000000000000	164.3	0.0286813233	0.9712987339	0.0001723049	0.000009068
1759040000000000000000	164.2	0.0286181948	0.9713618849	0.0001723206	9.03514476053316E-006
1891830000000000000000	164.2	0.028560716	0.9714193822	0.0001723702	9.00214834573985E-006
2024620000000000000000	164.2	0.0285032299	0.9714768671	0.0001724396	8.96717530565375E-006
2157390000000000000000	164.1	0.0284457375	0.9715343781	0.0001724893	8.93219830237732E-006
2290160000000000000000	164.1	0.0283882383	0.9715918958	0.0001725587	8.89327160676857E-006
2422920000000000000000	164	0.0283307318	0.9716494012	0.0001726281	8.85434012704676E-006
2555670000000000000000	164	0.028273219	0.9717069326	0.0001727172	8.81343120352405E-006
2688410000000000000000	164	0.0282101326	0.9717700217	0.0001727525	8.77078667564814E-006
2821140000000000000000	163.9	0.0281526166	0.9718275365	0.0001728417	8.72790300727158E-006
2953870000000000000000	163.9	0.0280950938	0.9718850581	0.0001729308	0.000008685
3085580000000000000000	163.8	0.0280375648	0.9719426057	0.00017302	8.64014752376115E-006
3218290000000000000000	163.8	0.0279800284	0.9720001409	0.0001731092	8.59527530187303E-006
3350990000000000000000	163.7	0.0279224852	0.9720576829	0.0001732181	8.548424446639E-006
3483680000000000000000	163.7	0.0278649346	0.9721152126	0.000173327	8.50156787619823E-006
3616400000000000000000	163.6	0.0278018909	0.972178259	0.000173382	0.000008453
3748000000000000000000	163.6	0.0277443383	0.9722358105	0.0001734909	8.40420604169078E-006
3880700000000000000000	163.5	0.0276867789	0.9722933687	0.0001735999	8.355368628247E-006
4013400000000000000000	163.4	0.0276292127	0.9723509338	0.0001737285	8.30652543192057E-006
4146000000000000000000	163.4	0.027571639	0.9724084865	0.0001738375	8.25570265670801E-006
4277600000000000000000	163.3	0.0275140592	0.9724660652	0.0001739465	8.20487402676171E-006
4410300000000000000000	163.3	0.0274510534	0.9725290539	0.0001740409	8.15243003592832E-006
4541900000000000000000	163.2	0.027393471	0.9725866352	0.0001741696	8.09962571203289E-006
4674500000000000000000	163.2	0.0273358811	0.9726442041	0.0001742786	8.04681497609176E-006
4807100000000000000000	163.1	0.027278285	0.9727017991	0.0001744073	0.000007994
4938700000000000000000	163	0.0272206816	0.9727593816	0.0001745361	7.94117490304483E-006
5071300000000000000000	163	0.0271630713	0.972816971	0.0001746846	7.8863713455182E-006
5202900000000000000000	162.9	0.0271054542	0.9728745672	0.0001748134	7.83156129863909E-006
5335500000000000000000	162.9	0.0270424912	0.9729375131	0.0001749077	7.77323580166074E-006
5467000000000000000000	162.8	0.0269848715	0.9729951119	0.0001750562	7.71842338706764E-006
5599600000000000000000	162.7	0.026927245	0.9730527175	0.0001752048	7.66163034400444E-006
5731100000000000000000	162.7	0.0268888234	0.9730911186	0.0001753301	7.60468043995643E-006
5862700000000000000000	162.6	0.0268311855	0.9731487356	0.0001754787	7.54590072496915E-006
5995200000000000000000	162.5	0.0267735407	0.9732063594	0.0001756273	7.48711404884686E-006
6166800000000000000000	162.4	0.0266966701	0.9732831889	0.0001758189	7.41464470325822E-006
6388700000000000000000	162.3	0.0266145317	0.9733652903	0.000176035	0.000007317
6678400000000000000000	162.2	0.0264992069	0.9734805533	0.000176352	7.19546275128707E-006
7055300000000000000000	162	0.0263453987	0.9736342992	0.0001767749	7.03070609539309E-006
7545100000000000000000	161.7	0.0261671373	0.973812482	0.0001772058	0.000006841
8180600000000000000000	161.4	0.0259170528	0.9740624032	0.0001779822	6.552352446633E-006
8905100000000000000000	160.9	0.0256232682	0.9743558894	0.0001790073	6.16380854617982E-006
9398700000000000000000	160.6	0.0253872002	0.9745918973	0.0001794885	5.95660768367225E-006
