NH	T	H	H2	C	CO
36505720000	15.85	0.0012528588	0.99874714	2.26361614459338E-007	0.0001920376
182528600000	15.85	0.0012528588	0.99874714	2.26298402615175E-007	0.0001920376
766660200000	15.85	0.0012528588	0.99874714	2.26298402615175E-007	0.0001920376
3102886000000	15.85	0.0012528588	0.99874714	2.26298402615175E-007	0.0001920376
6140691000000	15.85	0.0012528588	0.99874714	2.26298402615175E-007	0.0001920376
10092640000000	15.85	0.0012528588	0.99874714	2.26298402615175E-007	0.0001920376
15219070000000	15.85	0.0012528588	0.99874714	2.26298402615175E-007	0.0001920376
21897420000000	15.85	0.0012528588	0.99874714	2.26298402615175E-007	0.0001920376
30568290000000	15.85	0.0012528588	0.99874714	2.26298402615175E-007	0.0001920376
41852410000000	15.85	0.0012528588	0.99874714	2.26298402615175E-007	0.0001920376
56510770000000	15.85	0.0012528588	0.99874714	2.26298402615175E-007	0.0001920376
75564650000000	15.85	0.0012528588	0.99874714	2.26298402615175E-007	0.0001920376
100325700000000	15.85	0.0012528588	0.99874714	2.26298402615175E-007	0.0001920376
132566000000000	15.85	0.0012528588	0.99874714	2.26298402615175E-007	0.0001920376
174418500000000	15.85	0.0012528588	0.99874714	2.26298402615175E-007	0.0001920376
228886600000000	15.85	0.0012528588	0.99874714	2.26298402615175E-007	0.0001920376
299675300000000	15.85	0.0012528588	0.99874714	2.26298402615175E-007	0.0001920376
391590500000000	15.85	0.0012528588	0.99874714	2.26298402615175E-007	0.0001920376
511240300000000	15.85	0.0012528588	0.99874714	2.26298402615175E-007	0.0001920376
666635000000000	15.85	0.0012528588	0.99874714	2.26298402615175E-007	0.0001920376
733318500000000	15.85	0.0012528588	0.99874714	2.26298402615175E-007	0.0001920376
806710000000000	15.85	0.0012528588	0.99874714	2.26298402615175E-007	0.0001920376
887311000000000	15.85	0.0012528588	0.99874714	2.26298402615175E-007	0.0001920376
976123000000000	15.85	0.0012528588	0.99874714	2.26298402615175E-007	0.0001920376
1073345000000000	15.85	0.0012528588	0.99874714	2.26298402615175E-007	0.0001920376
1181479000000000	15.85	0.0012528588	0.99874714	2.26298402615175E-007	0.0001920376
1299627000000000	15.85	0.0012528588	0.99874714	2.26298402615175E-007	0.0001920376
1428790000000000	15.85	0.0012528588	0.99874714	2.26298402615175E-007	0.0001920376
1571969000000000	15.85	0.0012528588	0.99874714	2.26298402615175E-007	0.0001920376
1729166000000000	15.85	0.0012528588	0.99874714	2.26298402615175E-007	0.0001920376
1902382000000000	15.85	0.0012528588	0.99874714	2.26298402615175E-007	0.0001920376
2092621000000000	15.85	0.0012528588	0.99874714	2.26298402615175E-007	0.0001920376
2301883000000000	15.85	0.0012528588	0.99874714	2.26298402615175E-007	0.0001920376
2532171000000000	15.85	0.0012528588	0.99874714	2.26298402615175E-007	0.0001920376
2784488000000000	15.85	0.0012528588	0.99874714	2.26298402615175E-007	0.0001920376
3063837000000000	15.85	0.0012528588	0.99874714	2.26361614459481E-007	0.0001920376
3370221000000000	15.85	0.0012528588	0.99874714	2.26361614459481E-007	0.0001920376
3706643000000000	15.85	0.0012528588	0.99874714	2.26361614459481E-007	0.0001920376
4077107000000000	15.85	0.0012528588	0.99874714	2.26361614459481E-007	0.0001920376
4484618000000000	15.85	0.0012528588	0.99874714	2.26361614459481E-007	0.0001920376
4933180000000000	15.85	0.0012528588	0.99874714	2.26361614459481E-007	0.0001920376
5426798000000000	15.85	0.0012528588	0.99874714	2.26361614459481E-007	0.0001920376
5969478000000000	15.85	0.0012528588	0.99874714	2.26361614459481E-007	0.0001920376
6566226000000000	15.85	0.0012528588	0.99874714	2.26361614459481E-007	0.0001920376
7223049000000000	15.85	0.0012528588	0.99874714	2.26361614459481E-007	0.0001920376
7945954000000000	15.85	0.0012528588	0.99874714	2.26361614459481E-007	0.0001920376
8739950000000000	15.86	0.0012528588	0.99874714	2.26361614459481E-007	0.0001920376
9614040000000000	15.85	0.0012528588	0.99874714	2.26361614459481E-007	0.0001920376
10573250000000000	15.86	0.0012534901	0.9987465087	2.2636147137222E-007	0.0001920375
11634570000000000	15.86	0.0012534901	0.9987465087	2.2636147137222E-007	0.0001920375
12796030000000000	15.86	0.0012534901	0.9987465087	2.2636147137222E-007	0.0001920375
14077640000000000	15.86	0.0012534901	0.9987465087	2.2636147137222E-007	0.0001920375
15479400000000000	15.86	0.0012534901	0.9987465087	2.2636147137222E-007	0.0001920375
17031340000000000	15.86	0.0012534901	0.9987465087	2.26424683176569E-007	0.0001920375
18733480000000000	15.86	0.0012534901	0.9987465087	2.26424683176569E-007	0.0001920375
20605830000000000	15.86	0.0012534901	0.9987465087	2.26424683176569E-007	0.0001920375
22668410000000000	15.86	0.0012541214	0.9987458774	2.26424540049388E-007	0.0001920373
24941250000000000	15.86	0.0012541214	0.9987458774	2.26424540049388E-007	0.0001920373
27434380000000000	15.86	0.0012541214	0.9987458774	2.26424540049388E-007	0.0001920373
30177820000000000	15.86	0.0012541214	0.9987458774	2.26487751813779E-007	0.0001920373
33191600000000000	15.86	0.0012547527	0.9987452461	2.26487608646966E-007	0.0001920372
36505770000000000	15.87	0.0012547527	0.9987452461	2.26487608646966E-007	0.0001920372
40160350000000000	15.87	0.0012547527	0.9987452461	2.26487608646966E-007	0.0001920372
44175390000000000	15.87	0.0012547527	0.9987452461	2.265508203714E-007	0.0001920372
48590930000000000	15.87	0.0012553841	0.9987446147	2.2655067716481E-007	0.0001920371
53457030000000000	15.87	0.0012553841	0.9987446147	2.26613888849144E-007	0.0001920371
58803750000000000	15.87	0.0012560154	0.9987439834	2.26613745602921E-007	0.000192037
64681130000000000	15.88	0.0012560154	0.9987439834	2.26676957247297E-007	0.000192037
71149250000000000	15.88	0.0012560154	0.9987439834	2.26676957247297E-007	0.000192037
78258190000000000	15.88	0.0012566467	0.9987433521	2.26740025565718E-007	0.0001920369
86088000000000000	15.89	0.0012566467	0.9987433521	2.26803237170137E-007	0.0001920369
94698900000000000	15.89	0.001257278	0.9987427208	2.26866305368868E-007	0.0001920367
104130800000000000	15.89	0.001257278	0.9987427208	2.26866305368868E-007	0.0001920367
114543900000000000	15.9	0.0012579093	0.9987420894	0.000000227	0.0001920366
126058300000000000	15.9	0.0012579093	0.9987420894	2.27055796537019E-007	0.0001920366
138674100000000000	15.9	0.0012585407	0.9987414581	2.27182075980918E-007	0.0001920365
152491600000000000	15.92	0.0012585407	0.9987414581	2.2724528746561E-007	0.0001920365
167810800000000000	15.91	0.001259172	0.9987408268	2.27371566709906E-007	0.0001920364
184531900000000000	15.92	0.0012598033	0.9987401955	2.27497845794556E-007	0.0001920362
202955200000000000	15.93	0.0012598033	0.9987401955	2.27624268603967E-007	0.0001920362
223280800000000000	15.94	0.0012604346	0.9987395642	2.27750547449058E-007	0.0001920361
245608900000000000	15.95	0.0012604346	0.9987395642	2.27940181543376E-007	0.0001920993
270139900000000000	15.96	0.0012610659	0.9987389328	2.28066460108951E-007	0.0001920992
297173900000000000	15.97	0.0012610659	0.9987389328	2.28256094083398E-007	0.0001920992
326911400000000000	15.98	0.0012616972	0.9987383015	2.28445583654221E-007	0.0001920991
359652700000000000	16	0.0012616972	0.9987383015	2.28635217508798E-007	0.0001920991
395598000000000000	16.01	0.0012616972	0.9987383015	2.2882485136323E-007	0.0001920991
435147900000000000	16.03	0.0012616972	0.9987383015	0.000000229	0.0001920991
478602800000000000	16.04	0.0012616972	0.9987383015	2.29267330357144E-007	0.0001920991
526563200000000000	16.07	0.0012610659	0.9987389328	2.29457109254361E-007	0.0001920992
579129600000000000	16.08	0.0012610659	0.9987389328	2.29709954553525E-007	0.0001920992
637102600000000000	16.1	0.0012610659	0.9987389328	2.29836377203106E-007	0.0001920992
700782900000000000	16.13	0.0012604346	0.9987395642	2.30089367944661E-007	0.0001920993
770871200000000000	16.15	0.0012598033	0.9987401955	2.30279147601567E-007	0.0001920995
847968000000000000	16.18	0.001259172	0.9987408268	2.30468927498253E-007	0.0001921628
932775000000000000	16.2	0.0012585407	0.9987414581	2.30658707634863E-007	0.0001921629
1026292000000000000	16.23	0.001257278	0.9987427207	2.30722210805278E-007	0.0001921632
1128421000000000000	16.26	0.0012566467	0.9987433521	2.3084877985732E-007	0.0001921633
1241563000000000000	16.3	0.0012553841	0.9987446147	0.000000231	0.0001921635
1365719000000000000	16.33	0.0012541214	0.9987458774	0.000000231	0.0001921638
1501890000000000000	16.37	0.0012522274	0.9987477713	2.31102648860828E-007	0.0001921641
1652077000000000000	16.41	0.0012509648	0.998749034	2.31166152993759E-007	0.0001921644
1817284000000000000	16.45	0.0012490708	0.998750928	2.31103379284539E-007	0.0001921647
1999510000000000000	16.5	0.0012471768	0.998752822	2.31103817541011E-007	0.0001922283
2199759000000000000	16.54	0.0012446514	0.9987553473	0.000000231	0.0001922288
2419032000000000000	16.6	0.0012427574	0.9987572413	0.000000231	0.0001922292
2661332000000000000	16.65	0.0012402321	0.9987597667	2.30915786565342E-007	0.0001922296
2927662000000000000	16.71	0.0012370753	0.9987629234	2.30790090720859E-007	0.0001922303
3220023000000000000	16.77	0.00123455	0.9987654488	2.30664248271923E-007	0.0001922307
3542420000000000000	16.83	0.0012313932	0.9987686056	2.30475337714568E-007	0.0001922946
3895855000000000000	16.9	0.0012282364	0.9987717623	2.30349639365579E-007	0.0001922952
4286332000000000000	16.98	0.0012250796	0.9987749191	2.30097513017051E-007	0.0001922958
4714855000000000000	17.05	0.0012219228	0.998778076	2.29845385074883E-007	0.0001922964
5186430000000000000	17.13	0.0012181346	0.9987818642	2.29656614716125E-007	0.0001922971
5704059000000000000	17.22	0.0012143464	0.9987856524	2.2934141436167E-007	0.0001923611
6274750000000000000	17.31	0.0012105581	0.9987894407	0.000000229	0.0001923618
6902507000000000000	17.41	0.0012061384	0.9987938603	2.28647936257856E-007	0.0001923626
7592336000000000000	17.51	0.0012023501	0.9987976487	2.283327282919E-007	0.0001923634
8352250000000000000	17.61	0.0011979303	0.9988020684	0.000000228	0.0001924274
9187240000000000000	17.73	0.0011935105	0.9988064882	2.27639377472854E-007	0.0001924283
10102330000000000000	17.84	0.0011884593	0.9988115395	2.27324449106235E-007	0.0001924293
11113530000000000000	17.97	0.0011840394	0.9988159593	2.26946157847494E-007	0.0001924301
12224840000000000000	18.1	0.0011789881	0.9988210107	2.26568006469221E-007	0.0001924943
13446280000000000000	18.24	0.0011739367	0.998826062	2.2625306810529E-007	0.0001924953
14797850000000000000	18.38	0.0011688853	0.9988311135	2.25874909396756E-007	0.0001924962
16279570000000000000	18.54	0.0011638338	0.998836165	2.2555996434202E-007	0.0001925604
17901460000000000000	18.7	0.0011581508	0.998841848	2.25245158496693E-007	0.0001925615
19693520000000000000	18.87	0.0011530992	0.9988468995	2.24930206872138E-007	0.0001925625
21665780000000000000	19.04	0.0011474161	0.9988525826	2.24678612578185E-007	0.0001926268
23828250000000000000	19.23	0.0011417329	0.9988582658	2.2442701542124E-007	0.0001926279
26210960000000000000	19.42	0.0011360497	0.9988639491	2.24175415401256E-007	0.0001926922
28833920000000000000	19.62	0.0011297349	0.9988702638	0.000000224	0.0001926935
31717160000000000000	19.83	0.0011240515	0.9988759472	2.23798788170568E-007	0.0001926945
34890700000000000000	20.05	0.0011177366	0.9988822621	2.23610541845939E-007	0.000192759
38374580000000000000	20.28	0.0011114216	0.9988885771	2.23485513936976E-007	0.0001927602
42208820000000000000	20.52	0.0011051065	0.9988948922	2.2329726325156E-007	0.0001928246
46433450000000000000	20.76	0.0010981598	0.9989018389	2.23235594509618E-007	0.000192826
51078520000000000000	21.02	0.0010918445	0.9989081542	2.23110561779621E-007	0.0001928904
56184060000000000000	21.28	0.0010855292	0.9989144695	2.2311197233835E-007	0.0001928916
61800120000000000000	21.55	0.0010785822	0.9989214165	2.23050301098867E-007	0.0001929562
67986740000000000000	21.83	0.0010716352	0.9989283635	2.23115075630029E-007	0.0001930208
74783980000000000000	22.12	0.001064688	0.9989353107	2.23179851062012E-007	0.0001930221
82261890000000000000	22.42	0.0010577408	0.998942258	2.23244627394978E-007	0.0001930867
90490500000000000000	22.72	0.0010507934	0.9989492053	2.2337262926205E-007	0.000193088
99530000000000000000	23.04	0.001043846	0.9989561527	2.23563857982524E-007	0.0001931526
109520300000000000000	23.36	0.0010368984	0.9989631003	2.23818314875591E-007	0.0001932172
120431600000000000000	23.69	0.0010299508	0.9989700479	2.24072775307935E-007	0.0001932185
132443900000000000000	24.03	0.001023003	0.9989769957	2.24453692063891E-007	0.0001932831
145757300000000000000	24.38	0.0010160552	0.9989839435	2.248346141185E-007	0.0001933477
160272000000000000000	24.73	0.0010091073	0.9989908914	2.25278768743056E-007	0.0001934122
176288100000000000000	25.1	0.0010021592	0.9989978394	2.25786157257197E-007	0.0001934136
194005600000000000000	25.47	0.0009945794	0.9990054192	2.26356924101613E-007	0.0001934783
213324800000000000000	25.85	0.0009876312	0.9990123674	2.2692755612392E-007	0.0001935428
234645700000000000000	26.23	0.0009806829	0.9990193158	2.27624654225029E-007	0.0001936074
258168600000000000000	26.63	0.0009737345	0.9990262642	2.28384991533496E-007	0.000193672
283993500000000000000	27.03	0.0009667859	0.9990332127	2.29145339418692E-007	0.0001937366
312320800000000000000	27.44	0.0009598373	0.9990401613	0.00000023	0.0001937379
343650500000000000000	27.85	0.0009528886	0.99904711	2.30855759408956E-007	0.0001938025
377983000000000000000	28.27	0.0009459398	0.9990540588	2.31742602883997E-007	0.0001938671
415718500000000000000	28.69	0.0009389909	0.9990610077	2.32692690405084E-007	0.0001939317
457357300000000000000	29.12	0.0009326736	0.999067325	2.33579411296449E-007	0.0001939961
503099600000000000000	29.56	0.0009257245	0.9990742741	2.34466291660784E-007	0.0001940607
553345800000000000000	30	0.0009187753	0.9990812232	2.35353184362725E-007	0.0001941253
608696300000000000000	30.44	0.0009124578	0.9990875408	2.36113473242604E-007	0.0001941897
669551400000000000000	30.88	0.0009055084	0.9990944901	2.36810687693824E-007	0.0001941911
736511500000000000000	31.33	0.000898559	0.9991014396	2.37381443307852E-007	0.0001942557
810177200000000000000	31.77	0.0008922412	0.9991077574	2.37762352389463E-007	0.0001943201
891148900000000000000	32.22	0.0008852915	0.999114707	0.000000238	0.0001943215
980327100000000000000	32.68	0.0008783418	0.9991216568	2.37892131190781E-007	0.0001943861
1078013000000000000000	33.13	0.0008713919	0.9991286066	2.37640842007264E-007	0.0001944507
1186106000000000000000	33.58	0.000864442	0.9991355566	2.37073367190101E-007	0.000194452
1305207000000000000000	34.03	0.0008574919	0.9991425066	2.36189700141076E-007	0.0001944534
1432316000000000000000	34.48	0.0008505418	0.9991494568	2.35053071569173E-007	0.000194518
1560424000000000000000	34.92	0.0008435915	0.999156407	2.33663476195317E-007	0.0001945193
1687531000000000000000	35.31	0.0008372731	0.9991627255	2.32210476456115E-007	0.0001945205
1815637000000000000000	35.68	0.0008315864	0.9991684122	2.30630835398147E-007	0.0001945216
1943742000000000000000	36.02	0.0008258996	0.999174099	2.29114415226133E-007	0.0001945228
2070847000000000000000	36.34	0.0008208446	0.9991791539	2.27534594674671E-007	0.0001945237
2198952000000000000000	36.61	0.0008164215	0.9991835771	0.000000226	0.0001945246
2327056000000000000000	36.87	0.0008119983	0.9991880002	2.24437861574642E-007	0.0001945255
2455159000000000000000	37.13	0.0008075751	0.9991924235	2.22857854448397E-007	0.0001945263
2583262000000000000000	37.33	0.0008037838	0.9991962148	2.21340933663236E-007	0.0001945271
2711364000000000000000	37.53	0.0007999924	0.9992000062	2.19824001366352E-007	0.0001945278
2839466000000000000000	37.71	0.0007956978	0.9992043008	2.18169085798716E-007	0.0001944056
2967568000000000000000	37.88	0.0007925403	0.9992074584	2.1665295175926E-007	0.0001944062
3096670000000000000000	38.03	0.0007893827	0.9992106159	2.15263210492455E-007	0.0001944068
3224771000000000000000	38.17	0.0007862251	0.9992137735	2.13810259065072E-007	0.0001943442
3352871000000000000000	38.3	0.0007836991	0.9992162996	2.12420365778552E-007	0.0001943447
3481972000000000000000	38.41	0.000781173	0.9992188257	0.000000211	0.0001943452
3610072000000000000000	38.5	0.0007786469	0.9992213518	2.09703759979599E-007	0.0001943457
3739172000000000000000	38.58	0.0007761208	0.9992238779	2.084402498028E-007	0.0001943462
3868272000000000000000	38.65	0.0007742262	0.9992257725	2.07176602297335E-007	0.0001943466
3996371000000000000000	38.71	0.0007717	0.9992282987	2.05913080141642E-007	0.0001943471
4125470000000000000000	38.76	0.0007698054	0.9992301933	2.04712624669493E-007	0.0001943474
4254569000000000000000	38.79	0.0007679108	0.9992320879	2.03512164645018E-007	0.0001943478
4383668000000000000000	38.81	0.0007666477	0.999233351	2.02374774817403E-007	0.000194348
4512767000000000000000	38.82	0.0007647531	0.9992352456	2.01237509301859E-007	0.0001942852
4640865000000000000000	38.82	0.00076349	0.9992365087	2.0010011300461E-007	0.0001942855
4769964000000000000000	38.81	0.0007622269	0.9992377718	1.99089119621988E-007	0.0001942857
4900062000000000000000	38.78	0.0007609638	0.9992390349	0.000000198	0.0001942859
5029160000000000000000	38.75	0.0007597007	0.999240298	0.000000197	0.0001942862
5158258000000000000000	38.7	0.0007590692	0.9992409296	0.000000196	0.0001942863
5287356000000000000000	38.64	0.0007578061	0.9992421927	0.000000195	0.0001942866
5416454000000000000000	38.57	0.0007571745	0.9992428242	1.94097072312686E-007	0.0001942867
5545552000000000000000	38.49	0.000756543	0.9992434558	1.93212349424543E-007	0.0001942868
5675650000000000000000	38.4	0.0007559114	0.9992440874	1.92264422123336E-007	0.0001942869
5804748000000000000000	38.3	0.0007559114	0.9992440874	1.91442779294717E-007	0.0001942237
5972875000000000000000	38.17	0.0007552798	0.9992447189	1.90431646941412E-007	0.0001942238
6192040000000000000000	37.98	0.0007552798	0.9992447189	1.8885156358017E-007	0.0001942238
6476255000000000000000	37.69	0.0007546483	0.9992453505	1.86513158087868E-007	0.000194224
6845534000000000000000	37.24	0.0007552798	0.999244719	1.83289670147884E-007	0.0001941606
7325898000000000000000	36.53	0.0007571745	0.9992428243	1.79054707233465E-007	0.0001940971
7950374000000000000000	35.34	0.0007622269	0.999237772	1.73934367392031E-007	0.0001939697
8504806000000000000000	33.18	0.0007792784	0.9992207205	1.69380868500952E-007	0.00019384
8781032000000000000000	29.97	0.0008170534	0.9991829455	1.71884762399907E-007	0.0001938921
8920152000000000000000	26.88	0.0008625465	0.9991374524	1.78769720117415E-007	0.0001938833
8989215000000000000000	24.02	0.0009130896	0.9990869093	1.85210478312478E-007	0.0001938102
9023247000000000000000	22.52	0.0009427812	0.9990572176	1.88872399307747E-007	0.0001937412
9041264000000000000000	21.67	0.0009617324	0.9990382664	0.000000191	0.0001937375
9054277000000000000000	21.12	0.0009743661	0.9990256327	1.92470507968595E-007	0.0001936719
9069292000000000000000	20.62	0.0009857362	0.9990142626	1.93606434941902E-007	0.0001936697
9088311000000000000000	20.1	0.0009983693	0.9990016295	1.94742089795951E-007	0.000193604
9110333000000000000000	19.04	0.0010261611	0.9989738377	1.96759910315694E-007	0.0001935354
9121345000000000000000	18.97	0.0010274243	0.9989725745	1.97075792069586E-007	0.0001935351
9137361000000000000000	18.93	0.0010286875	0.9989713113	1.97391673024599E-007	0.0001935349
9156381000000000000000	18.87	0.0010299508	0.9989700481	1.97581101276169E-007	0.0001935346
9182408000000000000000	18.78	0.0010324772	0.9989675216	1.97770278964699E-007	0.0001935342
9215442000000000000000	18.67	0.0010350036	0.9989649952	0.000000198	0.0001935337
9259487000000000000000	18.49	0.0010394248	0.998960574	1.9833793168925E-007	0.0001935328
9281510000000000000000	18.45	0.001040688	0.9989593108	1.98527356708238E-007	0.0001935326
 
