# NH                 T_gas  H            H2           C            CO
  1.5900e+14      71.6319   9.9987e-01   6.2352e-05   4.5960e-06   2.0807e-11
  1.6498e+14      71.6321   9.9987e-01   6.2352e-05   4.5960e-06   2.0809e-11
  1.7118e+14      71.6307   9.9987e-01   6.2353e-05   4.5959e-06   2.0811e-11
  1.7762e+14      71.6321   9.9987e-01   6.2352e-05   4.5960e-06   2.0813e-11
  1.8430e+14      71.6321   9.9987e-01   6.2352e-05   4.5960e-06   2.0815e-11
  1.9123e+14      71.6306   9.9987e-01   6.2368e-05   4.5942e-06   2.0812e-11
  1.9842e+14      71.6321   9.9987e-01   6.2352e-05   4.5960e-06   2.0820e-11
  2.0588e+14      71.6321   9.9987e-01   6.2352e-05   4.5960e-06   2.0822e-11
  2.1363e+14      71.6321   9.9987e-01   6.2352e-05   4.5960e-06   2.0824e-11
  2.2166e+14      71.6321   9.9987e-01   6.2353e-05   4.5960e-06   2.0826e-11
  2.2999e+14      71.6321   9.9987e-01   6.2353e-05   4.5960e-06   2.0828e-11
  2.3864e+14      71.6311   9.9987e-01   6.2354e-05   4.5960e-06   2.0830e-11
  2.4762e+14      71.6321   9.9987e-01   6.2353e-05   4.5960e-06   2.0832e-11
  2.5693e+14      71.6321   9.9987e-01   6.2353e-05   4.5960e-06   2.0834e-11
  2.6659e+14      71.6321   9.9987e-01   6.2353e-05   4.5961e-06   2.0837e-11
  2.7662e+14      71.6321   9.9987e-01   6.2353e-05   4.5961e-06   2.0839e-11
  2.8702e+14      71.6314   9.9987e-01   6.2370e-05   4.5941e-06   2.0835e-11
  2.9781e+14      71.6321   9.9987e-01   6.2354e-05   4.5961e-06   2.0843e-11
  3.0901e+14      71.6321   9.9987e-01   6.2354e-05   4.5961e-06   2.0845e-11
  3.2063e+14      71.6321   9.9987e-01   6.2354e-05   4.5961e-06   2.0847e-11
  3.3269e+14      71.6321   9.9987e-01   6.2354e-05   4.5961e-06   2.0849e-11
  3.4520e+14      71.6321   9.9987e-01   6.2354e-05   4.5961e-06   2.0851e-11
  3.5818e+14      71.6321   9.9987e-01   6.2355e-05   4.5961e-06   2.0853e-11
  3.7165e+14      71.6321   9.9987e-01   6.2355e-05   4.5961e-06   2.0856e-11
  3.8563e+14      71.6321   9.9987e-01   6.2355e-05   4.5961e-06   2.0858e-11
  4.0013e+14      71.6321   9.9987e-01   6.2355e-05   4.5961e-06   2.0860e-11
  4.1517e+14      71.6321   9.9987e-01   6.2355e-05   4.5961e-06   2.0862e-11
  4.3079e+14      71.6321   9.9987e-01   6.2356e-05   4.5961e-06   2.0864e-11
  4.4699e+14      71.6321   9.9987e-01   6.2356e-05   4.5961e-06   2.0866e-11
  4.6380e+14      71.6321   9.9987e-01   6.2356e-05   4.5961e-06   2.0868e-11
  4.8124e+14      71.6321   9.9987e-01   6.2356e-05   4.5961e-06   2.0870e-11
  4.9933e+14      71.6321   9.9987e-01   6.2357e-05   4.5961e-06   2.0873e-11
  5.1811e+14      71.6321   9.9987e-01   6.2357e-05   4.5961e-06   2.0875e-11
  5.3760e+14      71.6321   9.9987e-01   6.2357e-05   4.5961e-06   2.0877e-11
  5.5781e+14      71.6321   9.9987e-01   6.2358e-05   4.5961e-06   2.0879e-11
  5.7879e+14      71.6301   9.9987e-01   6.2387e-05   4.5928e-06   2.0872e-11
  6.0055e+14      71.6321   9.9987e-01   6.2358e-05   4.5961e-06   2.0883e-11
  6.2314e+14      71.6321   9.9987e-01   6.2359e-05   4.5961e-06   2.0885e-11
  6.4657e+14      71.6321   9.9987e-01   6.2359e-05   4.5961e-06   2.0887e-11
  6.7088e+14      71.6321   9.9987e-01   6.2359e-05   4.5961e-06   2.0890e-11
  6.9611e+14      71.6321   9.9987e-01   6.2360e-05   4.5961e-06   2.0892e-11
  7.2229e+14      71.6321   9.9987e-01   6.2360e-05   4.5961e-06   2.0894e-11
  7.4945e+14      71.6321   9.9987e-01   6.2361e-05   4.5961e-06   2.0896e-11
  7.7764e+14      71.6321   9.9987e-01   6.2361e-05   4.5961e-06   2.0898e-11
  8.0688e+14      71.6321   9.9987e-01   6.2361e-05   4.5961e-06   2.0900e-11
  8.3722e+14      71.6321   9.9987e-01   6.2362e-05   4.5961e-06   2.0902e-11
  8.6870e+14      71.6321   9.9987e-01   6.2362e-05   4.5961e-06   2.0904e-11
  9.0137e+14      71.6321   9.9987e-01   6.2363e-05   4.5961e-06   2.0906e-11
  9.3527e+14      71.6321   9.9987e-01   6.2363e-05   4.5961e-06   2.0909e-11
  9.7044e+14      71.6321   9.9987e-01   6.2364e-05   4.5961e-06   2.0911e-11
  1.0069e+15      71.6321   9.9987e-01   6.2365e-05   4.5961e-06   2.0913e-11
  1.0448e+15      71.6321   9.9987e-01   6.2365e-05   4.5961e-06   2.0915e-11
  1.0841e+15      71.6321   9.9987e-01   6.2365e-05   4.5961e-06   2.0917e-11
  1.1249e+15      71.6312   9.9987e-01   6.2371e-05   4.5956e-06   2.0918e-11
  1.1672e+15      71.6321   9.9987e-01   6.2367e-05   4.5961e-06   2.0921e-11
  1.2110e+15      71.6319   9.9987e-01   6.2368e-05   4.5961e-06   2.0923e-11
  1.2566e+15      71.6320   9.9987e-01   6.2368e-05   4.5961e-06   2.0926e-11
  1.3038e+15      71.6320   9.9987e-01   6.2369e-05   4.5961e-06   2.0928e-11
  1.3529e+15      71.6320   9.9987e-01   6.2370e-05   4.5961e-06   2.0930e-11
  1.4037e+15      71.6320   9.9987e-01   6.2371e-05   4.5961e-06   2.0932e-11
  1.4565e+15      71.6320   9.9987e-01   6.2371e-05   4.5961e-06   2.0934e-11
  1.5113e+15      71.6320   9.9987e-01   6.2372e-05   4.5961e-06   2.0936e-11
  1.5681e+15      71.6320   9.9987e-01   6.2373e-05   4.5961e-06   2.0938e-11
  1.6271e+15      71.6320   9.9987e-01   6.2374e-05   4.5961e-06   2.0941e-11
  1.6883e+15      71.6313   9.9987e-01   6.2375e-05   4.5962e-06   2.0943e-11
  1.7518e+15      71.6320   9.9987e-01   6.2376e-05   4.5961e-06   2.0945e-11
  1.8177e+15      71.6320   9.9987e-01   6.2377e-05   4.5962e-06   2.0947e-11
  1.8860e+15      71.6320   9.9987e-01   6.2378e-05   4.5962e-06   2.0949e-11
  1.9569e+15      71.6320   9.9987e-01   6.2379e-05   4.5962e-06   2.0951e-11
  2.0305e+15      71.6313   9.9987e-01   6.2380e-05   4.5962e-06   2.0953e-11
  2.1069e+15      71.6320   9.9987e-01   6.2381e-05   4.5962e-06   2.0955e-11
  2.1861e+15      71.6320   9.9987e-01   6.2382e-05   4.5962e-06   2.0958e-11
  2.2683e+15      71.6320   9.9987e-01   6.2384e-05   4.5962e-06   2.0960e-11
  2.3536e+15      71.6320   9.9987e-01   6.2385e-05   4.5962e-06   2.0962e-11
  2.4421e+15      71.6320   9.9987e-01   6.2386e-05   4.5962e-06   2.0964e-11
  2.5340e+15      71.6320   9.9987e-01   6.2388e-05   4.5962e-06   2.0966e-11
  2.6293e+15      71.6320   9.9987e-01   6.2389e-05   4.5962e-06   2.0968e-11
  2.7281e+15      71.6320   9.9987e-01   6.2391e-05   4.5962e-06   2.0970e-11
  2.8307e+15      71.6320   9.9987e-01   6.2392e-05   4.5962e-06   2.0973e-11
  2.9372e+15      71.6320   9.9987e-01   6.2394e-05   4.5962e-06   2.0975e-11
  3.0476e+15      71.6320   9.9987e-01   6.2396e-05   4.5962e-06   2.0977e-11
  3.1622e+15      71.6320   9.9987e-01   6.2397e-05   4.5962e-06   2.0979e-11
  3.2812e+15      71.6320   9.9987e-01   6.2399e-05   4.5962e-06   2.0981e-11
  3.4045e+15      71.6320   9.9987e-01   6.2401e-05   4.5962e-06   2.0983e-11
  3.5326e+15      71.6320   9.9987e-01   6.2403e-05   4.5962e-06   2.0985e-11
  3.6654e+15      71.6320   9.9987e-01   6.2405e-05   4.5962e-06   2.0987e-11
  3.8032e+15      71.6320   9.9987e-01   6.2407e-05   4.5962e-06   2.0990e-11
  3.9463e+15      71.6320   9.9987e-01   6.2409e-05   4.5962e-06   2.0992e-11
  4.0947e+15      71.6320   9.9987e-01   6.2412e-05   4.5962e-06   2.0994e-11
  4.2486e+15      71.6320   9.9987e-01   6.2414e-05   4.5962e-06   2.0996e-11
  4.4084e+15      71.6320   9.9987e-01   6.2416e-05   4.5962e-06   2.0998e-11
  4.5742e+15      71.6320   9.9987e-01   6.2419e-05   4.5963e-06   2.1000e-11
  4.7462e+15      71.6320   9.9987e-01   6.2422e-05   4.5963e-06   2.1002e-11
  4.9247e+15      71.6320   9.9987e-01   6.2424e-05   4.5963e-06   2.1005e-11
  5.1099e+15      71.6320   9.9987e-01   6.2427e-05   4.5963e-06   2.1007e-11
  5.3020e+15      71.6310   9.9987e-01   6.2430e-05   4.5963e-06   2.1009e-11
  5.5014e+15      71.6320   9.9987e-01   6.2433e-05   4.5963e-06   2.1011e-11
  5.7083e+15      71.6320   9.9987e-01   6.2436e-05   4.5963e-06   2.1013e-11
  5.9230e+15      71.6319   9.9987e-01   6.2440e-05   4.5963e-06   2.1015e-11
  6.1457e+15      71.6319   9.9987e-01   6.2443e-05   4.5963e-06   2.1018e-11
  6.3768e+15      71.6319   9.9987e-01   6.2447e-05   4.5963e-06   2.1020e-11
  6.6166e+15      71.6310   9.9987e-01   6.2450e-05   4.5963e-06   2.1022e-11
  6.8654e+15      71.6319   9.9987e-01   6.2454e-05   4.5963e-06   2.1024e-11
  7.1236e+15      71.6319   9.9987e-01   6.2458e-05   4.5963e-06   2.1026e-11
  7.3915e+15      71.6319   9.9987e-01   6.2462e-05   4.5963e-06   2.1028e-11
  7.6694e+15      71.6319   9.9987e-01   6.2466e-05   4.5963e-06   2.1030e-11
  7.9579e+15      71.6313   9.9987e-01   6.2479e-05   4.5954e-06   2.1030e-11
  8.2571e+15      71.6305   9.9987e-01   6.2477e-05   4.5962e-06   2.1034e-11
  8.5676e+15      71.6319   9.9987e-01   6.2480e-05   4.5964e-06   2.1037e-11
  8.8898e+15      71.6309   9.9987e-01   6.2485e-05   4.5964e-06   2.1039e-11
  9.2241e+15      71.6319   9.9987e-01   6.2490e-05   4.5964e-06   2.1041e-11
  9.5710e+15      71.6314   9.9987e-01   6.2495e-05   4.5964e-06   2.1043e-11
  9.9309e+15      71.6319   9.9987e-01   6.2501e-05   4.5964e-06   2.1046e-11
  1.0304e+16      71.6318   9.9987e-01   6.2507e-05   4.5964e-06   2.1048e-11
  1.0692e+16      71.6318   9.9987e-01   6.2513e-05   4.5964e-06   2.1050e-11
  1.1094e+16      71.6318   9.9987e-01   6.2519e-05   4.5964e-06   2.1052e-11
  1.1511e+16      71.6318   9.9987e-01   6.2525e-05   4.5964e-06   2.1054e-11
  1.1944e+16      71.6318   9.9987e-01   6.2532e-05   4.5964e-06   2.1056e-11
  1.2393e+16      71.6318   9.9987e-01   6.2539e-05   4.5965e-06   2.1059e-11
  1.2859e+16      71.6318   9.9987e-01   6.2546e-05   4.5965e-06   2.1061e-11
  1.3343e+16      71.6318   9.9987e-01   6.2553e-05   4.5965e-06   2.1063e-11
  1.3844e+16      71.6317   9.9987e-01   6.2561e-05   4.5965e-06   2.1065e-11
  1.4365e+16      71.6317   9.9987e-01   6.2569e-05   4.5965e-06   2.1067e-11
  1.4905e+16      71.6317   9.9987e-01   6.2577e-05   4.5965e-06   2.1070e-11
  1.5466e+16      71.6317   9.9987e-01   6.2586e-05   4.5965e-06   2.1072e-11
  1.6047e+16      71.6317   9.9987e-01   6.2595e-05   4.5965e-06   2.1074e-11
  1.6651e+16      71.6317   9.9987e-01   6.2604e-05   4.5965e-06   2.1076e-11
  1.7277e+16      71.6316   9.9987e-01   6.2614e-05   4.5965e-06   2.1078e-11
  1.7927e+16      71.6316   9.9987e-01   6.2623e-05   4.5966e-06   2.1081e-11
  1.8601e+16      71.6316   9.9987e-01   6.2634e-05   4.5966e-06   2.1083e-11
  1.9300e+16      71.6316   9.9987e-01   6.2645e-05   4.5966e-06   2.1085e-11
  2.0026e+16      71.6316   9.9987e-01   6.2656e-05   4.5966e-06   2.1087e-11
  2.0779e+16      71.6316   9.9987e-01   6.2667e-05   4.5966e-06   2.1089e-11
  2.1561e+16      71.6316   9.9987e-01   6.2679e-05   4.5966e-06   2.1092e-11
  2.2371e+16      71.6315   9.9987e-01   6.2692e-05   4.5967e-06   2.1094e-11
  2.3213e+16      71.6311   9.9987e-01   6.2706e-05   4.5966e-06   2.1096e-11
  2.4086e+16      71.6315   9.9987e-01   6.2718e-05   4.5967e-06   2.1098e-11
  2.4991e+16      71.6315   9.9987e-01   6.2732e-05   4.5967e-06   2.1100e-11
  2.5931e+16      71.6315   9.9987e-01   6.2747e-05   4.5967e-06   2.1103e-11
  2.6906e+16      71.6314   9.9987e-01   6.2761e-05   4.5967e-06   2.1105e-11
  2.7918e+16      71.6314   9.9987e-01   6.2777e-05   4.5967e-06   2.1107e-11
  2.8968e+16      71.6314   9.9987e-01   6.2793e-05   4.5968e-06   2.1109e-11
  3.0057e+16      71.6313   9.9987e-01   6.2810e-05   4.5968e-06   2.1112e-11
  3.1188e+16      71.6313   9.9987e-01   6.2828e-05   4.5968e-06   2.1114e-11
  3.2360e+16      71.6313   9.9987e-01   6.2846e-05   4.5968e-06   2.1116e-11
  3.3577e+16      71.6312   9.9987e-01   6.2864e-05   4.5968e-06   2.1118e-11
  3.4840e+16      71.6312   9.9987e-01   6.2884e-05   4.5969e-06   2.1121e-11
  3.6150e+16      71.6302   9.9987e-01   6.2904e-05   4.5969e-06   2.1123e-11
  3.7510e+16      71.6312   9.9987e-01   6.2925e-05   4.5969e-06   2.1125e-11
  3.8920e+16      71.6311   9.9987e-01   6.2947e-05   4.5969e-06   2.1127e-11
  4.0384e+16      71.6311   9.9987e-01   6.2970e-05   4.5970e-06   2.1130e-11
  4.1902e+16      71.6310   9.9987e-01   6.2993e-05   4.5970e-06   2.1132e-11
  4.3478e+16      71.6310   9.9987e-01   6.3018e-05   4.5970e-06   2.1134e-11
  4.5113e+16      71.6304   9.9987e-01   6.3043e-05   4.5971e-06   2.1137e-11
  4.6810e+16      71.6309   9.9987e-01   6.3069e-05   4.5971e-06   2.1139e-11
  4.8570e+16      71.6300   9.9987e-01   6.3096e-05   4.5971e-06   2.1141e-11
  5.0396e+16      71.6308   9.9987e-01   6.3125e-05   4.5971e-06   2.1144e-11
  5.2292e+16      71.6308   9.9987e-01   6.3154e-05   4.5971e-06   2.1146e-11
  5.4258e+16      71.6307   9.9987e-01   6.3185e-05   4.5972e-06   2.1148e-11
  5.6298e+16      71.6307   9.9987e-01   6.3217e-05   4.5972e-06   2.1150e-11
  5.8415e+16      71.6306   9.9987e-01   6.3250e-05   4.5972e-06   2.1153e-11
  6.0612e+16      71.6305   9.9987e-01   6.3284e-05   4.5973e-06   2.1155e-11
  6.2891e+16      71.6305   9.9987e-01   6.3319e-05   4.5973e-06   2.1158e-11
  6.5256e+16      71.6300   9.9987e-01   6.3358e-05   4.5972e-06   2.1159e-11
  6.7710e+16      71.6304   9.9987e-01   6.3395e-05   4.5974e-06   2.1162e-11
  7.0257e+16      71.6303   9.9987e-01   6.3435e-05   4.5974e-06   2.1165e-11
  7.2899e+16      71.6302   9.9987e-01   6.3476e-05   4.5974e-06   2.1167e-11
  7.5640e+16      71.6295   9.9987e-01   6.3519e-05   4.5975e-06   2.1170e-11
  7.8484e+16      71.6301   9.9987e-01   6.3563e-05   4.5975e-06   2.1172e-11
  8.1436e+16      71.6300   9.9987e-01   6.3610e-05   4.5976e-06   2.1174e-11
  8.4498e+16      71.6299   9.9987e-01   6.3658e-05   4.5976e-06   2.1177e-11
  8.7676e+16      71.6298   9.9987e-01   6.3708e-05   4.5976e-06   2.1179e-11
  9.0973e+16      71.6298   9.9987e-01   6.3760e-05   4.5977e-06   2.1182e-11
  9.4394e+16      71.6297   9.9987e-01   6.3814e-05   4.5977e-06   2.1184e-11
  9.7944e+16      71.6296   9.9987e-01   6.3870e-05   4.5978e-06   2.1187e-11
  1.0163e+17      71.6295   9.9987e-01   6.3928e-05   4.5978e-06   2.1189e-11
  1.0545e+17      71.6294   9.9987e-01   6.3989e-05   4.5979e-06   2.1192e-11
  1.0941e+17      71.6293   9.9987e-01   6.4052e-05   4.5979e-06   2.1194e-11
  1.1353e+17      71.6291   9.9987e-01   6.4117e-05   4.5980e-06   2.1197e-11
  1.1780e+17      71.6290   9.9987e-01   6.4185e-05   4.5980e-06   2.1199e-11
  1.2223e+17      71.6287   9.9987e-01   6.4256e-05   4.5980e-06   2.1201e-11
  1.2682e+17      71.6288   9.9987e-01   6.4329e-05   4.5982e-06   2.1204e-11
  1.3159e+17      71.6287   9.9987e-01   6.4405e-05   4.5982e-06   2.1207e-11
  1.3654e+17      71.6285   9.9987e-01   6.4484e-05   4.5983e-06   2.1209e-11
  1.4168e+17      71.6279   9.9987e-01   6.4568e-05   4.5982e-06   2.1212e-11
  1.4700e+17      71.6283   9.9987e-01   6.4653e-05   4.5984e-06   2.1215e-11
  1.5253e+17      71.6231   9.9987e-01   6.4892e-05   4.5822e-06   2.1171e-11
  1.5827e+17      71.6280   9.9987e-01   6.4834e-05   4.5986e-06   2.1220e-11
  1.6422e+17      71.6278   9.9987e-01   6.4931e-05   4.5986e-06   2.1223e-11
  1.7040e+17      71.6276   9.9987e-01   6.5031e-05   4.5987e-06   2.1225e-11
  1.7680e+17      71.6269   9.9987e-01   6.5135e-05   4.5988e-06   2.1228e-11
  1.8345e+17      71.6271   9.9987e-01   6.5243e-05   4.5989e-06   2.1231e-11
  1.9035e+17      71.6271   9.9987e-01   6.5356e-05   4.5990e-06   2.1234e-11
  1.9751e+17      71.6269   9.9987e-01   6.5473e-05   4.5990e-06   2.1237e-11
  2.0494e+17      71.6267   9.9987e-01   6.5595e-05   4.5991e-06   2.1239e-11
  2.1264e+17      71.6265   9.9987e-01   6.5722e-05   4.5992e-06   2.1242e-11
  2.2064e+17      71.6263   9.9987e-01   6.5854e-05   4.5993e-06   2.1245e-11
  2.2894e+17      71.6261   9.9987e-01   6.5992e-05   4.5994e-06   2.1248e-11
  2.3754e+17      71.6258   9.9987e-01   6.6135e-05   4.5995e-06   2.1251e-11
  2.4648e+17      71.6256   9.9987e-01   6.6284e-05   4.5996e-06   2.1254e-11
  2.5575e+17      71.6254   9.9987e-01   6.6439e-05   4.5997e-06   2.1257e-11
  2.6536e+17      71.6251   9.9987e-01   6.6600e-05   4.5998e-06   2.1260e-11
  2.7534e+17      71.6248   9.9986e-01   6.6769e-05   4.6000e-06   2.1263e-11
  2.8570e+17      71.6246   9.9986e-01   6.6944e-05   4.6001e-06   2.1266e-11
  2.9644e+17      71.6243   9.9986e-01   6.7126e-05   4.6002e-06   2.1269e-11
  3.0759e+17      71.6240   9.9986e-01   6.7316e-05   4.6003e-06   2.1273e-11
  3.1916e+17      71.6231   9.9986e-01   6.7514e-05   4.6005e-06   2.1276e-11
  3.3116e+17      71.6233   9.9986e-01   6.7721e-05   4.6006e-06   2.1279e-11
  3.4361e+17      71.6230   9.9986e-01   6.7936e-05   4.6007e-06   2.1282e-11
  3.5653e+17      71.6226   9.9986e-01   6.8161e-05   4.6009e-06   2.1286e-11
  3.6994e+17      71.6223   9.9986e-01   6.8395e-05   4.6010e-06   2.1289e-11
  3.8385e+17      71.6219   9.9986e-01   6.8639e-05   4.6012e-06   2.1293e-11
  3.9829e+17      71.6215   9.9986e-01   6.8893e-05   4.6014e-06   2.1296e-11
  4.1326e+17      71.6210   9.9986e-01   6.9159e-05   4.6015e-06   2.1300e-11
  4.2880e+17      71.6207   9.9986e-01   6.9436e-05   4.6017e-06   2.1303e-11
  4.4493e+17      71.6195   9.9986e-01   6.9725e-05   4.6019e-06   2.1307e-11
  4.6166e+17      71.6198   9.9986e-01   7.0028e-05   4.6021e-06   2.1311e-11
  4.7902e+17      71.6193   9.9986e-01   7.0344e-05   4.6023e-06   2.1314e-11
  4.9704e+17      71.6189   9.9986e-01   7.0673e-05   4.6025e-06   2.1318e-11
  5.1573e+17      71.6184   9.9986e-01   7.1018e-05   4.6027e-06   2.1322e-11
  5.3512e+17      71.6178   9.9986e-01   7.1378e-05   4.6029e-06   2.1326e-11
  5.5524e+17      71.6173   9.9985e-01   7.1755e-05   4.6031e-06   2.1330e-11
  5.7612e+17      71.6167   9.9985e-01   7.2149e-05   4.6033e-06   2.1334e-11
  5.9779e+17      71.6161   9.9985e-01   7.2561e-05   4.6036e-06   2.1338e-11
  6.2027e+17      71.6155   9.9985e-01   7.2992e-05   4.6038e-06   2.1343e-11
  6.4359e+17      71.6149   9.9985e-01   7.3443e-05   4.6041e-06   2.1347e-11
  6.6780e+17      71.6142   9.9985e-01   7.3916e-05   4.6043e-06   2.1351e-11
  6.9291e+17      71.6136   9.9985e-01   7.4412e-05   4.6046e-06   2.1356e-11
  7.1896e+17      71.6129   9.9985e-01   7.4931e-05   4.6049e-06   2.1360e-11
  7.4600e+17      71.6121   9.9985e-01   7.5476e-05   4.6052e-06   2.1365e-11
  7.7406e+17      71.6114   9.9985e-01   7.6047e-05   4.6055e-06   2.1370e-11
  8.0316e+17      71.6106   9.9984e-01   7.6646e-05   4.6058e-06   2.1375e-11
  8.3337e+17      71.6098   9.9984e-01   7.7276e-05   4.6061e-06   2.1380e-11
  8.6471e+17      71.6089   9.9984e-01   7.7937e-05   4.6065e-06   2.1385e-11
  8.9722e+17      71.6080   9.9984e-01   7.8632e-05   4.6068e-06   2.1390e-11
  9.3096e+17      71.6071   9.9984e-01   7.9363e-05   4.6072e-06   2.1395e-11
  9.6597e+17      71.6054   9.9984e-01   8.0135e-05   4.6073e-06   2.1400e-11
  1.0023e+18      71.6041   9.9984e-01   8.0948e-05   4.6075e-06   2.1405e-11
  1.0400e+18      71.6041   9.9983e-01   8.1795e-05   4.6083e-06   2.1412e-11
  1.0791e+18      71.6031   9.9983e-01   8.2695e-05   4.6087e-06   2.1418e-11
  1.1197e+18      71.6020   9.9983e-01   8.3644e-05   4.6092e-06   2.1424e-11
  1.1618e+18      71.6008   9.9983e-01   8.4645e-05   4.6096e-06   2.1430e-11
  1.2055e+18      71.5988   9.9983e-01   8.5703e-05   4.6101e-06   2.1436e-11
  1.2508e+18      71.5984   9.9982e-01   8.6822e-05   4.6105e-06   2.1442e-11
  1.2978e+18      71.5971   9.9982e-01   8.8005e-05   4.6110e-06   2.1449e-11
  1.3466e+18      71.5958   9.9982e-01   8.9259e-05   4.6116e-06   2.1456e-11
  1.3973e+18      71.5944   9.9982e-01   9.0588e-05   4.6121e-06   2.1463e-11
  1.4498e+18      71.5930   9.9981e-01   9.1998e-05   4.6126e-06   2.1470e-11
  1.5044e+18      71.5915   9.9981e-01   9.3495e-05   4.6132e-06   2.1477e-11
  1.5609e+18      71.5899   9.9981e-01   9.5087e-05   4.6138e-06   2.1484e-11
  1.6196e+18      71.5883   9.9980e-01   9.6782e-05   4.6144e-06   2.1492e-11
  1.6805e+18      71.5861   9.9980e-01   9.8588e-05   4.6151e-06   2.1500e-11
  1.7437e+18      71.5850   9.9980e-01   1.0052e-04   4.6157e-06   2.1508e-11
  1.8093e+18      71.5832   9.9979e-01   1.0257e-04   4.6164e-06   2.1516e-11
  1.8773e+18      71.5813   9.9979e-01   1.0478e-04   4.6171e-06   2.1525e-11
  1.9479e+18      71.5794   9.9978e-01   1.0714e-04   4.6178e-06   2.1534e-11
  2.0212e+18      71.5774   9.9978e-01   1.0967e-04   4.6186e-06   2.1543e-11
  2.0972e+18      71.5753   9.9977e-01   1.1239e-04   4.6194e-06   2.1552e-11
  2.1761e+18      71.5729   9.9977e-01   1.1532e-04   4.6202e-06   2.1562e-11
  2.2579e+18      71.5709   9.9976e-01   1.1848e-04   4.6211e-06   2.1572e-11
  2.3428e+18      71.5686   9.9975e-01   1.2190e-04   4.6220e-06   2.1582e-11
  2.4309e+18      71.5662   9.9975e-01   1.2560e-04   4.6229e-06   2.1592e-11
  2.5223e+18      71.5637   9.9974e-01   1.2962e-04   4.6238e-06   2.1603e-11
  2.6172e+18      71.5611   9.9973e-01   1.3399e-04   4.6248e-06   2.1614e-11
  2.7156e+18      71.5575   9.9972e-01   1.3877e-04   4.6252e-06   2.1624e-11
  2.8177e+18      71.5557   9.9971e-01   1.4397e-04   4.6269e-06   2.1638e-11
  2.9237e+18      71.5528   9.9970e-01   1.4969e-04   4.6280e-06   2.1650e-11
  3.0336e+18      71.5498   9.9969e-01   1.5598e-04   4.6292e-06   2.1663e-11
  3.1477e+18      71.5467   9.9967e-01   1.6293e-04   4.6304e-06   2.1676e-11
  3.2660e+18      71.5436   9.9966e-01   1.7062e-04   4.6316e-06   2.1690e-11
  3.3889e+18      71.5402   9.9964e-01   1.7918e-04   4.6329e-06   2.1704e-11
  3.5163e+18      71.5368   9.9962e-01   1.8874e-04   4.6343e-06   2.1719e-11
  3.6485e+18      71.5333   9.9960e-01   1.9945e-04   4.6357e-06   2.1734e-11
  3.7857e+18      71.5296   9.9958e-01   2.1153e-04   4.6371e-06   2.1750e-11
  3.9281e+18      71.5259   9.9955e-01   2.2522e-04   4.6387e-06   2.1766e-11
  4.0758e+18      71.5220   9.9952e-01   2.4081e-04   4.6403e-06   2.1783e-11
  4.2291e+18      71.5180   9.9948e-01   2.5869e-04   4.6419e-06   2.1801e-11
  4.3881e+18      71.5139   9.9944e-01   2.7932e-04   4.6436e-06   2.1820e-11
  4.5531e+18      71.5098   9.9939e-01   3.0331e-04   4.6454e-06   2.1839e-11
  4.7244e+18      71.5054   9.9934e-01   3.3143e-04   4.6473e-06   2.1860e-11
  4.9020e+18      71.5010   9.9927e-01   3.6467e-04   4.6492e-06   2.1881e-11
  5.0864e+18      71.4966   9.9919e-01   4.0435e-04   4.6513e-06   2.1904e-11
  5.2776e+18      71.4921   9.9909e-01   4.5221e-04   4.6534e-06   2.1928e-11
  5.4761e+18      71.4878   9.9898e-01   5.1060e-04   4.6556e-06   2.1955e-11
  5.6820e+18      71.4832   9.9883e-01   5.8270e-04   4.6580e-06   2.1986e-11
  5.8957e+18      71.4793   9.9865e-01   6.7288e-04   4.6605e-06   2.2019e-11
  6.1174e+18      71.4755   9.9842e-01   7.8722e-04   4.6631e-06   2.2055e-11
  6.3475e+18      71.4722   9.9813e-01   9.3412e-04   4.6658e-06   2.2096e-11
  6.5862e+18      71.4697   9.9775e-01   1.1252e-03   4.6687e-06   2.2141e-11
  6.8338e+18      71.4683   9.9725e-01   1.3763e-03   4.6718e-06   2.2192e-11
  7.0908e+18      71.4684   9.9658e-01   1.7077e-03   4.6751e-06   2.2251e-11
  7.3575e+18      71.4698   9.9571e-01   2.1437e-03   4.6786e-06   2.2317e-11
  7.6341e+18      71.4758   9.9458e-01   2.7085e-03   4.6824e-06   2.2394e-11
  7.9212e+18      71.4832   9.9316e-01   3.4200e-03   4.6865e-06   2.2483e-11
  8.2191e+18      71.4953   9.9144e-01   4.2811e-03   4.6908e-06   2.2583e-11
  8.5282e+18      71.5095   9.8944e-01   5.2770e-03   4.6954e-06   2.2696e-11
  8.8489e+18      71.5259   9.8724e-01   6.3803e-03   4.7003e-06   2.2818e-11
  9.1816e+18      71.5438   9.8487e-01   7.5618e-03   4.7055e-06   2.3013e-11
  9.5269e+18      71.5628   9.8240e-01   8.7979e-03   4.7109e-06   2.3214e-11
  9.8852e+18      71.5824   9.7985e-01   1.0074e-02   4.7167e-06   2.3374e-11
  1.0257e+19      71.6017   9.7723e-01   1.1382e-02   4.7227e-06   2.3535e-11
  1.0643e+19      71.6227   9.7456e-01   1.2720e-02   4.7289e-06   2.3700e-11
  1.1043e+19      71.6434   9.7182e-01   1.4089e-02   4.7354e-06   2.3871e-11
  1.1458e+19      71.6644   9.6902e-01   1.5489e-02   4.7422e-06   2.4048e-11
  1.1889e+19      71.6860   9.6615e-01   1.6925e-02   4.7492e-06   2.4232e-11
  1.2336e+19      71.7079   9.6320e-01   1.8398e-02   4.7565e-06   2.4422e-11
  1.2800e+19      71.7305   9.6018e-01   1.9910e-02   4.7640e-06   2.4620e-11
  1.3281e+19      71.7536   9.5707e-01   2.1465e-02   4.7718e-06   2.4829e-11
  1.3781e+19      71.7773   9.5387e-01   2.3064e-02   4.7799e-06   2.5045e-11
  1.4299e+19      71.8012   9.5058e-01   2.4709e-02   4.7883e-06   2.5270e-11
  1.4837e+19      71.8267   9.4719e-01   2.6404e-02   4.7970e-06   2.5508e-11
  1.5395e+19      71.8523   9.4370e-01   2.8148e-02   4.8060e-06   2.5756e-11
  1.5974e+19      71.8788   9.4011e-01   2.9946e-02   4.8153e-06   2.6013e-11
  1.6574e+19      71.9060   9.3640e-01   3.1797e-02   4.8250e-06   2.6283e-11
  1.7198e+19      71.9341   9.3259e-01   3.3705e-02   4.8350e-06   2.6567e-11
  1.7844e+19      71.9630   9.2866e-01   3.5670e-02   4.8454e-06   2.6862e-11
  1.8515e+19      71.9928   9.2461e-01   3.7695e-02   4.8561e-06   2.7169e-11
  1.9212e+19      72.0234   9.2044e-01   3.9781e-02   4.8672e-06   2.7492e-11
  1.9934e+19      72.0550   9.1614e-01   4.1930e-02   4.8788e-06   2.7831e-11
  2.0684e+19      72.0876   9.1171e-01   4.4143e-02   4.8907e-06   2.8184e-11
  2.1461e+19      72.1211   9.0715e-01   4.6423e-02   4.9031e-06   2.8551e-11
  2.2268e+19      72.1551   9.0244e-01   4.8779e-02   4.9147e-06   2.8938e-11
  2.3106e+19      72.1911   8.9763e-01   5.1186e-02   4.9293e-06   2.9342e-11
  2.3975e+19      72.2278   8.9265e-01   5.3673e-02   4.9431e-06   2.9765e-11
  2.4876e+19      72.2654   8.8753e-01   5.6233e-02   4.9574e-06   3.0206e-11
  2.5812e+19      72.3042   8.8227e-01   5.8866e-02   4.9723e-06   3.0664e-11
  2.6782e+19      72.3442   8.7685e-01   6.1574e-02   4.9878e-06   3.1146e-11
  2.7790e+19      72.3853   8.7128e-01   6.4359e-02   5.0038e-06   3.1654e-11
  2.8835e+19      72.4275   8.6555e-01   6.7223e-02   5.0204e-06   3.2182e-11
  2.9919e+19      72.4710   8.5967e-01   7.0165e-02   5.0376e-06   3.2731e-11
  3.1044e+19      72.5157   8.5362e-01   7.3189e-02   5.0555e-06   3.3302e-11
  3.2211e+19      72.5617   8.4741e-01   7.6294e-02   5.0741e-06   3.3901e-11
  3.3423e+19      72.6087   8.4096e-01   7.9519e-02   5.0896e-06   3.4555e-11
  3.4680e+19      72.6576   8.3448e-01   8.2758e-02   5.1134e-06   3.5182e-11
  3.5984e+19      72.7074   8.2776e-01   8.6117e-02   5.1341e-06   3.5861e-11
  3.7337e+19      72.7586   8.2087e-01   8.9563e-02   5.1557e-06   3.6565e-11
  3.8741e+19      72.8112   8.1381e-01   9.3096e-02   5.1782e-06   3.7299e-11
  4.0198e+19      72.8652   8.0656e-01   9.6717e-02   5.2015e-06   3.8073e-11
  4.1709e+19      72.9204   7.9914e-01   1.0043e-01   5.2257e-06   3.8876e-11
  4.3278e+19      72.9771   7.9154e-01   1.0423e-01   5.2508e-06   3.9709e-11
  4.4905e+19      73.0351   7.8376e-01   1.0812e-01   5.2770e-06   4.0574e-11
  4.6594e+19      73.0947   7.7580e-01   1.1210e-01   5.3042e-06   4.1472e-11
  4.8346e+19      73.1555   7.6766e-01   1.1617e-01   5.3324e-06   4.2411e-11
  5.0164e+19      73.2178   7.5933e-01   1.2033e-01   5.3618e-06   4.3392e-11
  5.2051e+19      73.2815   7.5082e-01   1.2459e-01   5.3924e-06   4.4409e-11
  5.4008e+19      73.3465   7.4213e-01   1.2893e-01   5.4242e-06   4.5464e-11
  5.6039e+19      73.4129   7.3326e-01   1.3337e-01   5.4573e-06   4.6557e-11
  5.8146e+19      73.4807   7.2421e-01   1.3789e-01   5.4917e-06   4.7691e-11
  6.0333e+19      73.5497   7.1498e-01   1.4251e-01   5.5276e-06   4.8879e-11
  6.2602e+19      73.6207   7.0552e-01   1.4724e-01   5.5630e-06   5.0148e-11
  6.4956e+19      73.6916   6.9599e-01   1.5201e-01   5.6038e-06   5.1395e-11
  6.7399e+19      73.7647   6.8623e-01   1.5688e-01   5.6443e-06   5.2722e-11
  6.9933e+19      73.8384   6.7630e-01   1.6185e-01   5.6864e-06   5.4098e-11
  7.2563e+19      73.9131   6.6621e-01   1.6690e-01   5.7304e-06   5.5523e-11
  7.5292e+19      73.9889   6.5595e-01   1.7202e-01   5.7762e-06   5.7014e-11
  7.8123e+19      74.0656   6.4553e-01   1.7723e-01   5.8240e-06   5.8568e-11
  8.1061e+19      74.1432   6.3496e-01   1.8252e-01   5.8738e-06   6.0179e-11
  8.4109e+19      74.2212   6.2424e-01   1.8788e-01   5.9257e-06   6.1849e-11
  8.7272e+19      74.2998   6.1337e-01   1.9332e-01   5.9799e-06   6.3581e-11
  9.0554e+19      74.3787   6.0236e-01   1.9882e-01   6.0365e-06   6.5376e-11
  9.3959e+19      74.4578   5.9122e-01   2.0439e-01   6.0956e-06   6.7246e-11
  9.7493e+19      74.5368   5.7996e-01   2.1002e-01   6.1573e-06   6.9209e-11
  1.0116e+20      74.6157   5.6857e-01   2.1571e-01   6.2217e-06   7.1246e-11
  1.0496e+20      74.6940   5.5708e-01   2.2146e-01   6.2891e-06   7.3362e-11
  1.0891e+20      74.7726   5.4547e-01   2.2726e-01   6.3595e-06   7.5560e-11
  1.1301e+20      74.8484   5.3378e-01   2.3311e-01   6.4331e-06   7.7843e-11
  1.1726e+20      74.9234   5.2201e-01   2.3900e-01   6.5102e-06   8.0215e-11
  1.2166e+20      74.9970   5.1015e-01   2.4492e-01   6.5909e-06   8.2712e-11
  1.2624e+20      75.0686   4.9823e-01   2.5089e-01   6.6753e-06   8.5330e-11
  1.3099e+20      75.1377   4.8625e-01   2.5687e-01   6.7637e-06   8.8059e-11
  1.3591e+20      75.2039   4.7423e-01   2.6289e-01   6.8564e-06   9.0901e-11
  1.4102e+20      75.2668   4.6217e-01   2.6892e-01   6.9536e-06   9.3866e-11
  1.4633e+20      75.3258   4.5008e-01   2.7496e-01   7.0555e-06   9.6961e-11
  1.5183e+20      75.3804   4.3799e-01   2.8101e-01   7.1625e-06   1.0019e-10
  1.5754e+20      75.4300   4.2589e-01   2.8705e-01   7.2746e-06   1.0362e-10
  1.6346e+20      75.4740   4.1381e-01   2.9310e-01   7.3925e-06   1.0724e-10
  1.6961e+20      75.5117   4.0174e-01   2.9913e-01   7.5164e-06   1.1103e-10
  1.7599e+20      75.5426   3.8971e-01   3.0514e-01   7.6466e-06   1.1501e-10
  1.8261e+20      75.5662   3.7773e-01   3.1113e-01   7.7836e-06   1.1920e-10
  1.8947e+20      75.5798   3.6581e-01   3.1709e-01   7.9279e-06   1.2359e-10
  1.9660e+20      75.5848   3.5396e-01   3.2302e-01   8.0797e-06   1.2822e-10
  2.0399e+20      75.5796   3.4219e-01   3.2890e-01   8.2398e-06   1.3315e-10
  2.1166e+20      75.5631   3.3052e-01   3.3474e-01   8.4085e-06   1.3844e-10
  2.1962e+20      75.5354   3.1895e-01   3.4052e-01   8.5864e-06   1.4404e-10
  2.2788e+20      75.4928   3.0751e-01   3.4624e-01   8.7744e-06   1.4996e-10
  2.3645e+20      75.4369   2.9620e-01   3.5190e-01   8.9728e-06   1.5625e-10
  2.4534e+20      75.3658   2.8503e-01   3.5749e-01   9.1826e-06   1.6293e-10
  2.5457e+20      75.2789   2.7401e-01   3.6299e-01   9.4045e-06   1.7003e-10
  2.6414e+20      75.1735   2.6316e-01   3.6842e-01   9.6393e-06   1.7760e-10
  2.7408e+20      75.0506   2.5248e-01   3.7376e-01   9.8879e-06   1.8586e-10
  2.8438e+20      74.9071   2.4199e-01   3.7901e-01   1.0152e-05   1.9477e-10
  2.9508e+20      74.7433   2.3169e-01   3.8416e-01   1.0431e-05   2.0433e-10
  3.0617e+20      74.5576   2.2159e-01   3.8920e-01   1.0728e-05   2.1459e-10
  3.1769e+20      74.3492   2.1170e-01   3.9415e-01   1.1043e-05   2.2563e-10
  3.2963e+20      74.1167   2.0150e-01   3.9925e-01   1.1335e-05   2.3863e-10
  3.4203e+20      73.8587   1.9257e-01   4.0371e-01   1.1732e-05   2.5040e-10
  3.5489e+20      73.5751   1.8339e-01   4.0831e-01   1.2113e-05   2.6423e-10
  3.6824e+20      73.2646   1.7442e-01   4.1279e-01   1.2516e-05   2.7956e-10
  3.8208e+20      72.9264   1.6570e-01   4.1715e-01   1.2947e-05   2.9647e-10
  3.9645e+20      72.5598   1.5722e-01   4.2139e-01   1.3406e-05   3.1486e-10
  4.1136e+20      72.1638   1.4900e-01   4.2550e-01   1.3896e-05   3.3490e-10
  4.2683e+20      71.7391   1.4101e-01   4.2949e-01   1.4416e-05   3.5685e-10
  4.4288e+20      71.2848   1.3334e-01   4.3333e-01   1.4979e-05   3.8073e-10
  4.5954e+20      70.8002   1.2590e-01   4.3705e-01   1.5577e-05   4.0696e-10
  4.7682e+20      70.2857   1.1872e-01   4.4064e-01   1.6218e-05   4.3573e-10
  4.9475e+20      69.7407   1.1180e-01   4.4410e-01   1.6904e-05   4.6734e-10
  5.1335e+20      69.1659   1.0516e-01   4.4742e-01   1.7640e-05   5.0347e-10
  5.3266e+20      68.5618   9.8770e-02   4.5061e-01   1.8429e-05   5.4353e-10
  5.5269e+20      67.9299   9.2647e-02   4.5368e-01   1.9275e-05   5.8783e-10
  5.7347e+20      67.2703   8.6785e-02   4.5661e-01   2.0184e-05   6.3688e-10
  5.9504e+20      66.5846   8.1182e-02   4.5941e-01   2.1160e-05   6.9126e-10
  6.1741e+20      65.8734   7.5830e-02   4.6208e-01   2.2207e-05   7.5170e-10
  6.4063e+20      65.1393   7.0739e-02   4.6463e-01   2.3335e-05   8.1886e-10
  6.6472e+20      64.3824   6.5893e-02   4.6705e-01   2.4546e-05   8.9359e-10
  6.8972e+20      63.6048   6.1290e-02   4.6936e-01   2.5847e-05   9.7681e-10
  7.1566e+20      62.8081   5.6927e-02   4.7154e-01   2.7245e-05   1.0728e-09
  7.4257e+20      61.9942   5.2797e-02   4.7360e-01   2.8746e-05   1.1821e-09
  7.7049e+20      61.1641   4.8896e-02   4.7555e-01   3.0359e-05   1.3044e-09
  7.9947e+20      60.3204   4.5218e-02   4.7739e-01   3.2088e-05   1.4415e-09
  8.2953e+20      59.4636   4.1755e-02   4.7912e-01   3.3941e-05   1.5956e-09
  8.6072e+20      58.5950   3.8502e-02   4.8075e-01   3.5924e-05   1.7688e-09
  8.9309e+20      57.7158   3.5453e-02   4.8227e-01   3.8042e-05   1.9633e-09
  9.2668e+20      56.8262   3.2599e-02   4.8370e-01   4.0300e-05   2.1817e-09
  9.6152e+20      55.9254   2.9934e-02   4.8503e-01   4.2698e-05   2.4281e-09
  9.9768e+20      55.0132   2.7451e-02   4.8627e-01   4.5241e-05   2.7052e-09
  1.0352e+21      54.0870   2.5142e-02   4.8743e-01   4.7922e-05   3.0325e-09
  1.0741e+21      53.1373   2.2978e-02   4.8851e-01   5.0719e-05   3.4076e-09
  1.1145e+21      52.1785   2.1020e-02   4.8949e-01   5.3679e-05   3.8330e-09
  1.1564e+21      51.1856   1.9191e-02   4.9040e-01   5.6732e-05   4.3155e-09
  1.1999e+21      50.1561   1.7510e-02   4.9125e-01   5.9875e-05   4.8629e-09
  1.2450e+21      49.0835   1.5968e-02   4.9202e-01   6.3085e-05   5.4923e-09
  1.2919e+21      47.9532   1.4560e-02   4.9272e-01   6.6333e-05   6.2101e-09
  1.3404e+21      46.7379   1.3283e-02   4.9336e-01   6.9512e-05   7.0374e-09
  1.3909e+21      45.4198   1.2131e-02   4.9393e-01   7.2566e-05   8.0173e-09
  1.4432e+21      44.0020   1.1094e-02   4.9445e-01   7.5573e-05   9.1576e-09
  1.4974e+21      42.4657   1.0166e-02   4.9492e-01   7.8500e-05   1.0523e-08
  1.5537e+21      40.7841   9.3273e-03   4.9534e-01   8.1275e-05   1.2260e-08
  1.6122e+21      38.9683   8.6231e-03   4.9569e-01   8.3966e-05   1.4318e-08
  1.6728e+21      36.9826   7.9971e-03   4.9600e-01   8.6433e-05   1.6857e-08
  1.7357e+21      34.8482   7.4616e-03   4.9627e-01   8.8683e-05   2.0087e-08
  1.8010e+21      32.5997   7.0103e-03   4.9649e-01   9.0694e-05   2.4159e-08
  1.8687e+21      30.3002   6.6360e-03   4.9668e-01   9.2454e-05   2.9518e-08
  1.9390e+21      28.0311   6.3292e-03   4.9684e-01   9.3957e-05   3.6662e-08
  2.0119e+21      25.8732   6.0814e-03   4.9696e-01   9.5214e-05   4.6401e-08
  2.0875e+21      23.8850   5.8815e-03   4.9706e-01   9.6240e-05   6.0115e-08
  2.1660e+21      22.0941   5.7242e-03   4.9714e-01   9.7060e-05   7.9663e-08
  2.2475e+21      20.5023   5.6045e-03   4.9720e-01   9.7701e-05   1.0865e-07
  2.3320e+21      19.1093   5.5125e-03   4.9724e-01   9.8182e-05   1.5274e-07
  2.4197e+21      17.8845   5.4495e-03   4.9728e-01   9.8524e-05   2.1969e-07
  2.5107e+21      16.8002   5.4118e-03   4.9729e-01   9.8737e-05   3.2288e-07
  2.6051e+21      15.8371   5.3950e-03   4.9730e-01   9.8814e-05   4.8608e-07
  2.7031e+21      14.9771   5.3993e-03   4.9730e-01   9.8733e-05   7.4962e-07
  2.8047e+21      14.2011   5.4206e-03   4.9729e-01   9.8431e-05   1.1877e-06
  2.9102e+21      13.4864   5.4561e-03   4.9727e-01   9.7775e-05   1.9450e-06
  3.0196e+21      12.8009   5.5091e-03   4.9725e-01   9.6483e-05   3.3126e-06
  3.1332e+21      12.0963   5.5799e-03   4.9721e-01   9.3961e-05   5.8887e-06
  3.2510e+21      11.3201   5.6694e-03   4.9717e-01   8.9094e-05   1.0797e-05
  3.3733e+21      10.5419   5.7709e-03   4.9711e-01   8.1135e-05   1.8786e-05
  3.5001e+21       9.9571   5.8315e-03   4.9708e-01   7.1023e-05   2.8917e-05
  3.6317e+21       9.6497   5.8355e-03   4.9708e-01   6.0944e-05   3.9009e-05
  3.7683e+21       9.5456   5.7994e-03   4.9710e-01   5.2179e-05   4.7782e-05
  3.9100e+21       9.5615   5.7477e-03   4.9713e-01   4.4904e-05   5.5061e-05
  4.0571e+21       9.6480   5.6902e-03   4.9715e-01   3.8785e-05   6.1182e-05
  4.2096e+21       9.7729   5.6258e-03   4.9719e-01   3.3580e-05   6.6387e-05
  4.3679e+21       9.9123   5.5655e-03   4.9722e-01   2.8962e-05   7.1005e-05
  4.5322e+21      10.0609   5.5094e-03   4.9725e-01   2.4837e-05   7.5128e-05
  4.7026e+21      10.2142   5.4572e-03   4.9727e-01   2.1141e-05   7.8822e-05
  4.8795e+21      10.3765   5.4094e-03   4.9730e-01   1.7851e-05   8.2109e-05
  5.0629e+21      10.5466   5.3657e-03   4.9732e-01   1.4947e-05   8.5007e-05
  5.2533e+21      10.7264   5.3271e-03   4.9734e-01   1.2413e-05   8.7536e-05
  5.4509e+21      10.9154   5.2941e-03   4.9735e-01   1.0223e-05   8.9717e-05
  5.6559e+21      11.1121   5.2673e-03   4.9737e-01   8.3496e-06   9.1580e-05
  5.8686e+21      11.3134   5.2448e-03   4.9738e-01   6.7561e-06   9.3159e-05
  6.0892e+21      11.5146   5.2263e-03   4.9739e-01   5.4254e-06   9.4470e-05
  6.3182e+21      11.7121   5.2067e-03   4.9740e-01   4.3149e-06   9.5556e-05
  6.5558e+21      11.9014   5.1749e-03   4.9741e-01   3.4019e-06   9.6443e-05
  6.8024e+21      12.0801   5.1355e-03   4.9743e-01   2.6565e-06   9.7165e-05
  7.0582e+21      12.2464   5.0898e-03   4.9745e-01   2.0523e-06   9.7750e-05
  7.3236e+21      12.3992   5.0418e-03   4.9748e-01   1.5670e-06   9.8222e-05
  7.5990e+21      12.5379   4.9973e-03   4.9750e-01   1.1588e-06   9.8623e-05
  7.8848e+21      12.6585   4.9345e-03   4.9753e-01   8.9138e-07   9.8887e-05
  8.1813e+21      12.7662   4.8779e-03   4.9755e-01   6.3001e-07   9.9150e-05
  8.4889e+21      12.8581   4.8139e-03   4.9759e-01   4.7956e-07   9.9301e-05
  8.8081e+21      12.9431   4.7463e-03   4.9762e-01   3.6030e-07   9.9424e-05
  9.1394e+21      13.0256   4.6809e-03   4.9765e-01   2.7198e-07   9.9517e-05
  9.4831e+21      13.1103   4.6083e-03   4.9769e-01   2.1085e-07   9.9581e-05
  9.8397e+21      13.2020   4.5488e-03   4.9771e-01   1.6918e-07   9.9626e-05
  1.0210e+22      13.3000   4.4892e-03   4.9774e-01   1.4141e-07   9.9656e-05
  1.0594e+22      13.4046   4.4371e-03   4.9777e-01   1.2314e-07   9.9676e-05
  1.0992e+22      13.5114   4.3903e-03   4.9779e-01   1.1047e-07   9.9689e-05
  1.1405e+22      13.6212   4.3551e-03   4.9781e-01   1.0362e-07   9.9696e-05
  1.1834e+22      13.7313   4.3260e-03   4.9782e-01   9.8919e-08   9.9700e-05
  1.2279e+22      13.8409   4.3028e-03   4.9784e-01   9.5954e-08   9.9703e-05
  1.2741e+22      13.9505   4.2842e-03   4.9784e-01   9.4379e-08   9.9704e-05
  1.3220e+22      14.0579   4.2652e-03   4.9785e-01   9.3102e-08   9.9705e-05
  1.3717e+22      14.1632   4.2480e-03   4.9786e-01   9.2527e-08   9.9705e-05
  1.4233e+22      14.2682   4.2350e-03   4.9787e-01   9.2305e-08   9.9705e-05
  1.4768e+22      14.3704   4.2163e-03   4.9788e-01   9.2130e-08   9.9705e-05
  1.5324e+22      14.4720   4.2053e-03   4.9788e-01   9.2088e-08   9.9705e-05
  1.5900e+22      14.5724   4.1944e-03   4.9789e-01   9.2108e-08   9.9705e-05
