# NH                 T_gas  H            H2           C            CO
  1.5900e+14     326.8106   9.6137e-01   1.9204e-02   6.6609e-05   2.1950e-05
  1.6498e+14     326.8060   9.6136e-01   1.9213e-02   6.6608e-05   2.1952e-05
  1.7118e+14     326.8011   9.6134e-01   1.9221e-02   6.6606e-05   2.1954e-05
  1.7762e+14     326.7959   9.6132e-01   1.9230e-02   6.6604e-05   2.1956e-05
  1.8430e+14     326.7906   9.6130e-01   1.9239e-02   6.6603e-05   2.1958e-05
  1.9123e+14     326.7850   9.6128e-01   1.9249e-02   6.6601e-05   2.1960e-05
  1.9842e+14     326.7791   9.6126e-01   1.9259e-02   6.6599e-05   2.1962e-05
  2.0588e+14     326.7730   9.6124e-01   1.9269e-02   6.6598e-05   2.1963e-05
  2.1363e+14     326.7666   9.6122e-01   1.9280e-02   6.6596e-05   2.1965e-05
  2.2166e+14     326.7598   9.6120e-01   1.9291e-02   6.6594e-05   2.1967e-05
  2.2999e+14     326.7529   9.6118e-01   1.9303e-02   6.6593e-05   2.1969e-05
  2.3864e+14     326.7456   9.6115e-01   1.9315e-02   6.6591e-05   2.1971e-05
  2.4762e+14     326.7380   9.6113e-01   1.9328e-02   6.6589e-05   2.1973e-05
  2.5693e+14     326.7300   9.6110e-01   1.9341e-02   6.6587e-05   2.1975e-05
  2.6659e+14     326.7217   9.6107e-01   1.9354e-02   6.6586e-05   2.1977e-05
  2.7662e+14     326.7128   9.6105e-01   1.9368e-02   6.6584e-05   2.1979e-05
  2.8702e+14     326.7040   9.6102e-01   1.9383e-02   6.6582e-05   2.1981e-05
  2.9781e+14     326.6945   9.6099e-01   1.9398e-02   6.6580e-05   2.1982e-05
  3.0901e+14     326.6846   9.6095e-01   1.9414e-02   6.6579e-05   2.1984e-05
  3.2063e+14     326.6743   9.6092e-01   1.9430e-02   6.6577e-05   2.1986e-05
  3.3269e+14     326.6636   9.6089e-01   1.9447e-02   6.6575e-05   2.1988e-05
  3.4520e+14     326.6524   9.6085e-01   1.9465e-02   6.6573e-05   2.1990e-05
  3.5818e+14     326.6408   9.6082e-01   1.9483e-02   6.6572e-05   2.1992e-05
  3.7165e+14     326.6286   9.6078e-01   1.9503e-02   6.6570e-05   2.1994e-05
  3.8563e+14     326.6159   9.6074e-01   1.9522e-02   6.6568e-05   2.1996e-05
  4.0013e+14     326.6027   9.6070e-01   1.9543e-02   6.6566e-05   2.1998e-05
  4.1517e+14     326.5889   9.6065e-01   1.9564e-02   6.6564e-05   2.2000e-05
  4.3079e+14     326.5744   9.6061e-01   1.9587e-02   6.6563e-05   2.2002e-05
  4.4699e+14     326.5595   9.6056e-01   1.9610e-02   6.6561e-05   2.2004e-05
  4.6380e+14     326.5440   9.6051e-01   1.9634e-02   6.6559e-05   2.2006e-05
  4.8124e+14     326.5278   9.6046e-01   1.9659e-02   6.6557e-05   2.2008e-05
  4.9933e+14     326.5100   9.6041e-01   1.9685e-02   6.6554e-05   2.2010e-05
  5.1811e+14     326.4934   9.6036e-01   1.9712e-02   6.6553e-05   2.2012e-05
  5.3760e+14     326.4750   9.6030e-01   1.9740e-02   6.6551e-05   2.2014e-05
  5.5781e+14     326.4559   9.6024e-01   1.9769e-02   6.6549e-05   2.2016e-05
  5.7879e+14     326.4360   9.6018e-01   1.9800e-02   6.6547e-05   2.2019e-05
  6.0055e+14     326.4153   9.6012e-01   1.9831e-02   6.6545e-05   2.2021e-05
  6.2314e+14     326.3936   9.6005e-01   1.9864e-02   6.6543e-05   2.2023e-05
  6.4657e+14     326.3711   9.5999e-01   1.9898e-02   6.6540e-05   2.2025e-05
  6.7088e+14     326.3476   9.5991e-01   1.9934e-02   6.6538e-05   2.2027e-05
  6.9611e+14     326.3231   9.5984e-01   1.9971e-02   6.6536e-05   2.2029e-05
  7.2229e+14     326.2976   9.5976e-01   2.0009e-02   6.6534e-05   2.2032e-05
  7.4945e+14     326.2709   9.5968e-01   2.0049e-02   6.6532e-05   2.2034e-05
  7.7764e+14     326.2424   9.5960e-01   2.0091e-02   6.6530e-05   2.2036e-05
  8.0688e+14     326.2143   9.5951e-01   2.0134e-02   6.6527e-05   2.2038e-05
  8.3722e+14     326.1841   9.5942e-01   2.0180e-02   6.6525e-05   2.2040e-05
  8.6870e+14     326.1526   9.5933e-01   2.0227e-02   6.6523e-05   2.2043e-05
  9.0137e+14     326.1197   9.5923e-01   2.0275e-02   6.6521e-05   2.2045e-05
  9.3527e+14     326.0857   9.5913e-01   2.0326e-02   6.6518e-05   2.2047e-05
  9.7044e+14     326.0500   9.5902e-01   2.0380e-02   6.6516e-05   2.2049e-05
  1.0069e+15     326.0129   9.5891e-01   2.0435e-02   6.6514e-05   2.2052e-05
  1.0448e+15     325.9741   9.5880e-01   2.0492e-02   6.6511e-05   2.2054e-05
  1.0841e+15     325.9336   9.5868e-01   2.0552e-02   6.6509e-05   2.2056e-05
  1.1249e+15     325.8914   9.5855e-01   2.0615e-02   6.6506e-05   2.2059e-05
  1.1672e+15     325.8467   9.5842e-01   2.0680e-02   6.6504e-05   2.2061e-05
  1.2110e+15     325.8014   9.5829e-01   2.0748e-02   6.6501e-05   2.2063e-05
  1.2566e+15     325.7533   9.5814e-01   2.0819e-02   6.6499e-05   2.2066e-05
  1.3038e+15     325.7034   9.5800e-01   2.0893e-02   6.6496e-05   2.2068e-05
  1.3529e+15     325.6511   9.5784e-01   2.0970e-02   6.6494e-05   2.2070e-05
  1.4037e+15     325.5966   9.5768e-01   2.1050e-02   6.6491e-05   2.2073e-05
  1.4565e+15     325.5396   9.5751e-01   2.1134e-02   6.6488e-05   2.2075e-05
  1.5113e+15     325.4800   9.5734e-01   2.1221e-02   6.6486e-05   2.2078e-05
  1.5681e+15     325.4178   9.5716e-01   2.1313e-02   6.6483e-05   2.2080e-05
  1.6271e+15     325.3529   9.5696e-01   2.1408e-02   6.6480e-05   2.2083e-05
  1.6883e+15     325.2849   9.5677e-01   2.1508e-02   6.6477e-05   2.2085e-05
  1.7518e+15     325.2139   9.5656e-01   2.1612e-02   6.6474e-05   2.2087e-05
  1.8177e+15     325.1397   9.5634e-01   2.1721e-02   6.6471e-05   2.2090e-05
  1.8860e+15     325.0622   9.5611e-01   2.1834e-02   6.6468e-05   2.2093e-05
  1.9569e+15     324.9812   9.5587e-01   2.1953e-02   6.6465e-05   2.2096e-05
  2.0305e+15     324.8963   9.5563e-01   2.2077e-02   6.6461e-05   2.2099e-05
  2.1069e+15     324.8075   9.5537e-01   2.2207e-02   6.6458e-05   2.2101e-05
  2.1861e+15     324.7145   9.5509e-01   2.2343e-02   6.6454e-05   2.2104e-05
  2.2683e+15     324.6171   9.5481e-01   2.2486e-02   6.6451e-05   2.2107e-05
  2.3536e+15     324.5150   9.5451e-01   2.2635e-02   6.6447e-05   2.2110e-05
  2.4421e+15     324.4079   9.5420e-01   2.2791e-02   6.6444e-05   2.2113e-05
  2.5340e+15     324.2957   9.5387e-01   2.2955e-02   6.6440e-05   2.2116e-05
  2.6293e+15     324.1776   9.5353e-01   2.3127e-02   6.6436e-05   2.2119e-05
  2.7281e+15     324.0545   9.5316e-01   2.3307e-02   6.6432e-05   2.2122e-05
  2.8307e+15     323.9248   9.5279e-01   2.3496e-02   6.6428e-05   2.2125e-05
  2.9372e+15     323.7887   9.5239e-01   2.3695e-02   6.6424e-05   2.2129e-05
  3.0476e+15     323.6457   9.5197e-01   2.3903e-02   6.6420e-05   2.2132e-05
  3.1622e+15     323.4955   9.5153e-01   2.4122e-02   6.6415e-05   2.2135e-05
  3.2812e+15     323.3374   9.5107e-01   2.4353e-02   6.6410e-05   2.2139e-05
  3.4045e+15     323.1711   9.5059e-01   2.4595e-02   6.6406e-05   2.2142e-05
  3.5326e+15     322.9959   9.5008e-01   2.4850e-02   6.6401e-05   2.2146e-05
  3.6654e+15     322.8103   9.4954e-01   2.5119e-02   6.6396e-05   2.2149e-05
  3.8032e+15     322.6168   9.4897e-01   2.5402e-02   6.6391e-05   2.2153e-05
  3.9463e+15     322.4117   9.4838e-01   2.5701e-02   6.6386e-05   2.2156e-05
  4.0947e+15     322.1952   9.4775e-01   2.6016e-02   6.6381e-05   2.2160e-05
  4.2486e+15     321.9664   9.4708e-01   2.6349e-02   6.6375e-05   2.2164e-05
  4.4084e+15     321.7246   9.4638e-01   2.6700e-02   6.6370e-05   2.2167e-05
  4.5742e+15     321.4690   9.4563e-01   2.7072e-02   6.6364e-05   2.2171e-05
  4.7462e+15     321.1983   9.4484e-01   2.7466e-02   6.6358e-05   2.2175e-05
  4.9247e+15     320.9118   9.4401e-01   2.7883e-02   6.6352e-05   2.2179e-05
  5.1099e+15     320.6080   9.4312e-01   2.8326e-02   6.6345e-05   2.2183e-05
  5.3020e+15     320.2853   9.4218e-01   2.8795e-02   6.6339e-05   2.2187e-05
  5.5014e+15     319.9428   9.4119e-01   2.9294e-02   6.6332e-05   2.2191e-05
  5.7083e+15     319.5786   9.4013e-01   2.9824e-02   6.6326e-05   2.2195e-05
  5.9230e+15     319.1909   9.3900e-01   3.0389e-02   6.6319e-05   2.2199e-05
  6.1457e+15     318.7777   9.3779e-01   3.0991e-02   6.6311e-05   2.2203e-05
  6.3768e+15     318.3367   9.3651e-01   3.1633e-02   6.6304e-05   2.2207e-05
  6.6166e+15     317.8660   9.3513e-01   3.2319e-02   6.6297e-05   2.2211e-05
  6.8654e+15     317.3631   9.3366e-01   3.3053e-02   6.6289e-05   2.2214e-05
  7.1236e+15     316.8241   9.3209e-01   3.3840e-02   6.6281e-05   2.2218e-05
  7.3915e+15     316.2468   9.3040e-01   3.4683e-02   6.6273e-05   2.2222e-05
  7.6694e+15     315.6268   9.2859e-01   3.5589e-02   6.6264e-05   2.2226e-05
  7.9579e+15     314.9603   9.2664e-01   3.6564e-02   6.6256e-05   2.2230e-05
  8.2571e+15     314.2425   9.2454e-01   3.7615e-02   6.6247e-05   2.2234e-05
  8.5676e+15     313.4683   9.2227e-01   3.8750e-02   6.6238e-05   2.2237e-05
  8.8898e+15     312.6318   9.1981e-01   3.9977e-02   6.6229e-05   2.2241e-05
  9.2241e+15     311.7265   9.1715e-01   4.1306e-02   6.6220e-05   2.2243e-05
  9.5710e+15     310.7449   9.1426e-01   4.2750e-02   6.6211e-05   2.2246e-05
  9.9309e+15     309.6784   9.1112e-01   4.4321e-02   6.6203e-05   2.2247e-05
  1.0304e+16     308.5177   9.0769e-01   4.6033e-02   6.6194e-05   2.2248e-05
  1.0692e+16     307.2518   9.0395e-01   4.7904e-02   6.6187e-05   2.2248e-05
  1.1094e+16     305.8681   8.9985e-01   4.9953e-02   6.6179e-05   2.2248e-05
  1.1511e+16     304.3530   8.9535e-01   5.2202e-02   6.6173e-05   2.2246e-05
  1.1944e+16     302.6901   8.9040e-01   5.4677e-02   6.6167e-05   2.2243e-05
  1.2393e+16     300.8609   8.8494e-01   5.7406e-02   6.6162e-05   2.2239e-05
  1.2859e+16     298.8413   8.7890e-01   6.0426e-02   6.6022e-05   2.2384e-05
  1.3343e+16     296.6155   8.7220e-01   6.3772e-02   6.6016e-05   2.2380e-05
  1.3844e+16     294.1518   8.6476e-01   6.7490e-02   6.6013e-05   2.2372e-05
  1.4365e+16     291.4197   8.5648e-01   7.1630e-02   6.6014e-05   2.2360e-05
  1.4905e+16     288.3850   8.4724e-01   7.6250e-02   6.6021e-05   2.2343e-05
  1.5466e+16     285.0098   8.3690e-01   8.1416e-02   6.6036e-05   2.2319e-05
  1.6047e+16     281.2530   8.2533e-01   8.7200e-02   6.6060e-05   2.2288e-05
  1.6651e+16     277.0708   8.1236e-01   9.3682e-02   6.6095e-05   2.2246e-05
  1.7277e+16     272.4180   7.9783e-01   1.0094e-01   6.6146e-05   2.2191e-05
  1.7927e+16     267.2508   7.8157e-01   1.0908e-01   6.6215e-05   2.2121e-05
  1.8601e+16     261.5306   7.6340e-01   1.1816e-01   6.6305e-05   2.2034e-05
  1.9300e+16     255.2283   7.4318e-01   1.2826e-01   6.6421e-05   2.1927e-05
  2.0026e+16     248.3501   7.2082e-01   1.3944e-01   6.6566e-05   2.1796e-05
  2.0779e+16     240.9565   6.9629e-01   1.5171e-01   6.6745e-05   2.1637e-05
  2.1561e+16     233.0267   6.6966e-01   1.6502e-01   6.6961e-05   2.1448e-05
  2.2371e+16     224.6360   6.4110e-01   1.7930e-01   6.7215e-05   2.1228e-05
  2.3213e+16     215.8962   6.1095e-01   1.9438e-01   6.7504e-05   2.0979e-05
  2.4086e+16     206.9492   5.7965e-01   2.1004e-01   6.7823e-05   2.0704e-05
  2.4991e+16     197.9680   5.4775e-01   2.2599e-01   6.8166e-05   2.0410e-05
  2.5931e+16     189.1489   5.1586e-01   2.4194e-01   6.8522e-05   2.0107e-05
  2.6906e+16     180.6076   4.8456e-01   2.5759e-01   6.8883e-05   1.9800e-05
  2.7918e+16     172.4695   4.5437e-01   2.7270e-01   6.9242e-05   1.9499e-05
  2.8968e+16     164.8255   4.2570e-01   2.8704e-01   6.9592e-05   1.9208e-05
  3.0057e+16     157.5660   3.9882e-01   3.0049e-01   6.9848e-05   1.9022e-05
  3.1188e+16     151.0341   3.7392e-01   3.1294e-01   7.0161e-05   1.8773e-05
  3.2360e+16     145.1114   3.5105e-01   3.2439e-01   7.0455e-05   1.8543e-05
  3.3577e+16     139.7328   3.3017e-01   3.3483e-01   7.0732e-05   1.8330e-05
  3.4840e+16     134.8537   3.1120e-01   3.4432e-01   7.0993e-05   1.8134e-05
  3.6150e+16     130.4337   2.9401e-01   3.5292e-01   7.1238e-05   1.7953e-05
  3.7510e+16     126.4285   2.7845e-01   3.6070e-01   7.1469e-05   1.7786e-05
  3.8920e+16     122.7962   2.6438e-01   3.6774e-01   7.1687e-05   1.7632e-05
  4.0384e+16     119.4959   2.5164e-01   3.7411e-01   7.1892e-05   1.7488e-05
  4.1902e+16     116.4905   2.4009e-01   3.7989e-01   7.2087e-05   1.7355e-05
  4.3478e+16     113.7461   2.2960e-01   3.8514e-01   7.2272e-05   1.7230e-05
  4.5113e+16     111.2323   2.2004e-01   3.8992e-01   7.2449e-05   1.7112e-05
  4.6810e+16     108.9228   2.1131e-01   3.9429e-01   7.2618e-05   1.7001e-05
  4.8570e+16     106.7939   2.0332e-01   3.9829e-01   7.2775e-05   1.6900e-05
  5.0396e+16     104.8252   1.9597e-01   4.0197e-01   7.2918e-05   1.6813e-05
  5.2292e+16     102.9989   1.8920e-01   4.0536e-01   7.3057e-05   1.6729e-05
  5.4258e+16     101.2984   1.8294e-01   4.0849e-01   7.3188e-05   1.6652e-05
  5.6298e+16      99.7172   1.7713e-01   4.1139e-01   7.3314e-05   1.6578e-05
  5.8415e+16      98.2648   1.7172e-01   4.1410e-01   7.3436e-05   1.6508e-05
  6.0612e+16      96.9005   1.6667e-01   4.1662e-01   7.3555e-05   1.6439e-05
  6.2891e+16      95.6151   1.6195e-01   4.1899e-01   7.3673e-05   1.6370e-05
  6.5256e+16      94.4010   1.5752e-01   4.2120e-01   7.3793e-05   1.6297e-05
  6.7710e+16      93.2511   1.5336e-01   4.2329e-01   7.3911e-05   1.6225e-05
  7.0257e+16      92.1594   1.4943e-01   4.2525e-01   7.4026e-05   1.6155e-05
  7.2899e+16      91.1206   1.4572e-01   4.2711e-01   7.4139e-05   1.6087e-05
  7.5640e+16      90.1298   1.4220e-01   4.2887e-01   7.4249e-05   1.6020e-05
  7.8484e+16      89.1827   1.3886e-01   4.3054e-01   7.4358e-05   1.5954e-05
  8.1436e+16      88.2756   1.3568e-01   4.3213e-01   7.4465e-05   1.5890e-05
  8.4498e+16      87.4054   1.3265e-01   4.3364e-01   7.4571e-05   1.5826e-05
  8.7676e+16      86.5690   1.2976e-01   4.3509e-01   7.4673e-05   1.5765e-05
  9.0973e+16      85.7637   1.2700e-01   4.3647e-01   7.4772e-05   1.5708e-05
  9.4394e+16      84.9873   1.2435e-01   4.3780e-01   7.4870e-05   1.5651e-05
  9.7944e+16      84.2375   1.2181e-01   4.3907e-01   7.4967e-05   1.5594e-05
  1.0163e+17      83.5126   1.1936e-01   4.4029e-01   7.5063e-05   1.5538e-05
  1.0545e+17      82.8107   1.1701e-01   4.4147e-01   7.5159e-05   1.5482e-05
  1.0941e+17      82.1302   1.1475e-01   4.4260e-01   7.5253e-05   1.5427e-05
  1.1353e+17      81.4699   1.1257e-01   4.4369e-01   7.5347e-05   1.5372e-05
  1.1780e+17      80.8283   1.1046e-01   4.4475e-01   7.5440e-05   1.5317e-05
  1.2223e+17      80.2043   1.0842e-01   4.4577e-01   7.5533e-05   1.5263e-05
  1.2682e+17      79.5968   1.0645e-01   4.4675e-01   7.5625e-05   1.5209e-05
  1.3159e+17      79.0049   1.0453e-01   4.4771e-01   7.5716e-05   1.5155e-05
  1.3654e+17      78.4277   1.0268e-01   4.4864e-01   7.5808e-05   1.5101e-05
  1.4168e+17      77.8643   1.0088e-01   4.4954e-01   7.5899e-05   1.5048e-05
  1.4700e+17      77.3140   9.9137e-02   4.5041e-01   7.5989e-05   1.4994e-05
  1.5253e+17      76.7759   9.7440e-02   4.5126e-01   7.6074e-05   1.4947e-05
  1.5827e+17      76.2494   9.5789e-02   4.5209e-01   7.6159e-05   1.4899e-05
  1.6422e+17      75.7342   9.4182e-02   4.5289e-01   7.6244e-05   1.4851e-05
  1.7040e+17      75.2297   9.2618e-02   4.5367e-01   7.6329e-05   1.4803e-05
  1.7680e+17      74.7352   9.1093e-02   4.5443e-01   7.6414e-05   1.4756e-05
  1.8345e+17      74.2503   8.9607e-02   4.5518e-01   7.6498e-05   1.4708e-05
  1.9035e+17      73.7748   8.8156e-02   4.5590e-01   7.6582e-05   1.4660e-05
  1.9751e+17      73.3080   8.6741e-02   4.5661e-01   7.6667e-05   1.4612e-05
  2.0494e+17      72.8497   8.5358e-02   4.5730e-01   7.6751e-05   1.4564e-05
  2.1264e+17      72.3995   8.4007e-02   4.5798e-01   7.6836e-05   1.4515e-05
  2.2064e+17      71.9571   8.2687e-02   4.5864e-01   7.6921e-05   1.4466e-05
  2.2894e+17      71.5223   8.1394e-02   4.5929e-01   7.7006e-05   1.4417e-05
  2.3754e+17      71.0945   8.0132e-02   4.5992e-01   7.7091e-05   1.4368e-05
  2.4648e+17      70.6738   7.8895e-02   4.6054e-01   7.7176e-05   1.4318e-05
  2.5575e+17      70.2592   7.7685e-02   4.6114e-01   7.7254e-05   1.4277e-05
  2.6536e+17      69.8506   7.6499e-02   4.6173e-01   7.7331e-05   1.4236e-05
  2.7534e+17      69.4476   7.5337e-02   4.6232e-01   7.7409e-05   1.4194e-05
  2.8570e+17      69.0507   7.4199e-02   4.6289e-01   7.7486e-05   1.4153e-05
  2.9644e+17      68.6597   7.3083e-02   4.6344e-01   7.7564e-05   1.4110e-05
  3.0759e+17      68.2743   7.1989e-02   4.6399e-01   7.7643e-05   1.4068e-05
  3.1916e+17      67.8944   7.0915e-02   4.6453e-01   7.7721e-05   1.4025e-05
  3.3116e+17      67.5199   6.9861e-02   4.6506e-01   7.7800e-05   1.3982e-05
  3.4361e+17      67.1506   6.8828e-02   4.6557e-01   7.7879e-05   1.3938e-05
  3.5653e+17      66.7862   6.7813e-02   4.6608e-01   7.7959e-05   1.3894e-05
  3.6994e+17      66.4268   6.6816e-02   4.6658e-01   7.8039e-05   1.3850e-05
  3.8385e+17      66.0721   6.5837e-02   4.6707e-01   7.8118e-05   1.3806e-05
  3.9829e+17      65.7220   6.4876e-02   4.6755e-01   7.8198e-05   1.3761e-05
  4.1326e+17      65.3765   6.3931e-02   4.6802e-01   7.8278e-05   1.3716e-05
  4.2880e+17      65.0345   6.3002e-02   4.6849e-01   7.8349e-05   1.3681e-05
  4.4493e+17      64.6969   6.2089e-02   4.6894e-01   7.8419e-05   1.3647e-05
  4.6166e+17      64.3633   6.1192e-02   4.6939e-01   7.8490e-05   1.3612e-05
  4.7902e+17      64.0339   6.0309e-02   4.6983e-01   7.8561e-05   1.3577e-05
  4.9704e+17      63.7084   5.9441e-02   4.7027e-01   7.8633e-05   1.3541e-05
  5.1573e+17      63.3868   5.8587e-02   4.7069e-01   7.8704e-05   1.3504e-05
  5.3512e+17      63.0690   5.7748e-02   4.7112e-01   7.8777e-05   1.3468e-05
  5.5524e+17      62.7549   5.6921e-02   4.7153e-01   7.8849e-05   1.3430e-05
  5.7612e+17      62.4445   5.6108e-02   4.7194e-01   7.8922e-05   1.3393e-05
  5.9779e+17      62.1375   5.5307e-02   4.7234e-01   7.8995e-05   1.3356e-05
  6.2027e+17      61.8340   5.4519e-02   4.7273e-01   7.9067e-05   1.3318e-05
  6.4359e+17      61.5340   5.3743e-02   4.7312e-01   7.9141e-05   1.3280e-05
  6.6780e+17      61.2373   5.2979e-02   4.7350e-01   7.9214e-05   1.3241e-05
  6.9291e+17      60.9437   5.2227e-02   4.7388e-01   7.9286e-05   1.3204e-05
  7.1896e+17      60.6525   5.1486e-02   4.7425e-01   7.9348e-05   1.3178e-05
  7.4600e+17      60.3644   5.0756e-02   4.7461e-01   7.9410e-05   1.3151e-05
  7.7406e+17      60.0793   5.0037e-02   4.7497e-01   7.9473e-05   1.3124e-05
  8.0316e+17      59.7974   4.9329e-02   4.7533e-01   7.9535e-05   1.3097e-05
  8.3337e+17      59.5183   4.8631e-02   4.7568e-01   7.9599e-05   1.3069e-05
  8.6471e+17      59.2423   4.7943e-02   4.7602e-01   7.9662e-05   1.3041e-05
  8.9722e+17      58.9690   4.7265e-02   4.7636e-01   7.9726e-05   1.3012e-05
  9.3096e+17      58.6985   4.6597e-02   4.7669e-01   7.9789e-05   1.2984e-05
  9.6597e+17      58.4309   4.5939e-02   4.7702e-01   7.9852e-05   1.2956e-05
  1.0023e+18      58.1659   4.5290e-02   4.7735e-01   7.9916e-05   1.2927e-05
  1.0400e+18      57.9037   4.4650e-02   4.7767e-01   7.9980e-05   1.2898e-05
  1.0791e+18      57.6441   4.4019e-02   4.7798e-01   8.0045e-05   1.2868e-05
  1.1197e+18      57.3872   4.3397e-02   4.7829e-01   8.0109e-05   1.2837e-05
  1.1618e+18      57.1322   4.2783e-02   4.7860e-01   8.0168e-05   1.2814e-05
  1.2055e+18      56.8792   4.2178e-02   4.7890e-01   8.0220e-05   1.2797e-05
  1.2508e+18      56.6286   4.1582e-02   4.7920e-01   8.0273e-05   1.2779e-05
  1.2978e+18      56.3805   4.0993e-02   4.7950e-01   8.0326e-05   1.2761e-05
  1.3466e+18      56.1349   4.0412e-02   4.7979e-01   8.0379e-05   1.2742e-05
  1.3973e+18      55.8915   3.9840e-02   4.8007e-01   8.0432e-05   1.2724e-05
  1.4498e+18      55.6504   3.9275e-02   4.8036e-01   8.0484e-05   1.2707e-05
  1.5044e+18      55.4116   3.8718e-02   4.8063e-01   8.0537e-05   1.2689e-05
  1.5609e+18      55.1752   3.8168e-02   4.8091e-01   8.0589e-05   1.2671e-05
  1.6196e+18      54.9409   3.7625e-02   4.8118e-01   8.0643e-05   1.2652e-05
  1.6805e+18      54.7089   3.7090e-02   4.8145e-01   8.0696e-05   1.2633e-05
  1.7437e+18      54.4792   3.6561e-02   4.8171e-01   8.0750e-05   1.2613e-05
  1.8093e+18      54.2516   3.6040e-02   4.8197e-01   8.0804e-05   1.2593e-05
  1.8773e+18      54.0260   3.5526e-02   4.8223e-01   8.0857e-05   1.2573e-05
  1.9479e+18      53.8016   3.5018e-02   4.8249e-01   8.0902e-05   1.2563e-05
  2.0212e+18      53.5793   3.4517e-02   4.8274e-01   8.0946e-05   1.2553e-05
  2.0972e+18      53.3591   3.4022e-02   4.8298e-01   8.0991e-05   1.2542e-05
  2.1761e+18      53.1408   3.3534e-02   4.8323e-01   8.1035e-05   1.2532e-05
  2.2579e+18      52.9244   3.3052e-02   4.8347e-01   8.1079e-05   1.2522e-05
  2.3428e+18      52.7100   3.2576e-02   4.8371e-01   8.1122e-05   1.2513e-05
  2.4309e+18      52.4975   3.2106e-02   4.8394e-01   8.1166e-05   1.2502e-05
  2.5223e+18      52.2869   3.1642e-02   4.8417e-01   8.1210e-05   1.2492e-05
  2.6172e+18      52.0783   3.1185e-02   4.8440e-01   8.1255e-05   1.2481e-05
  2.7156e+18      51.8716   3.0733e-02   4.8463e-01   8.1300e-05   1.2469e-05
  2.8177e+18      51.6667   3.0286e-02   4.8485e-01   8.1344e-05   1.2458e-05
  2.9237e+18      51.4637   2.9845e-02   4.8507e-01   8.1390e-05   1.2446e-05
  3.0336e+18      51.2624   2.9410e-02   4.8529e-01   8.1435e-05   1.2433e-05
  3.1477e+18      51.0625   2.8981e-02   4.8550e-01   8.1476e-05   1.2425e-05
  3.2660e+18      50.8643   2.8557e-02   4.8572e-01   8.1517e-05   1.2417e-05
  3.3889e+18      50.6678   2.8138e-02   4.8593e-01   8.1557e-05   1.2410e-05
  3.5163e+18      50.4729   2.7724e-02   4.8613e-01   8.1595e-05   1.2404e-05
  3.6485e+18      50.2796   2.7315e-02   4.8634e-01   8.1634e-05   1.2398e-05
  3.7857e+18      50.0881   2.6912e-02   4.8654e-01   8.1674e-05   1.2392e-05
  3.9281e+18      49.8982   2.6514e-02   4.8674e-01   8.1713e-05   1.2385e-05
  4.0758e+18      49.7100   2.6120e-02   4.8694e-01   8.1753e-05   1.2377e-05
  4.2291e+18      49.5235   2.5731e-02   4.8713e-01   8.1792e-05   1.2370e-05
  4.3881e+18      49.3385   2.5348e-02   4.8732e-01   8.1832e-05   1.2362e-05
  4.5531e+18      49.1552   2.4969e-02   4.8751e-01   8.1872e-05   1.2354e-05
  4.7244e+18      48.9734   2.4594e-02   4.8770e-01   8.1913e-05   1.2345e-05
  4.9020e+18      48.7931   2.4224e-02   4.8788e-01   8.1953e-05   1.2337e-05
  5.0864e+18      48.6142   2.3859e-02   4.8807e-01   8.1992e-05   1.2330e-05
  5.2776e+18      48.4366   2.3498e-02   4.8825e-01   8.2030e-05   1.2324e-05
  5.4761e+18      48.2603   2.3142e-02   4.8843e-01   8.2066e-05   1.2319e-05
  5.6820e+18      48.0855   2.2790e-02   4.8860e-01   8.2102e-05   1.2315e-05
  5.8957e+18      47.9121   2.2442e-02   4.8878e-01   8.2139e-05   1.2310e-05
  6.1174e+18      47.7402   2.2099e-02   4.8895e-01   8.2175e-05   1.2305e-05
  6.3475e+18      47.5696   2.1759e-02   4.8912e-01   8.2212e-05   1.2300e-05
  6.5862e+18      47.4004   2.1425e-02   4.8928e-01   8.2248e-05   1.2294e-05
  6.8338e+18      47.2326   2.1094e-02   4.8945e-01   8.2285e-05   1.2289e-05
  7.0908e+18      47.0661   2.0767e-02   4.8961e-01   8.2322e-05   1.2283e-05
  7.3575e+18      46.9009   2.0443e-02   4.8978e-01   8.2359e-05   1.2277e-05
  7.6341e+18      46.7371   2.0124e-02   4.8993e-01   8.2397e-05   1.2271e-05
  7.9212e+18      46.5745   1.9810e-02   4.9009e-01   8.2434e-05   1.2264e-05
  8.2191e+18      46.4126   1.9498e-02   4.9025e-01   8.2466e-05   1.2263e-05
  8.5282e+18      46.2516   1.9191e-02   4.9040e-01   8.2496e-05   1.2264e-05
  8.8489e+18      46.0918   1.8887e-02   4.9055e-01   8.2526e-05   1.2266e-05
  9.1816e+18      45.9331   1.8587e-02   4.9070e-01   8.2556e-05   1.2267e-05
  9.5269e+18      45.7756   1.8291e-02   4.9085e-01   8.2585e-05   1.2269e-05
  9.8852e+18      45.6193   1.7998e-02   4.9100e-01   8.2615e-05   1.2270e-05
  1.0257e+19      45.4641   1.7709e-02   4.9114e-01   8.2645e-05   1.2271e-05
  1.0643e+19      45.3100   1.7423e-02   4.9129e-01   8.2675e-05   1.2272e-05
  1.1043e+19      45.1569   1.7141e-02   4.9143e-01   8.2705e-05   1.2273e-05
  1.1458e+19      45.0050   1.6862e-02   4.9157e-01   8.2735e-05   1.2274e-05
  1.1889e+19      44.8540   1.6587e-02   4.9170e-01   8.2765e-05   1.2275e-05
  1.2336e+19      44.7040   1.6315e-02   4.9184e-01   8.2796e-05   1.2276e-05
  1.2800e+19      44.5548   1.6046e-02   4.9197e-01   8.2824e-05   1.2278e-05
  1.3281e+19      44.4055   1.5781e-02   4.9211e-01   8.2844e-05   1.2290e-05
  1.3781e+19      44.2569   1.5519e-02   4.9224e-01   8.2863e-05   1.2303e-05
  1.4299e+19      44.1092   1.5260e-02   4.9237e-01   8.2881e-05   1.2316e-05
  1.4837e+19      43.9623   1.5004e-02   4.9250e-01   8.2900e-05   1.2329e-05
  1.5395e+19      43.8163   1.4751e-02   4.9262e-01   8.2918e-05   1.2342e-05
  1.5974e+19      43.6711   1.4502e-02   4.9275e-01   8.2937e-05   1.2355e-05
  1.6574e+19      43.5266   1.4255e-02   4.9287e-01   8.2955e-05   1.2369e-05
  1.7198e+19      43.3828   1.4012e-02   4.9299e-01   8.2973e-05   1.2383e-05
  1.7844e+19      43.2398   1.3771e-02   4.9311e-01   8.2991e-05   1.2397e-05
  1.8515e+19      43.0974   1.3534e-02   4.9323e-01   8.3009e-05   1.2411e-05
  1.9212e+19      42.9557   1.3299e-02   4.9335e-01   8.3027e-05   1.2425e-05
  1.9934e+19      42.8145   1.3067e-02   4.9346e-01   8.3044e-05   1.2440e-05
  2.0684e+19      42.6728   1.2838e-02   4.9358e-01   8.3053e-05   1.2464e-05
  2.1461e+19      42.5309   1.2612e-02   4.9369e-01   8.3055e-05   1.2495e-05
  2.2268e+19      42.3893   1.2389e-02   4.9380e-01   8.3057e-05   1.2526e-05
  2.3106e+19      42.2482   1.2168e-02   4.9391e-01   8.3059e-05   1.2558e-05
  2.3975e+19      42.1075   1.1950e-02   4.9402e-01   8.3060e-05   1.2590e-05
  2.4876e+19      41.9672   1.1735e-02   4.9413e-01   8.3060e-05   1.2623e-05
  2.5812e+19      41.8272   1.1523e-02   4.9424e-01   8.3061e-05   1.2657e-05
  2.6782e+19      41.6874   1.1313e-02   4.9434e-01   8.3061e-05   1.2691e-05
  2.7790e+19      41.5479   1.1105e-02   4.9445e-01   8.3060e-05   1.2726e-05
  2.8835e+19      41.4086   1.0901e-02   4.9455e-01   8.3059e-05   1.2761e-05
  2.9919e+19      41.2694   1.0698e-02   4.9465e-01   8.3058e-05   1.2797e-05
  3.1044e+19      41.1304   1.0497e-02   4.9475e-01   8.3057e-05   1.2832e-05
  3.2211e+19      40.9903   1.0301e-02   4.9485e-01   8.3046e-05   1.2878e-05
  3.3423e+19      40.8481   1.0107e-02   4.9495e-01   8.3020e-05   1.2941e-05
  3.4680e+19      40.7057   9.9142e-03   4.9504e-01   8.2992e-05   1.3006e-05
  3.5984e+19      40.5632   9.7241e-03   4.9514e-01   8.2963e-05   1.3071e-05
  3.7337e+19      40.4204   9.5367e-03   4.9523e-01   8.2932e-05   1.3139e-05
  3.8741e+19      40.2773   9.3514e-03   4.9532e-01   8.2901e-05   1.3207e-05
  4.0198e+19      40.1339   9.1685e-03   4.9541e-01   8.2869e-05   1.3277e-05
  4.1709e+19      39.9901   8.9878e-03   4.9550e-01   8.2835e-05   1.3349e-05
  4.3278e+19      39.8451   8.8094e-03   4.9559e-01   8.2800e-05   1.3422e-05
  4.4905e+19      39.6996   8.6333e-03   4.9568e-01   8.2763e-05   1.3497e-05
  4.6594e+19      39.5535   8.4594e-03   4.9577e-01   8.2726e-05   1.3573e-05
  4.8346e+19      39.4069   8.2876e-03   4.9585e-01   8.2687e-05   1.3651e-05
  5.0164e+19      39.2572   8.1180e-03   4.9594e-01   8.2630e-05   1.3748e-05
  5.2051e+19      39.1040   7.9507e-03   4.9602e-01   8.2551e-05   1.3869e-05
  5.4008e+19      38.9494   7.7854e-03   4.9611e-01   8.2466e-05   1.3995e-05
  5.6039e+19      38.7936   7.6223e-03   4.9619e-01   8.2379e-05   1.4124e-05
  5.8146e+19      38.6369   7.4612e-03   4.9627e-01   8.2288e-05   1.4257e-05
  6.0333e+19      38.4787   7.3021e-03   4.9635e-01   8.2194e-05   1.4394e-05
  6.2602e+19      38.3193   7.1450e-03   4.9643e-01   8.2098e-05   1.4534e-05
  6.4956e+19      38.1585   6.9899e-03   4.9650e-01   8.1998e-05   1.4677e-05
  6.7399e+19      37.9962   6.8368e-03   4.9658e-01   8.1894e-05   1.4825e-05
  6.9933e+19      37.8324   6.6856e-03   4.9666e-01   8.1787e-05   1.4976e-05
  7.2563e+19      37.6669   6.5361e-03   4.9673e-01   8.1677e-05   1.5131e-05
  7.5292e+19      37.4979   6.3890e-03   4.9680e-01   8.1550e-05   1.5304e-05
  7.8123e+19      37.3213   6.2437e-03   4.9688e-01   8.1376e-05   1.5525e-05
  8.1061e+19      37.1423   6.1002e-03   4.9695e-01   8.1196e-05   1.5754e-05
  8.4109e+19      36.9600   5.9586e-03   4.9702e-01   8.1001e-05   1.5997e-05
  8.7272e+19      36.7752   5.8186e-03   4.9709e-01   8.0799e-05   1.6248e-05
  9.0554e+19      36.5877   5.6808e-03   4.9716e-01   8.0588e-05   1.6508e-05
  9.3959e+19      36.3976   5.5446e-03   4.9723e-01   8.0370e-05   1.6776e-05
  9.7493e+19      36.2047   5.4101e-03   4.9729e-01   8.0144e-05   1.7053e-05
  1.0116e+20      36.0089   5.2774e-03   4.9736e-01   7.9909e-05   1.7339e-05
  1.0496e+20      35.8101   5.1464e-03   4.9743e-01   7.9666e-05   1.7633e-05
  1.0891e+20      35.6083   5.0171e-03   4.9749e-01   7.9413e-05   1.7938e-05
  1.1301e+20      35.3943   4.8896e-03   4.9755e-01   7.9084e-05   1.8321e-05
  1.1726e+20      35.1747   4.7638e-03   4.9762e-01   7.8729e-05   1.8731e-05
  1.2166e+20      34.9512   4.6396e-03   4.9768e-01   7.8358e-05   1.9157e-05
  1.2624e+20      34.7237   4.5170e-03   4.9774e-01   7.7971e-05   1.9599e-05
  1.3099e+20      34.4907   4.3961e-03   4.9780e-01   7.7558e-05   2.0069e-05
  1.3591e+20      34.2530   4.2767e-03   4.9786e-01   7.7124e-05   2.0560e-05
  1.4102e+20      34.0109   4.1589e-03   4.9792e-01   7.6671e-05   2.1070e-05
  1.4633e+20      33.7644   4.0427e-03   4.9798e-01   7.6198e-05   2.1599e-05
  1.5183e+20      33.5135   3.9279e-03   4.9804e-01   7.5706e-05   2.2149e-05
  1.5754e+20      33.2525   3.8147e-03   4.9809e-01   7.5150e-05   2.2764e-05
  1.6346e+20      32.9799   3.7030e-03   4.9815e-01   7.4517e-05   2.3457e-05
  1.6961e+20      32.7022   3.5928e-03   4.9820e-01   7.3855e-05   2.4180e-05
  1.7599e+20      32.4196   3.4839e-03   4.9826e-01   7.3163e-05   2.4933e-05
  1.8261e+20      32.1318   3.3765e-03   4.9831e-01   7.2439e-05   2.5718e-05
  1.8947e+20      31.8392   3.2705e-03   4.9836e-01   7.1684e-05   2.6534e-05
  1.9660e+20      31.5422   3.1658e-03   4.9842e-01   7.0897e-05   2.7382e-05
  2.0399e+20      31.2398   3.0625e-03   4.9847e-01   7.0071e-05   2.8268e-05
  2.1166e+20      30.9311   2.9605e-03   4.9852e-01   6.9192e-05   2.9208e-05
  2.1962e+20      30.6115   2.8598e-03   4.9857e-01   6.8218e-05   3.0244e-05
  2.2788e+20      30.2879   2.7604e-03   4.9862e-01   6.7204e-05   3.1320e-05
  2.3645e+20      29.9611   2.6623e-03   4.9867e-01   6.6149e-05   3.2436e-05
  2.4534e+20      29.6314   2.5655e-03   4.9872e-01   6.5056e-05   3.3590e-05
  2.5457e+20      29.2994   2.4700e-03   4.9876e-01   6.3924e-05   3.4782e-05
  2.6414e+20      28.9657   2.3757e-03   4.9881e-01   6.2754e-05   3.6012e-05
  2.7408e+20      28.6309   2.2829e-03   4.9886e-01   6.1548e-05   3.7276e-05
  2.8438e+20      28.2968   2.1914e-03   4.9890e-01   6.0317e-05   3.8564e-05
  2.9508e+20      27.9637   2.1013e-03   4.9895e-01   5.9064e-05   3.9874e-05
  3.0617e+20      27.6313   2.0127e-03   4.9899e-01   5.7782e-05   4.1211e-05
  3.1769e+20      27.3004   1.9256e-03   4.9904e-01   5.6473e-05   4.2574e-05
  3.2963e+20      26.9683   1.8400e-03   4.9908e-01   5.5107e-05   4.3993e-05
  3.4203e+20      26.6384   1.7559e-03   4.9912e-01   5.3713e-05   4.5438e-05
  3.5489e+20      26.3114   1.6736e-03   4.9916e-01   5.2298e-05   4.6904e-05
  3.6824e+20      25.9892   1.5931e-03   4.9920e-01   5.0885e-05   4.8365e-05
  3.8208e+20      25.6735   1.5145e-03   4.9924e-01   4.9499e-05   4.9798e-05
  3.9645e+20      25.3612   1.4378e-03   4.9928e-01   4.8101e-05   5.1240e-05
  4.1136e+20      25.0525   1.3631e-03   4.9932e-01   4.6695e-05   5.2690e-05
  4.2683e+20      24.7473   1.2905e-03   4.9935e-01   4.5282e-05   5.4144e-05
  4.4288e+20      24.4457   1.2200e-03   4.9939e-01   4.3865e-05   5.5600e-05
  4.5954e+20      24.1473   1.1516e-03   4.9942e-01   4.2446e-05   5.7057e-05
  4.7682e+20      23.8531   1.0855e-03   4.9946e-01   4.1038e-05   5.8502e-05
  4.9475e+20      23.5634   1.0217e-03   4.9949e-01   3.9660e-05   5.9913e-05
  5.1335e+20      23.2746   9.6010e-04   4.9952e-01   3.8257e-05   6.1349e-05
  5.3266e+20      22.9868   9.0076e-04   4.9955e-01   3.6828e-05   6.2809e-05
  5.5269e+20      22.7011   8.4378e-04   4.9958e-01   3.5403e-05   6.4264e-05
  5.7347e+20      22.4173   7.8918e-04   4.9961e-01   3.3984e-05   6.5710e-05
  5.9504e+20      22.1350   7.3691e-04   4.9963e-01   3.2573e-05   6.7147e-05
  6.1741e+20      21.8540   6.8701e-04   4.9966e-01   3.1173e-05   6.8572e-05
  6.4063e+20      21.5752   6.3950e-04   4.9968e-01   2.9821e-05   6.9947e-05
  6.6472e+20      21.2966   5.9433e-04   4.9970e-01   2.8480e-05   7.1310e-05
  6.8972e+20      21.0180   5.5143e-04   4.9972e-01   2.7151e-05   7.2658e-05
  7.1566e+20      20.7392   5.1078e-04   4.9974e-01   2.5836e-05   7.3992e-05
  7.4257e+20      20.4599   4.7233e-04   4.9976e-01   2.4537e-05   7.5308e-05
  7.7049e+20      20.1799   4.3601e-04   4.9978e-01   2.3254e-05   7.6606e-05
  7.9947e+20      19.8991   4.0184e-04   4.9980e-01   2.1988e-05   7.7887e-05
  8.2953e+20      19.6168   3.6968e-04   4.9982e-01   2.0709e-05   7.9180e-05
  8.6072e+20      19.3342   3.3953e-04   4.9983e-01   1.9479e-05   8.0423e-05
  8.9309e+20      19.0507   3.1131e-04   4.9984e-01   1.8275e-05   8.1638e-05
  9.2668e+20      18.7664   2.8493e-04   4.9986e-01   1.7099e-05   8.2824e-05
  9.6152e+20      18.4813   2.6039e-04   4.9987e-01   1.5954e-05   8.3978e-05
  9.9768e+20      18.1954   2.3755e-04   4.9988e-01   1.4842e-05   8.5099e-05
  1.0352e+21      17.9090   2.1636e-04   4.9989e-01   1.3765e-05   8.6183e-05
  1.0741e+21      17.6222   1.9677e-04   4.9990e-01   1.2726e-05   8.7229e-05
  1.1145e+21      17.3353   1.7869e-04   4.9991e-01   1.1747e-05   8.8214e-05
  1.1564e+21      17.0484   1.6205e-04   4.9992e-01   1.0820e-05   8.9147e-05
  1.1999e+21      16.7617   1.4676e-04   4.9993e-01   9.9315e-06   9.0039e-05
  1.2450e+21      16.4753   1.3275e-04   4.9993e-01   9.0843e-06   9.0891e-05
  1.2919e+21      16.1894   1.1995e-04   4.9994e-01   8.2577e-06   9.1721e-05
  1.3404e+21      15.9043   1.0828e-04   4.9995e-01   7.4649e-06   9.2517e-05
  1.3909e+21      15.6204   9.7689e-05   4.9995e-01   6.7232e-06   9.3261e-05
  1.4432e+21      15.3380   8.8111e-05   4.9996e-01   6.0328e-06   9.3954e-05
  1.4974e+21      15.0571   7.9480e-05   4.9996e-01   5.3943e-06   9.4595e-05
  1.5537e+21      14.7781   7.1734e-05   4.9996e-01   4.8152e-06   9.5175e-05
  1.6122e+21      14.5011   6.4806e-05   4.9997e-01   4.2828e-06   9.5709e-05
  1.6728e+21      14.2261   5.8636e-05   4.9997e-01   3.7957e-06   9.6197e-05
  1.7357e+21      13.9533   5.3166e-05   4.9997e-01   3.3530e-06   9.6641e-05
  1.8010e+21      13.6828   4.8346e-05   4.9998e-01   2.9525e-06   9.7043e-05
  1.8687e+21      13.4146   4.4116e-05   4.9998e-01   2.5930e-06   9.7403e-05
  1.9390e+21      13.1489   4.0440e-05   4.9998e-01   2.2719e-06   9.7724e-05
  2.0119e+21      12.8856   3.7255e-05   4.9998e-01   1.9863e-06   9.8010e-05
  2.0875e+21      12.6247   3.4524e-05   4.9998e-01   1.7284e-06   9.8269e-05
  2.1660e+21      12.3662   3.2205e-05   4.9998e-01   1.5065e-06   9.8491e-05
  2.2475e+21      12.1102   3.0259e-05   4.9998e-01   1.3155e-06   9.8682e-05
  2.3320e+21      11.8566   2.8646e-05   4.9999e-01   1.1520e-06   9.8846e-05
  2.4197e+21      11.6053   2.7341e-05   4.9999e-01   1.0127e-06   9.8985e-05
  2.5107e+21      11.3564   2.6301e-05   4.9999e-01   8.9470e-07   9.9103e-05
  2.6051e+21      11.1100   2.5502e-05   4.9999e-01   7.9477e-07   9.9203e-05
  2.7031e+21      10.8660   2.4915e-05   4.9999e-01   7.0999e-07   9.9287e-05
  2.8047e+21      10.6246   2.4514e-05   4.9999e-01   6.3752e-07   9.9359e-05
  2.9102e+21      10.3859   2.4253e-05   4.9999e-01   5.7527e-07   9.9421e-05
  3.0196e+21      10.1502   2.4168e-05   4.9999e-01   5.1951e-07   9.9477e-05
  3.1332e+21       9.9177   2.4180e-05   4.9999e-01   4.6946e-07   9.9526e-05
  3.2510e+21       9.6887   2.4279e-05   4.9999e-01   4.2267e-07   9.9572e-05
  3.3733e+21       9.4639   2.4437e-05   4.9999e-01   3.7811e-07   9.9615e-05
  3.5001e+21       9.2437   2.4631e-05   4.9999e-01   3.3471e-07   9.9657e-05
  3.6317e+21       9.0287   2.4818e-05   4.9999e-01   2.9220e-07   9.9697e-05
  3.7683e+21       8.8197   2.4965e-05   4.9999e-01   2.5071e-07   9.9736e-05
  3.9100e+21       8.6176   2.5033e-05   4.9999e-01   2.1127e-07   9.9772e-05
  4.0571e+21       8.4233   2.4992e-05   4.9999e-01   1.7518e-07   9.9804e-05
  4.2096e+21       8.2380   2.4840e-05   4.9999e-01   1.4345e-07   9.9830e-05
  4.3679e+21       8.0625   2.4602e-05   4.9999e-01   1.1645e-07   9.9850e-05
  4.5322e+21       7.8980   2.4313e-05   4.9999e-01   9.3905e-08   9.9864e-05
  4.7026e+21       7.7453   2.4005e-05   4.9999e-01   7.5269e-08   9.9872e-05
  4.8795e+21       7.6051   2.3711e-05   4.9999e-01   5.9945e-08   9.9873e-05
  5.0629e+21       7.4781   2.3453e-05   4.9999e-01   4.7409e-08   9.9867e-05
  5.2533e+21       7.3644   2.3233e-05   4.9999e-01   3.7216e-08   9.9852e-05
  5.4509e+21       7.2642   2.3044e-05   4.9999e-01   2.8975e-08   9.9827e-05
  5.6559e+21       7.1772   2.2899e-05   4.9999e-01   2.2334e-08   9.9791e-05
  5.8686e+21       7.1027   2.2739e-05   4.9999e-01   1.7039e-08   9.9743e-05
  6.0892e+21       7.0399   2.2647e-05   4.9999e-01   1.2771e-08   9.9684e-05
  6.3182e+21       6.9878   2.2517e-05   4.9999e-01   9.4865e-09   9.9613e-05
  6.5558e+21       6.9453   2.2402e-05   4.9999e-01   6.8950e-09   9.9537e-05
  6.8024e+21       6.9110   2.2252e-05   4.9998e-01   4.9106e-09   9.9461e-05
  7.0582e+21       6.8839   2.2044e-05   4.9998e-01   3.4226e-09   9.9393e-05
  7.3236e+21       6.8626   2.1832e-05   4.9998e-01   2.3302e-09   9.9341e-05
  7.5990e+21       6.8463   2.1532e-05   4.9998e-01   1.5634e-09   9.9310e-05
  7.8848e+21       6.8338   2.1140e-05   4.9998e-01   1.0474e-09   9.9306e-05
  8.1813e+21       6.8245   2.0708e-05   4.9998e-01   7.1123e-10   9.9326e-05
  8.4889e+21       6.8176   2.0173e-05   4.9997e-01   4.9997e-10   9.9363e-05
  8.8081e+21       6.8133   2.0137e-05   4.9997e-01   4.8916e-10   9.9367e-05
  9.1394e+21       6.8102   2.0116e-05   4.9997e-01   4.8316e-10   9.9369e-05
  9.4831e+21       6.8062   1.8550e-05   4.9996e-01   2.2908e-10   9.9499e-05
  9.8397e+21       6.8046   1.8079e-05   4.9996e-01   1.9526e-10   9.9533e-05
  1.0210e+22       6.8034   1.7679e-05   4.9996e-01   1.7409e-10   9.9556e-05
  1.0594e+22       6.8028   1.7347e-05   4.9995e-01   1.6122e-10   9.9571e-05
  1.0992e+22       6.8024   1.7085e-05   4.9995e-01   1.5367e-10   9.9579e-05
  1.1405e+22       6.8024   1.7085e-05   4.9995e-01   1.5367e-10   9.9579e-05
  1.1834e+22       6.8025   1.7082e-05   4.9995e-01   1.5360e-10   9.9579e-05
  1.2279e+22       6.8026   1.7082e-05   4.9995e-01   1.5359e-10   9.9579e-05
  1.2741e+22       6.8023   1.6694e-05   4.9994e-01   1.4448e-10   9.9575e-05
  1.3220e+22       6.8025   1.6661e-05   4.9994e-01   1.4414e-10   9.9573e-05
  1.3717e+22       6.8026   1.6638e-05   4.9994e-01   1.4401e-10   9.9572e-05
  1.4233e+22       6.8027   1.6627e-05   4.9994e-01   1.4391e-10   9.9571e-05
  1.4768e+22       6.8029   1.6608e-05   4.9994e-01   1.4398e-10   9.9571e-05
  1.5324e+22       6.8030   1.6541e-05   4.9994e-01   1.4451e-10   9.9572e-05
  1.5900e+22       6.8031   1.6605e-05   4.9994e-01   1.4393e-10   9.9570e-05
