# NH                 T_gas  H            H2           C            CO
  1.5900e+14     384.6565   4.1263e-01   2.9347e-01   4.4471e-06   6.1999e-05
  1.6498e+14     384.1688   4.1099e-01   2.9429e-01   4.4372e-06   6.2071e-05
  1.7118e+14     383.6642   4.0929e-01   2.9514e-01   4.4271e-06   6.2146e-05
  1.7762e+14     383.1423   4.0753e-01   2.9602e-01   4.4168e-06   6.2224e-05
  1.8430e+14     382.6023   4.0570e-01   2.9694e-01   4.4061e-06   6.2304e-05
  1.9123e+14     382.0437   4.0382e-01   2.9788e-01   4.3952e-06   6.2387e-05
  1.9842e+14     381.4660   4.0187e-01   2.9886e-01   4.3841e-06   6.2473e-05
  2.0588e+14     380.8684   3.9985e-01   2.9987e-01   4.3726e-06   6.2562e-05
  2.1363e+14     380.2504   3.9776e-01   3.0091e-01   4.3609e-06   6.2653e-05
  2.2166e+14     379.6114   3.9559e-01   3.0199e-01   4.3489e-06   6.2748e-05
  2.2999e+14     378.9505   3.9336e-01   3.0311e-01   4.3366e-06   6.2847e-05
  2.3864e+14     378.2671   3.9104e-01   3.0427e-01   4.3240e-06   6.2949e-05
  2.4762e+14     377.5606   3.8865e-01   3.0546e-01   4.3111e-06   6.3054e-05
  2.5693e+14     376.8300   3.8618e-01   3.0670e-01   4.2979e-06   6.3163e-05
  2.6659e+14     376.0748   3.8362e-01   3.0798e-01   4.2844e-06   6.3276e-05
  2.7662e+14     375.2940   3.8098e-01   3.0930e-01   4.2707e-06   6.3392e-05
  2.8702e+14     374.4868   3.7825e-01   3.1066e-01   4.2566e-06   6.3513e-05
  2.9781e+14     373.6524   3.7543e-01   3.1207e-01   4.2422e-06   6.3638e-05
  3.0901e+14     372.7898   3.7252e-01   3.1353e-01   4.2276e-06   6.3767e-05
  3.2063e+14     371.8982   3.6952e-01   3.1503e-01   4.2126e-06   6.3901e-05
  3.3269e+14     370.9766   3.6642e-01   3.1658e-01   4.1974e-06   6.4039e-05
  3.4520e+14     370.0240   3.6322e-01   3.1818e-01   4.1818e-06   6.4183e-05
  3.5818e+14     369.0394   3.5992e-01   3.1983e-01   4.1660e-06   6.4331e-05
  3.7165e+14     368.0217   3.5652e-01   3.2153e-01   4.1498e-06   6.4485e-05
  3.8563e+14     366.9697   3.5301e-01   3.2328e-01   4.1334e-06   6.4645e-05
  4.0013e+14     365.8823   3.4940e-01   3.2509e-01   4.1166e-06   6.4810e-05
  4.1517e+14     364.7582   3.4568e-01   3.2695e-01   4.0996e-06   6.4981e-05
  4.3079e+14     363.5963   3.4185e-01   3.2886e-01   4.0823e-06   6.5158e-05
  4.4699e+14     362.3952   3.3792e-01   3.3083e-01   4.0647e-06   6.5342e-05
  4.6380e+14     361.1534   3.3387e-01   3.3286e-01   4.0468e-06   6.5532e-05
  4.8124e+14     359.8697   3.2971e-01   3.3494e-01   4.0287e-06   6.5730e-05
  4.9933e+14     358.5423   3.2543e-01   3.3707e-01   4.0103e-06   6.5935e-05
  5.1811e+14     357.1698   3.2104e-01   3.3927e-01   3.9916e-06   6.6148e-05
  5.3760e+14     355.7505   3.1654e-01   3.4152e-01   3.9726e-06   6.6369e-05
  5.5781e+14     354.2827   3.1193e-01   3.4382e-01   3.9534e-06   6.6598e-05
  5.7879e+14     352.7645   3.0720e-01   3.4619e-01   3.9339e-06   6.6837e-05
  6.0055e+14     351.1942   3.0236e-01   3.4861e-01   3.9142e-06   6.7084e-05
  6.2314e+14     349.5697   2.9741e-01   3.5108e-01   3.8943e-06   6.7342e-05
  6.4657e+14     347.8888   2.9235e-01   3.5361e-01   3.8740e-06   6.7610e-05
  6.7088e+14     346.1497   2.8718e-01   3.5620e-01   3.8535e-06   6.7889e-05
  6.9611e+14     344.3500   2.8190e-01   3.5883e-01   3.8328e-06   6.8180e-05
  7.2229e+14     342.4876   2.7653e-01   3.6152e-01   3.8120e-06   6.8482e-05
  7.4945e+14     340.5600   2.7105e-01   3.6425e-01   3.7909e-06   6.8797e-05
  7.7764e+14     338.5649   2.6549e-01   3.6704e-01   3.7696e-06   6.9125e-05
  8.0688e+14     336.4998   2.5983e-01   3.6986e-01   3.7482e-06   6.9467e-05
  8.3722e+14     334.3624   2.5409e-01   3.7273e-01   3.7266e-06   6.9823e-05
  8.6870e+14     332.1500   2.4827e-01   3.7564e-01   3.7049e-06   7.0194e-05
  9.0137e+14     329.8601   2.4238e-01   3.7859e-01   3.6831e-06   7.0581e-05
  9.3527e+14     327.4903   2.3642e-01   3.8156e-01   3.6612e-06   7.0984e-05
  9.7044e+14     325.0380   2.3040e-01   3.8457e-01   3.6392e-06   7.1404e-05
  1.0069e+15     322.5007   2.2434e-01   3.8760e-01   3.6171e-06   7.1842e-05
  1.0448e+15     319.8760   2.1823e-01   3.9065e-01   3.5950e-06   7.2297e-05
  1.0841e+15     317.1616   2.1210e-01   3.9371e-01   3.5729e-06   7.2772e-05
  1.1249e+15     314.3549   2.0594e-01   3.9679e-01   3.5508e-06   7.3265e-05
  1.1672e+15     311.4536   1.9976e-01   3.9987e-01   3.5289e-06   7.3777e-05
  1.2110e+15     308.4553   1.9359e-01   4.0295e-01   3.5070e-06   7.4309e-05
  1.2566e+15     305.3575   1.8743e-01   4.0603e-01   3.4852e-06   7.4861e-05
  1.3038e+15     302.1573   1.8128e-01   4.0910e-01   3.4636e-06   7.5433e-05
  1.3529e+15     297.6806   1.7492e-01   4.1227e-01   2.7763e-06   7.9164e-05
  1.4037e+15     294.2951   1.6885e-01   4.1529e-01   2.7596e-06   7.9734e-05
  1.4565e+15     290.8023   1.6284e-01   4.1829e-01   2.7432e-06   8.0319e-05
  1.5113e+15     287.1985   1.5689e-01   4.2126e-01   2.7270e-06   8.0918e-05
  1.5681e+15     283.4799   1.5101e-01   4.2419e-01   2.7112e-06   8.1529e-05
  1.6271e+15     279.6424   1.4522e-01   4.2708e-01   2.6957e-06   8.2151e-05
  1.6883e+15     275.6815   1.3952e-01   4.2992e-01   2.6805e-06   8.2783e-05
  1.7518e+15     271.5930   1.3392e-01   4.3271e-01   2.6658e-06   8.3423e-05
  1.8177e+15     267.3732   1.2843e-01   4.3545e-01   2.6515e-06   8.4068e-05
  1.8860e+15     263.0193   1.2306e-01   4.3812e-01   2.6375e-06   8.4716e-05
  1.9569e+15     258.5312   1.1782e-01   4.4073e-01   2.6240e-06   8.5363e-05
  2.0305e+15     253.9117   1.1272e-01   4.4327e-01   2.6109e-06   8.6006e-05
  2.1069e+15     249.2762   1.0776e-01   4.4574e-01   2.5981e-06   8.6625e-05
  2.1861e+15     244.4295   1.0295e-01   4.4813e-01   2.5859e-06   8.7241e-05
  2.2683e+15     239.4901   9.8290e-02   4.5045e-01   2.5741e-06   8.7836e-05
  2.3536e+15     234.4823   9.3789e-02   4.5269e-01   2.5629e-06   8.8403e-05
  2.4421e+15     229.4338   8.9450e-02   4.5485e-01   2.5523e-06   8.8936e-05
  2.5340e+15     224.3729   8.5275e-02   4.5693e-01   2.5425e-06   8.9430e-05
  2.6293e+15     219.3247   8.1266e-02   4.5893e-01   2.5334e-06   8.9882e-05
  2.7281e+15     214.3090   7.7422e-02   4.6085e-01   2.5254e-06   9.0292e-05
  2.8307e+15     209.3380   7.3742e-02   4.6269e-01   2.5187e-06   9.0657e-05
  2.9372e+15     204.4169   7.0223e-02   4.6445e-01   2.5133e-06   9.0980e-05
  3.0476e+15     199.2712   6.6851e-02   4.6614e-01   2.5031e-06   9.1304e-05
  3.1622e+15     194.5734   6.3648e-02   4.6774e-01   2.5010e-06   9.1540e-05
  3.2812e+15     189.9037   6.0596e-02   4.6928e-01   2.5004e-06   9.1741e-05
  3.4045e+15     185.2577   5.7689e-02   4.7074e-01   2.5015e-06   9.1909e-05
  3.5326e+15     180.6330   5.4926e-02   4.7213e-01   2.5043e-06   9.2046e-05
  3.6654e+15     176.0299   5.2300e-02   4.7345e-01   2.5089e-06   9.2152e-05
  3.8032e+15     171.4520   4.9808e-02   4.7471e-01   2.5149e-06   9.2228e-05
  3.9463e+15     166.9058   4.7446e-02   4.7591e-01   2.5224e-06   9.2276e-05
  4.0947e+15     162.4003   4.5209e-02   4.7704e-01   2.5311e-06   9.2296e-05
  4.2486e+15     152.8049   4.3146e-02   4.7808e-01   2.5395e-06   9.2250e-05
  4.4084e+15     148.6619   4.1156e-02   4.7909e-01   2.5502e-06   9.2193e-05
  4.5742e+15     144.5998   3.9274e-02   4.8005e-01   2.5613e-06   9.2117e-05
  4.7462e+15     140.6271   3.7495e-02   4.8095e-01   2.5726e-06   9.2024e-05
  4.9247e+15     136.7516   3.5815e-02   4.8180e-01   2.5837e-06   9.1915e-05
  5.1099e+15     132.9804   3.4227e-02   4.8261e-01   2.5945e-06   9.1794e-05
  5.3020e+15     129.3192   3.2728e-02   4.8337e-01   2.6051e-06   9.1661e-05
  5.5014e+15     125.7724   3.1313e-02   4.8409e-01   2.6152e-06   9.1520e-05
  5.7083e+15     122.3431   2.9976e-02   4.8477e-01   2.6248e-06   9.1372e-05
  5.9230e+15     119.0329   2.8714e-02   4.8541e-01   2.6338e-06   9.1220e-05
  6.1457e+15     115.8425   2.7522e-02   4.8602e-01   2.6422e-06   9.1064e-05
  6.3768e+15     112.7714   2.6397e-02   4.8659e-01   2.6498e-06   9.0908e-05
  6.6166e+15     109.8182   2.5333e-02   4.8714e-01   2.6567e-06   9.0753e-05
  6.8654e+15     106.9809   2.4329e-02   4.8765e-01   2.6629e-06   9.0600e-05
  7.1236e+15     104.2567   2.3379e-02   4.8813e-01   2.6683e-06   9.0451e-05
  7.3915e+15     101.6428   2.2482e-02   4.8859e-01   2.6728e-06   9.0306e-05
  7.6694e+15      99.0975   2.1635e-02   4.8902e-01   2.6761e-06   9.0166e-05
  7.9579e+15      96.6007   2.0836e-02   4.8942e-01   2.6783e-06   9.0029e-05
  8.2571e+15      94.2236   2.0080e-02   4.8981e-01   2.6799e-06   8.9901e-05
  8.5676e+15      91.9586   1.9364e-02   4.9017e-01   2.6807e-06   8.9780e-05
  8.8898e+15      89.7989   1.8687e-02   4.9052e-01   2.6809e-06   8.9668e-05
  9.2241e+15      87.7383   1.8044e-02   4.9085e-01   2.6804e-06   8.9564e-05
  9.5710e+15      85.7708   1.7436e-02   4.9116e-01   2.6795e-06   8.9468e-05
  9.9309e+15      83.8907   1.6859e-02   4.9145e-01   2.6780e-06   8.9380e-05
  1.0304e+16      82.0932   1.6312e-02   4.9173e-01   2.6760e-06   8.9300e-05
  1.0692e+16      80.3731   1.5793e-02   4.9199e-01   2.6736e-06   8.9227e-05
  1.1094e+16      78.7261   1.5301e-02   4.9224e-01   2.6709e-06   8.9162e-05
  1.1511e+16      77.1480   1.4834e-02   4.9248e-01   2.6677e-06   8.9103e-05
  1.1944e+16      75.6347   1.4391e-02   4.9271e-01   2.6636e-06   8.9053e-05
  1.2393e+16      74.1830   1.3969e-02   4.9292e-01   2.6593e-06   8.9008e-05
  1.2859e+16      72.7893   1.3569e-02   4.9312e-01   2.6548e-06   8.8970e-05
  1.3343e+16      71.4506   1.3188e-02   4.9332e-01   2.6501e-06   8.8936e-05
  1.3844e+16      70.1639   1.2826e-02   4.9350e-01   2.6451e-06   8.8908e-05
  1.4365e+16      68.9264   1.2482e-02   4.9368e-01   2.6401e-06   8.8885e-05
  1.4905e+16      67.7361   1.2154e-02   4.9384e-01   2.6349e-06   8.8865e-05
  1.5466e+16      66.5899   1.1841e-02   4.9400e-01   2.6296e-06   8.8850e-05
  1.6047e+16      65.4861   1.1544e-02   4.9415e-01   2.6243e-06   8.8838e-05
  1.6651e+16      64.4223   1.1260e-02   4.9430e-01   2.6189e-06   8.8830e-05
  1.7277e+16      63.3967   1.0989e-02   4.9444e-01   2.6135e-06   8.8825e-05
  1.7927e+16      62.4072   1.0731e-02   4.9457e-01   2.6081e-06   8.8823e-05
  1.8601e+16      61.4525   1.0484e-02   4.9469e-01   2.6019e-06   8.8826e-05
  1.9300e+16      60.5306   1.0248e-02   4.9481e-01   2.5955e-06   8.8832e-05
  2.0026e+16      59.6403   1.0022e-02   4.9493e-01   2.5891e-06   8.8840e-05
  2.0779e+16      58.7801   9.8058e-03   4.9504e-01   2.5828e-06   8.8850e-05
  2.1561e+16      57.9482   9.5986e-03   4.9514e-01   2.5753e-06   8.8865e-05
  2.2371e+16      57.1435   9.4000e-03   4.9524e-01   2.5676e-06   8.8883e-05
  2.3213e+16      56.3648   9.2095e-03   4.9534e-01   2.5599e-06   8.8903e-05
  2.4086e+16      55.6107   9.0267e-03   4.9543e-01   2.5524e-06   8.8923e-05
  2.4991e+16      54.8803   8.8512e-03   4.9552e-01   2.5449e-06   8.8945e-05
  2.5931e+16      54.1724   8.6825e-03   4.9561e-01   2.5375e-06   8.8968e-05
  2.6906e+16      53.4862   8.5203e-03   4.9569e-01   2.5303e-06   8.8992e-05
  2.7918e+16      52.8205   8.3643e-03   4.9577e-01   2.5232e-06   8.9017e-05
  2.8968e+16      52.1744   8.2138e-03   4.9585e-01   2.5154e-06   8.9045e-05
  3.0057e+16      51.5471   8.0687e-03   4.9592e-01   2.5069e-06   8.9076e-05
  3.1188e+16      50.9378   7.9287e-03   4.9599e-01   2.4985e-06   8.9108e-05
  3.2360e+16      50.3457   7.7936e-03   4.9606e-01   2.4903e-06   8.9140e-05
  3.3577e+16      49.7701   7.6633e-03   4.9613e-01   2.4831e-06   8.9170e-05
  3.4840e+16      49.2105   7.5375e-03   4.9619e-01   2.4764e-06   8.9200e-05
  3.6150e+16      48.6658   7.4158e-03   4.9625e-01   2.4698e-06   8.9230e-05
  3.7510e+16      48.1356   7.2981e-03   4.9631e-01   2.4634e-06   8.9260e-05
  3.8920e+16      47.6193   7.1841e-03   4.9637e-01   2.4572e-06   8.9291e-05
  4.0384e+16      47.1162   7.0737e-03   4.9643e-01   2.4511e-06   8.9322e-05
  4.1902e+16      46.6259   6.9666e-03   4.9648e-01   2.4452e-06   8.9353e-05
  4.3478e+16      46.1478   6.8628e-03   4.9653e-01   2.4395e-06   8.9384e-05
  4.5113e+16      45.6814   6.7620e-03   4.9658e-01   2.4337e-06   8.9416e-05
  4.6810e+16      45.2262   6.6636e-03   4.9663e-01   2.4261e-06   8.9454e-05
  4.8570e+16      44.7818   6.5679e-03   4.9668e-01   2.4187e-06   8.9491e-05
  5.0396e+16      44.3477   6.4749e-03   4.9673e-01   2.4115e-06   8.9529e-05
  5.2292e+16      43.9237   6.3844e-03   4.9678e-01   2.4045e-06   8.9567e-05
  5.4258e+16      43.5092   6.2963e-03   4.9682e-01   2.3976e-06   8.9605e-05
  5.6298e+16      43.1040   6.2105e-03   4.9686e-01   2.3910e-06   8.9642e-05
  5.8415e+16      42.7077   6.1268e-03   4.9691e-01   2.3846e-06   8.9680e-05
  6.0612e+16      42.3200   6.0452e-03   4.9695e-01   2.3784e-06   8.9718e-05
  6.2891e+16      41.9406   5.9656e-03   4.9699e-01   2.3724e-06   8.9756e-05
  6.5256e+16      41.5691   5.8879e-03   4.9703e-01   2.3666e-06   8.9793e-05
  6.7710e+16      41.2054   5.8120e-03   4.9707e-01   2.3610e-06   8.9831e-05
  7.0257e+16      40.8491   5.7379e-03   4.9710e-01   2.3556e-06   8.9868e-05
  7.2899e+16      40.4998   5.6649e-03   4.9714e-01   2.3482e-06   8.9911e-05
  7.5640e+16      40.1575   5.5934e-03   4.9718e-01   2.3403e-06   8.9956e-05
  7.8484e+16      39.8219   5.5235e-03   4.9721e-01   2.3327e-06   9.0001e-05
  8.1436e+16      39.4928   5.4550e-03   4.9725e-01   2.3253e-06   9.0046e-05
  8.4498e+16      39.1699   5.3879e-03   4.9728e-01   2.3181e-06   9.0090e-05
  8.7676e+16      38.8532   5.3222e-03   4.9732e-01   2.3112e-06   9.0135e-05
  9.0973e+16      38.5425   5.2579e-03   4.9735e-01   2.3045e-06   9.0179e-05
  9.4394e+16      38.2375   5.1948e-03   4.9738e-01   2.2981e-06   9.0223e-05
  9.7944e+16      37.9381   5.1329e-03   4.9741e-01   2.2919e-06   9.0267e-05
  1.0163e+17      37.6441   5.0722e-03   4.9744e-01   2.2860e-06   9.0310e-05
  1.0545e+17      37.3554   5.0127e-03   4.9747e-01   2.2803e-06   9.0354e-05
  1.0941e+17      37.0719   4.9542e-03   4.9750e-01   2.2749e-06   9.0397e-05
  1.1353e+17      36.7932   4.8966e-03   4.9753e-01   2.2683e-06   9.0443e-05
  1.1780e+17      36.5193   4.8394e-03   4.9756e-01   2.2599e-06   9.0495e-05
  1.2223e+17      36.2501   4.7832e-03   4.9759e-01   2.2518e-06   9.0547e-05
  1.2682e+17      35.9856   4.7281e-03   4.9762e-01   2.2439e-06   9.0598e-05
  1.3159e+17      35.7256   4.6739e-03   4.9764e-01   2.2362e-06   9.0649e-05
  1.3654e+17      35.4699   4.6206e-03   4.9767e-01   2.2288e-06   9.0700e-05
  1.4168e+17      35.2186   4.5681e-03   4.9770e-01   2.2217e-06   9.0750e-05
  1.4700e+17      34.9715   4.5166e-03   4.9772e-01   2.2149e-06   9.0801e-05
  1.5253e+17      34.7284   4.4658e-03   4.9775e-01   2.2084e-06   9.0850e-05
  1.5827e+17      34.4894   4.4159e-03   4.9777e-01   2.2022e-06   9.0900e-05
  1.6422e+17      34.2543   4.3668e-03   4.9780e-01   2.1963e-06   9.0949e-05
  1.7040e+17      34.0230   4.3184e-03   4.9782e-01   2.1907e-06   9.0998e-05
  1.7680e+17      33.7955   4.2707e-03   4.9785e-01   2.1851e-06   9.1047e-05
  1.8345e+17      33.5714   4.2230e-03   4.9787e-01   2.1765e-06   9.1104e-05
  1.9035e+17      33.3509   4.1760e-03   4.9790e-01   2.1681e-06   9.1161e-05
  1.9751e+17      33.1339   4.1298e-03   4.9792e-01   2.1602e-06   9.1218e-05
  2.0494e+17      32.9204   4.0841e-03   4.9794e-01   2.1524e-06   9.1274e-05
  2.1264e+17      32.7103   4.0392e-03   4.9797e-01   2.1449e-06   9.1330e-05
  2.2064e+17      32.5035   3.9948e-03   4.9799e-01   2.1377e-06   9.1385e-05
  2.2894e+17      32.2999   3.9511e-03   4.9801e-01   2.1309e-06   9.1440e-05
  2.3754e+17      32.0996   3.9081e-03   4.9803e-01   2.1243e-06   9.1495e-05
  2.4648e+17      31.9023   3.8656e-03   4.9805e-01   2.1181e-06   9.1549e-05
  2.5575e+17      31.7082   3.8237e-03   4.9807e-01   2.1122e-06   9.1603e-05
  2.6536e+17      31.5171   3.7824e-03   4.9810e-01   2.1066e-06   9.1656e-05
  2.7534e+17      31.3290   3.7417e-03   4.9812e-01   2.1013e-06   9.1709e-05
  2.8570e+17      31.1436   3.7011e-03   4.9814e-01   2.0942e-06   9.1767e-05
  2.9644e+17      30.9610   3.6608e-03   4.9816e-01   2.0868e-06   9.1825e-05
  3.0759e+17      30.7813   3.6211e-03   4.9818e-01   2.0798e-06   9.1883e-05
  3.1916e+17      30.6044   3.5820e-03   4.9820e-01   2.0731e-06   9.1941e-05
  3.3116e+17      30.4301   3.5433e-03   4.9822e-01   2.0665e-06   9.1999e-05
  3.4361e+17      30.2585   3.5051e-03   4.9824e-01   2.0602e-06   9.2056e-05
  3.5653e+17      30.0896   3.4674e-03   4.9825e-01   2.0542e-06   9.2113e-05
  3.6994e+17      29.9232   3.4302e-03   4.9827e-01   2.0485e-06   9.2169e-05
  3.8385e+17      29.7595   3.3934e-03   4.9829e-01   2.0431e-06   9.2225e-05
  3.9829e+17      29.5982   3.3572e-03   4.9831e-01   2.0380e-06   9.2280e-05
  4.1326e+17      29.4393   3.3213e-03   4.9833e-01   2.0332e-06   9.2335e-05
  4.2880e+17      29.2829   3.2860e-03   4.9835e-01   2.0287e-06   9.2390e-05
  4.4493e+17      29.1289   3.2509e-03   4.9836e-01   2.0239e-06   9.2445e-05
  4.6166e+17      28.9771   3.2162e-03   4.9838e-01   2.0187e-06   9.2502e-05
  4.7902e+17      28.8277   3.1818e-03   4.9840e-01   2.0138e-06   9.2558e-05
  4.9704e+17      28.6805   3.1479e-03   4.9842e-01   2.0093e-06   9.2613e-05
  5.1573e+17      28.5356   3.1144e-03   4.9843e-01   2.0048e-06   9.2669e-05
  5.3512e+17      28.3929   3.0813e-03   4.9845e-01   2.0006e-06   9.2724e-05
  5.5524e+17      28.2523   3.0486e-03   4.9847e-01   1.9966e-06   9.2779e-05
  5.7612e+17      28.1139   3.0162e-03   4.9848e-01   1.9929e-06   9.2833e-05
  5.9779e+17      27.9775   2.9843e-03   4.9850e-01   1.9895e-06   9.2887e-05
  6.2027e+17      27.8433   2.9527e-03   4.9851e-01   1.9863e-06   9.2940e-05
  6.4359e+17      27.7111   2.9215e-03   4.9853e-01   1.9834e-06   9.2993e-05
  6.6780e+17      27.5809   2.8907e-03   4.9855e-01   1.9807e-06   9.3045e-05
  6.9291e+17      27.4526   2.8602e-03   4.9856e-01   1.9781e-06   9.3098e-05
  7.1896e+17      27.3263   2.8300e-03   4.9858e-01   1.9754e-06   9.3151e-05
  7.4600e+17      27.2019   2.8001e-03   4.9859e-01   1.9729e-06   9.3203e-05
  7.7406e+17      27.0794   2.7706e-03   4.9861e-01   1.9706e-06   9.3255e-05
  8.0316e+17      26.9587   2.7414e-03   4.9862e-01   1.9686e-06   9.3307e-05
  8.3337e+17      26.8399   2.7124e-03   4.9864e-01   1.9664e-06   9.3359e-05
  8.6471e+17      26.7229   2.6838e-03   4.9865e-01   1.9644e-06   9.3411e-05
  8.9722e+17      26.6076   2.6556e-03   4.9866e-01   1.9626e-06   9.3462e-05
  9.3096e+17      26.4941   2.6276e-03   4.9868e-01   1.9611e-06   9.3512e-05
  9.6597e+17      26.3823   2.6000e-03   4.9869e-01   1.9599e-06   9.3563e-05
  1.0023e+18      26.2723   2.5727e-03   4.9871e-01   1.9588e-06   9.3613e-05
  1.0400e+18      26.1639   2.5456e-03   4.9872e-01   1.9580e-06   9.3662e-05
  1.0791e+18      26.0571   2.5189e-03   4.9873e-01   1.9574e-06   9.3711e-05
  1.1197e+18      25.9519   2.4923e-03   4.9875e-01   1.9558e-06   9.3762e-05
  1.1618e+18      25.8483   2.4660e-03   4.9876e-01   1.9544e-06   9.3812e-05
  1.2055e+18      25.7463   2.4400e-03   4.9877e-01   1.9532e-06   9.3862e-05
  1.2508e+18      25.6459   2.4143e-03   4.9879e-01   1.9522e-06   9.3912e-05
  1.2978e+18      25.5469   2.3888e-03   4.9880e-01   1.9511e-06   9.3962e-05
  1.3466e+18      25.4494   2.3635e-03   4.9881e-01   1.9499e-06   9.4012e-05
  1.3973e+18      25.3535   2.3385e-03   4.9882e-01   1.9489e-06   9.4061e-05
  1.4498e+18      25.2590   2.3138e-03   4.9884e-01   1.9480e-06   9.4110e-05
  1.5044e+18      25.1659   2.2894e-03   4.9885e-01   1.9474e-06   9.4159e-05
  1.5609e+18      25.0743   2.2652e-03   4.9886e-01   1.9469e-06   9.4207e-05
  1.6196e+18      24.9840   2.2414e-03   4.9887e-01   1.9466e-06   9.4255e-05
  1.6805e+18      24.8952   2.2177e-03   4.9889e-01   1.9464e-06   9.4302e-05
  1.7437e+18      24.8076   2.1941e-03   4.9890e-01   1.9451e-06   9.4352e-05
  1.8093e+18      24.7213   2.1707e-03   4.9891e-01   1.9433e-06   9.4402e-05
  1.8773e+18      24.6363   2.1476e-03   4.9892e-01   1.9415e-06   9.4452e-05
  1.9479e+18      24.5526   2.1247e-03   4.9893e-01   1.9399e-06   9.4502e-05
  2.0212e+18      24.4702   2.1020e-03   4.9894e-01   1.9384e-06   9.4551e-05
  2.0972e+18      24.3891   2.0795e-03   4.9896e-01   1.9364e-06   9.4601e-05
  2.1761e+18      24.3091   2.0572e-03   4.9897e-01   1.9346e-06   9.4650e-05
  2.2579e+18      24.2304   2.0352e-03   4.9898e-01   1.9330e-06   9.4699e-05
  2.3428e+18      24.1529   2.0134e-03   4.9899e-01   1.9314e-06   9.4747e-05
  2.4309e+18      24.0766   1.9919e-03   4.9900e-01   1.9299e-06   9.4795e-05
  2.5223e+18      24.0014   1.9706e-03   4.9901e-01   1.9286e-06   9.4843e-05
  2.6172e+18      23.9275   1.9495e-03   4.9902e-01   1.9274e-06   9.4890e-05
  2.7156e+18      23.8545   1.9285e-03   4.9903e-01   1.9254e-06   9.4938e-05
  2.8177e+18      23.7826   1.9076e-03   4.9904e-01   1.9216e-06   9.4990e-05
  2.9237e+18      23.7118   1.8868e-03   4.9905e-01   1.9179e-06   9.5040e-05
  3.0336e+18      23.6421   1.8663e-03   4.9906e-01   1.9142e-06   9.5091e-05
  3.1477e+18      23.5735   1.8460e-03   4.9907e-01   1.9107e-06   9.5141e-05
  3.2660e+18      23.5059   1.8259e-03   4.9908e-01   1.9068e-06   9.5191e-05
  3.3889e+18      23.4393   1.8060e-03   4.9909e-01   1.9028e-06   9.5241e-05
  3.5163e+18      23.3737   1.7863e-03   4.9910e-01   1.8988e-06   9.5290e-05
  3.6485e+18      23.3091   1.7668e-03   4.9911e-01   1.8950e-06   9.5340e-05
  3.7857e+18      23.2455   1.7475e-03   4.9912e-01   1.8912e-06   9.5388e-05
  3.9281e+18      23.1829   1.7284e-03   4.9913e-01   1.8875e-06   9.5436e-05
  4.0758e+18      23.1212   1.7096e-03   4.9914e-01   1.8839e-06   9.5484e-05
  4.2291e+18      23.0605   1.6909e-03   4.9915e-01   1.8802e-06   9.5531e-05
  4.3881e+18      23.0005   1.6720e-03   4.9916e-01   1.8724e-06   9.5585e-05
  4.5531e+18      22.9414   1.6534e-03   4.9917e-01   1.8646e-06   9.5639e-05
  4.7244e+18      22.8833   1.6349e-03   4.9918e-01   1.8569e-06   9.5692e-05
  4.9020e+18      22.8260   1.6166e-03   4.9919e-01   1.8492e-06   9.5745e-05
  5.0864e+18      22.7695   1.5986e-03   4.9920e-01   1.8414e-06   9.5797e-05
  5.2776e+18      22.7140   1.5806e-03   4.9921e-01   1.8331e-06   9.5849e-05
  5.4761e+18      22.6592   1.5629e-03   4.9922e-01   1.8248e-06   9.5902e-05
  5.6820e+18      22.6053   1.5454e-03   4.9922e-01   1.8166e-06   9.5953e-05
  5.8957e+18      22.5522   1.5281e-03   4.9923e-01   1.8084e-06   9.6004e-05
  6.1174e+18      22.4999   1.5110e-03   4.9924e-01   1.8003e-06   9.6055e-05
  6.3475e+18      22.4484   1.4940e-03   4.9925e-01   1.7923e-06   9.6105e-05
  6.5862e+18      22.3976   1.4772e-03   4.9926e-01   1.7842e-06   9.6154e-05
  6.8338e+18      22.3474   1.4603e-03   4.9927e-01   1.7717e-06   9.6210e-05
  7.0908e+18      22.2980   1.4434e-03   4.9928e-01   1.7575e-06   9.6269e-05
  7.3575e+18      22.2493   1.4268e-03   4.9928e-01   1.7433e-06   9.6326e-05
  7.6341e+18      22.2013   1.4103e-03   4.9929e-01   1.7293e-06   9.6383e-05
  7.9212e+18      22.1540   1.3940e-03   4.9930e-01   1.7154e-06   9.6440e-05
  8.2191e+18      22.1074   1.3779e-03   4.9931e-01   1.7010e-06   9.6496e-05
  8.5282e+18      22.0614   1.3617e-03   4.9932e-01   1.6868e-06   9.6552e-05
  8.8489e+18      22.0163   1.3462e-03   4.9932e-01   1.6723e-06   9.6607e-05
  9.1816e+18      21.9717   1.3306e-03   4.9933e-01   1.6581e-06   9.6661e-05
  9.5269e+18      21.9278   1.3152e-03   4.9934e-01   1.6440e-06   9.6715e-05
  9.8852e+18      21.8845   1.3000e-03   4.9935e-01   1.6300e-06   9.6768e-05
  1.0257e+19      21.8419   1.2849e-03   4.9936e-01   1.6160e-06   9.6821e-05
  1.0643e+19      21.7997   1.2698e-03   4.9936e-01   1.5989e-06   9.6877e-05
  1.1043e+19      21.7581   1.2546e-03   4.9937e-01   1.5776e-06   9.6940e-05
  1.1458e+19      21.7170   1.2396e-03   4.9938e-01   1.5566e-06   9.7001e-05
  1.1889e+19      21.6765   1.2249e-03   4.9939e-01   1.5358e-06   9.7062e-05
  1.2336e+19      21.6366   1.2102e-03   4.9939e-01   1.5152e-06   9.7122e-05
  1.2800e+19      21.5972   1.1957e-03   4.9940e-01   1.4948e-06   9.7180e-05
  1.3281e+19      21.5584   1.1815e-03   4.9941e-01   1.4741e-06   9.7239e-05
  1.3781e+19      21.5202   1.1673e-03   4.9941e-01   1.4537e-06   9.7296e-05
  1.4299e+19      21.4824   1.1533e-03   4.9942e-01   1.4336e-06   9.7353e-05
  1.4837e+19      21.4451   1.1395e-03   4.9943e-01   1.4138e-06   9.7408e-05
  1.5395e+19      21.4083   1.1258e-03   4.9944e-01   1.3943e-06   9.7462e-05
  1.5974e+19      21.3720   1.1122e-03   4.9944e-01   1.3749e-06   9.7516e-05
  1.6574e+19      21.3361   1.0988e-03   4.9945e-01   1.3549e-06   9.7570e-05
  1.7198e+19      21.3006   1.0852e-03   4.9946e-01   1.3291e-06   9.7631e-05
  1.7844e+19      21.2655   1.0718e-03   4.9946e-01   1.3038e-06   9.7692e-05
  1.8515e+19      21.2309   1.0586e-03   4.9947e-01   1.2790e-06   9.7751e-05
  1.9212e+19      21.1967   1.0455e-03   4.9948e-01   1.2547e-06   9.7808e-05
  1.9934e+19      21.1628   1.0325e-03   4.9948e-01   1.2309e-06   9.7865e-05
  2.0684e+19      21.1294   1.0196e-03   4.9949e-01   1.2071e-06   9.7920e-05
  2.1461e+19      21.0963   1.0069e-03   4.9950e-01   1.1837e-06   9.7975e-05
  2.2268e+19      21.0636   9.9428e-04   4.9950e-01   1.1609e-06   9.8028e-05
  2.3106e+19      21.0312   9.8177e-04   4.9951e-01   1.1385e-06   9.8080e-05
  2.3975e+19      20.9992   9.6937e-04   4.9951e-01   1.1166e-06   9.8130e-05
  2.4876e+19      20.9670   9.5707e-04   4.9952e-01   1.0952e-06   9.8179e-05
  2.5812e+19      20.9360   9.4485e-04   4.9953e-01   1.0743e-06   9.8227e-05
  2.6782e+19      20.9048   9.3262e-04   4.9953e-01   1.0498e-06   9.8279e-05
  2.7790e+19      20.8738   9.2047e-04   4.9954e-01   1.0252e-06   9.8331e-05
  2.8835e+19      20.8432   9.0841e-04   4.9954e-01   1.0013e-06   9.8381e-05
  2.9919e+19      20.8127   8.9644e-04   4.9955e-01   9.7804e-07   9.8430e-05
  3.1044e+19      20.7825   8.8454e-04   4.9956e-01   9.5543e-07   9.8477e-05
  3.2211e+19      20.7525   8.7272e-04   4.9956e-01   9.3321e-07   9.8523e-05
  3.3423e+19      20.7227   8.6095e-04   4.9957e-01   9.1127e-07   9.8569e-05
  3.4680e+19      20.6931   8.4925e-04   4.9957e-01   8.8995e-07   9.8612e-05
  3.5984e+19      20.6636   8.3761e-04   4.9958e-01   8.6923e-07   9.8654e-05
  3.7337e+19      20.6343   8.2602e-04   4.9959e-01   8.4910e-07   9.8695e-05
  3.8741e+19      20.6046   8.1346e-04   4.9959e-01   8.3020e-07   9.8734e-05
  4.0198e+19      20.5760   8.0299e-04   4.9960e-01   8.1053e-07   9.8773e-05
  4.1709e+19      20.5470   7.9152e-04   4.9960e-01   7.9111e-07   9.8812e-05
  4.3278e+19      20.5180   7.8008e-04   4.9961e-01   7.7155e-07   9.8850e-05
  4.4905e+19      20.4892   7.6868e-04   4.9961e-01   7.5260e-07   9.8886e-05
  4.6594e+19      20.4603   7.5731e-04   4.9962e-01   7.3424e-07   9.8921e-05
  4.8346e+19      20.4315   7.4597e-04   4.9963e-01   7.1645e-07   9.8956e-05
  5.0164e+19      20.4027   7.3466e-04   4.9963e-01   6.9921e-07   9.8988e-05
  5.2051e+19      20.3739   7.2336e-04   4.9964e-01   6.8204e-07   9.9021e-05
  5.4008e+19      20.3449   7.1209e-04   4.9964e-01   6.6537e-07   9.9052e-05
  5.6039e+19      20.3161   7.0083e-04   4.9965e-01   6.4922e-07   9.9082e-05
  5.8146e+19      20.2871   6.8960e-04   4.9965e-01   6.3356e-07   9.9111e-05
  6.0333e+19      20.2580   6.7838e-04   4.9966e-01   6.1839e-07   9.9139e-05
  6.2602e+19      20.2288   6.6717e-04   4.9967e-01   6.0369e-07   9.9165e-05
  6.4956e+19      20.1995   6.5598e-04   4.9967e-01   5.8950e-07   9.9191e-05
  6.7399e+19      20.1700   6.4481e-04   4.9968e-01   5.7594e-07   9.9216e-05
  6.9933e+19      20.1404   6.3365e-04   4.9968e-01   5.6279e-07   9.9239e-05
  7.2563e+19      20.1106   6.2250e-04   4.9969e-01   5.5005e-07   9.9262e-05
  7.5292e+19      20.0805   6.1136e-04   4.9969e-01   5.3769e-07   9.9284e-05
  7.8123e+19      20.0500   6.0024e-04   4.9970e-01   5.2570e-07   9.9305e-05
  8.1061e+19      20.0197   5.8912e-04   4.9971e-01   5.1386e-07   9.9326e-05
  8.4109e+19      19.9889   5.7801e-04   4.9971e-01   5.0215e-07   9.9346e-05
  8.7272e+19      19.9577   5.6691e-04   4.9972e-01   4.9080e-07   9.9366e-05
  9.0554e+19      19.9263   5.5585e-04   4.9972e-01   4.7976e-07   9.9384e-05
  9.3959e+19      19.8945   5.4479e-04   4.9973e-01   4.6907e-07   9.9402e-05
  9.7493e+19      19.8621   5.3375e-04   4.9973e-01   4.5868e-07   9.9420e-05
  1.0116e+20      19.8297   5.2273e-04   4.9974e-01   4.4860e-07   9.9436e-05
  1.0496e+20      19.7967   5.1174e-04   4.9974e-01   4.3939e-07   9.9452e-05
  1.0891e+20      19.7632   5.0077e-04   4.9975e-01   4.3050e-07   9.9466e-05
  1.1301e+20      19.7292   4.8982e-04   4.9975e-01   4.2186e-07   9.9481e-05
  1.1726e+20      19.6948   4.7891e-04   4.9976e-01   4.1344e-07   9.9494e-05
  1.2166e+20      19.6598   4.6803e-04   4.9977e-01   4.0526e-07   9.9508e-05
  1.2624e+20      19.6242   4.5718e-04   4.9977e-01   3.9729e-07   9.9520e-05
  1.3099e+20      19.5881   4.4637e-04   4.9978e-01   3.8916e-07   9.9533e-05
  1.3591e+20      19.5513   4.3559e-04   4.9978e-01   3.8124e-07   9.9545e-05
  1.4102e+20      19.5139   4.2487e-04   4.9979e-01   3.7352e-07   9.9557e-05
  1.4633e+20      19.4758   4.1419e-04   4.9979e-01   3.6600e-07   9.9569e-05
  1.5183e+20      19.4370   4.0356e-04   4.9980e-01   3.5867e-07   9.9580e-05
  1.5754e+20      19.3974   3.9298e-04   4.9980e-01   3.5152e-07   9.9591e-05
  1.6346e+20      19.3570   3.8247e-04   4.9981e-01   3.4472e-07   9.9601e-05
  1.6961e+20      19.3159   3.7202e-04   4.9981e-01   3.3825e-07   9.9610e-05
  1.7599e+20      19.2739   3.6165e-04   4.9982e-01   3.3193e-07   9.9620e-05
  1.8261e+20      19.2310   3.5134e-04   4.9982e-01   3.2575e-07   9.9629e-05
  1.8947e+20      19.1872   3.4111e-04   4.9983e-01   3.1970e-07   9.9637e-05
  1.9660e+20      19.1424   3.3096e-04   4.9983e-01   3.1379e-07   9.9646e-05
  2.0399e+20      19.0966   3.2090e-04   4.9984e-01   3.0782e-07   9.9654e-05
  2.1166e+20      19.0499   3.1093e-04   4.9984e-01   3.0180e-07   9.9663e-05
  2.1962e+20      19.0021   3.0105e-04   4.9985e-01   2.9591e-07   9.9671e-05
  2.2788e+20      18.9531   2.9128e-04   4.9985e-01   2.9013e-07   9.9679e-05
  2.3645e+20      18.9030   2.8161e-04   4.9986e-01   2.8447e-07   9.9686e-05
  2.4534e+20      18.8518   2.7205e-04   4.9986e-01   2.7892e-07   9.9694e-05
  2.5457e+20      18.7993   2.6261e-04   4.9987e-01   2.7349e-07   9.9701e-05
  2.6414e+20      18.7455   2.5329e-04   4.9987e-01   2.6836e-07   9.9708e-05
  2.7408e+20      18.6904   2.4410e-04   4.9988e-01   2.6331e-07   9.9714e-05
  2.8438e+20      18.6340   2.3504e-04   4.9988e-01   2.5835e-07   9.9721e-05
  2.9508e+20      18.5762   2.2611e-04   4.9989e-01   2.5346e-07   9.9727e-05
  3.0617e+20      18.5170   2.1733e-04   4.9989e-01   2.4864e-07   9.9733e-05
  3.1769e+20      18.4562   2.0869e-04   4.9990e-01   2.4387e-07   9.9739e-05
  3.2963e+20      18.3939   2.0020e-04   4.9990e-01   2.3883e-07   9.9745e-05
  3.4203e+20      18.3301   1.9186e-04   4.9990e-01   2.3386e-07   9.9751e-05
  3.5489e+20      18.2646   1.8369e-04   4.9991e-01   2.2897e-07   9.9757e-05
  3.6824e+20      18.1974   1.7568e-04   4.9991e-01   2.2414e-07   9.9763e-05
  3.8208e+20      18.1285   1.6784e-04   4.9992e-01   2.1937e-07   9.9768e-05
  3.9645e+20      18.0578   1.6017e-04   4.9992e-01   2.1466e-07   9.9774e-05
  4.1136e+20      17.9854   1.5268e-04   4.9992e-01   2.1019e-07   9.9779e-05
  4.2683e+20      17.9110   1.4538e-04   4.9993e-01   2.0584e-07   9.9784e-05
  4.4288e+20      17.8347   1.3825e-04   4.9993e-01   2.0153e-07   9.9789e-05
  4.5954e+20      17.7564   1.3132e-04   4.9993e-01   1.9726e-07   9.9794e-05
  4.7682e+20      17.6760   1.2457e-04   4.9994e-01   1.9303e-07   9.9799e-05
  4.9475e+20      17.5936   1.1802e-04   4.9994e-01   1.8883e-07   9.9804e-05
  5.1335e+20      17.5090   1.1166e-04   4.9994e-01   1.8443e-07   9.9809e-05
  5.3266e+20      17.4222   1.0550e-04   4.9995e-01   1.7990e-07   9.9814e-05
  5.5269e+20      17.3332   9.9542e-05   4.9995e-01   1.7542e-07   9.9818e-05
  5.7347e+20      17.2418   9.3783e-05   4.9995e-01   1.7099e-07   9.9823e-05
  5.9504e+20      17.1481   8.8228e-05   4.9996e-01   1.6659e-07   9.9828e-05
  6.1741e+20      17.0519   8.2875e-05   4.9996e-01   1.6224e-07   9.9833e-05
  6.4063e+20      16.9532   7.7726e-05   4.9996e-01   1.5799e-07   9.9837e-05
  6.6472e+20      16.8519   7.2781e-05   4.9996e-01   1.5394e-07   9.9842e-05
  6.8972e+20      16.7481   6.8039e-05   4.9997e-01   1.4993e-07   9.9846e-05
  7.1566e+20      16.6416   6.3500e-05   4.9997e-01   1.4593e-07   9.9850e-05
  7.4257e+20      16.5323   5.9162e-05   4.9997e-01   1.4196e-07   9.9854e-05
  7.7049e+20      16.4202   5.5022e-05   4.9997e-01   1.3803e-07   9.9858e-05
  7.9947e+20      16.3054   5.1082e-05   4.9997e-01   1.3406e-07   9.9862e-05
  8.2953e+20      16.1875   4.7336e-05   4.9998e-01   1.2978e-07   9.9867e-05
  8.6072e+20      16.0667   4.3782e-05   4.9998e-01   1.2555e-07   9.9871e-05
  8.9309e+20      15.9429   4.0418e-05   4.9998e-01   1.2136e-07   9.9875e-05
  9.2668e+20      15.8160   3.7239e-05   4.9998e-01   1.1723e-07   9.9880e-05
  9.6152e+20      15.6860   3.4242e-05   4.9998e-01   1.1314e-07   9.9884e-05
  9.9768e+20      15.5528   3.1423e-05   4.9998e-01   1.0910e-07   9.9888e-05
  1.0352e+21      15.4163   2.8777e-05   4.9999e-01   1.0523e-07   9.9892e-05
  1.0741e+21      15.2765   2.6298e-05   4.9999e-01   1.0142e-07   9.9896e-05
  1.1145e+21      15.1334   2.3982e-05   4.9999e-01   9.7659e-08   9.9899e-05
  1.1564e+21      14.9869   2.1824e-05   4.9999e-01   9.3947e-08   9.9903e-05
  1.1999e+21      14.8370   1.9817e-05   4.9999e-01   9.0280e-08   9.9907e-05
  1.2450e+21      14.6836   1.7956e-05   4.9999e-01   8.6667e-08   9.9910e-05
  1.2919e+21      14.5268   1.6213e-05   4.9999e-01   8.3102e-08   9.9913e-05
  1.3404e+21      14.3664   1.4646e-05   4.9999e-01   7.9114e-08   9.9917e-05
  1.3909e+21      14.2024   1.3184e-05   4.9999e-01   7.5421e-08   9.9921e-05
  1.4432e+21      14.0349   1.1844e-05   4.9999e-01   7.1823e-08   9.9924e-05
  1.4974e+21      13.8639   1.0618e-05   4.9999e-01   6.8335e-08   9.9927e-05
  1.5537e+21      13.6893   9.4996e-06   5.0000e-01   6.4960e-08   9.9931e-05
  1.6122e+21      13.5111   8.4837e-06   5.0000e-01   6.1716e-08   9.9934e-05
  1.6728e+21      13.3294   7.5627e-06   5.0000e-01   5.8624e-08   9.9936e-05
  1.7357e+21      13.1442   6.7309e-06   5.0000e-01   5.5655e-08   9.9939e-05
  1.8010e+21      12.9556   5.9825e-06   5.0000e-01   5.2811e-08   9.9941e-05
  1.8687e+21      12.7635   5.3113e-06   5.0000e-01   5.0108e-08   9.9943e-05
  1.9390e+21      12.5682   4.7122e-06   5.0000e-01   4.7537e-08   9.9945e-05
  2.0119e+21      12.3697   4.1790e-06   5.0000e-01   4.5091e-08   9.9947e-05
  2.0875e+21      12.1680   3.7071e-06   5.0000e-01   4.2666e-08   9.9949e-05
  2.1660e+21      11.9635   3.2913e-06   5.0000e-01   4.0429e-08   9.9950e-05
  2.2475e+21      11.7561   2.9267e-06   5.0000e-01   3.8374e-08   9.9951e-05
  2.3320e+21      11.5462   2.6087e-06   5.0000e-01   3.6489e-08   9.9951e-05
  2.4197e+21      11.3340   2.3330e-06   5.0000e-01   3.4754e-08   9.9951e-05
  2.5107e+21      11.1196   2.0954e-06   5.0000e-01   3.3140e-08   9.9951e-05
  2.6051e+21      10.9035   1.8916e-06   5.0000e-01   3.1619e-08   9.9950e-05
  2.7031e+21      10.6860   1.7178e-06   5.0000e-01   3.0138e-08   9.9949e-05
  2.8047e+21      10.4674   1.5704e-06   5.0000e-01   2.8636e-08   9.9948e-05
  2.9102e+21      10.2484   1.4451e-06   5.0000e-01   2.7068e-08   9.9946e-05
  3.0196e+21      10.0293   1.3389e-06   5.0000e-01   2.5357e-08   9.9943e-05
  3.1332e+21       9.8107   1.2484e-06   5.0000e-01   2.3448e-08   9.9940e-05
  3.2510e+21       9.5934   1.1702e-06   5.0000e-01   2.1282e-08   9.9936e-05
  3.3733e+21       9.3781   1.1019e-06   5.0000e-01   1.8848e-08   9.9931e-05
  3.5001e+21       9.1656   1.0413e-06   5.0000e-01   1.6179e-08   9.9925e-05
  3.6317e+21       8.9569   9.8696e-07   5.0000e-01   1.3388e-08   9.9918e-05
  3.7683e+21       8.7528   9.3849e-07   5.0000e-01   1.0680e-08   9.9908e-05
  3.9100e+21       8.5546   8.9600e-07   5.0000e-01   8.2806e-09   9.9895e-05
  4.0571e+21       8.3632   8.5982e-07   5.0000e-01   6.3182e-09   9.9877e-05
  4.2096e+21       8.1800   8.2937e-07   5.0000e-01   4.7973e-09   9.9853e-05
  4.3679e+21       8.0059   8.0533e-07   5.0000e-01   3.6390e-09   9.9823e-05
  4.5322e+21       7.8422   7.8563e-07   5.0000e-01   2.7631e-09   9.9784e-05
  4.7026e+21       7.6899   7.7009e-07   5.0000e-01   2.0939e-09   9.9734e-05
  4.8795e+21       7.5497   7.5788e-07   5.0000e-01   1.5782e-09   9.9672e-05
  5.0629e+21       7.4224   7.4830e-07   5.0000e-01   1.1783e-09   9.9594e-05
  5.2533e+21       7.3083   7.4099e-07   5.0000e-01   8.6755e-10   9.9500e-05
  5.4509e+21       7.2075   7.3516e-07   5.0000e-01   6.2797e-10   9.9389e-05
  5.6559e+21       7.1197   7.3053e-07   5.0000e-01   4.4594e-10   9.9265e-05
  5.8686e+21       7.0444   7.2645e-07   5.0000e-01   3.1123e-10   9.9134e-05
  6.0892e+21       6.9808   7.2536e-07   5.0000e-01   2.7718e-10   9.9099e-05
  6.3182e+21       6.9278   7.1832e-07   5.0000e-01   1.4779e-10   9.8901e-05
  6.5558e+21       6.8845   7.1740e-07   5.0000e-01   1.3636e-10   9.8885e-05
  6.8024e+21       6.8495   7.1705e-07   5.0000e-01   1.3269e-10   9.8881e-05
  7.0582e+21       6.8217   7.0104e-07   4.9999e-01   5.3129e-11   9.8735e-05
  7.3236e+21       6.7998   7.0059e-07   4.9999e-01   5.2197e-11   9.8735e-05
  7.5990e+21       6.7830   7.0031e-07   4.9999e-01   5.1635e-11   9.8735e-05
  7.8848e+21       6.7701   7.0001e-07   4.9999e-01   5.1092e-11   9.8736e-05
  8.1813e+21       6.7605   6.9990e-07   4.9999e-01   5.0902e-11   9.8736e-05
  8.4889e+21       6.7533   6.9934e-07   4.9999e-01   4.9962e-11   9.8737e-05
  8.8081e+21       6.7481   6.2229e-07   4.9998e-01   9.5092e-12   9.8661e-05
  9.1394e+21       6.7442   6.2221e-07   4.9998e-01   9.5004e-12   9.8661e-05
  9.4831e+21       6.7416   6.2221e-07   4.9998e-01   9.5004e-12   9.8661e-05
  9.8397e+21       6.7397   6.2221e-07   4.9998e-01   9.5004e-12   9.8661e-05
  1.0210e+22       6.7385   6.2221e-07   4.9998e-01   9.5004e-12   9.8661e-05
  1.0594e+22       6.7376   6.2221e-07   4.9998e-01   9.5004e-12   9.8661e-05
  1.0992e+22       6.7370   6.2221e-07   4.9998e-01   9.5003e-12   9.8661e-05
  1.1405e+22       6.7367   6.2221e-07   4.9998e-01   9.5003e-12   9.8661e-05
  1.1834e+22       6.7363   5.3311e-07   4.9995e-01   4.3604e-12   9.7425e-05
  1.2279e+22       6.7362   5.3206e-07   4.9995e-01   4.3578e-12   9.7409e-05
  1.2741e+22       6.7361   5.2887e-07   4.9995e-01   4.3151e-12   9.7266e-05
  1.3220e+22       6.7361   5.2781e-07   4.9995e-01   4.3088e-12   9.7222e-05
  1.3717e+22       6.7360   5.2716e-07   4.9995e-01   4.3065e-12   9.7194e-05
  1.4233e+22       6.7360   5.2663e-07   4.9995e-01   4.3068e-12   9.7177e-05
  1.4768e+22       6.7360   5.2653e-07   4.9995e-01   4.3059e-12   9.7166e-05
  1.5324e+22       6.7360   5.2639e-07   4.9995e-01   4.3062e-12   9.7159e-05
  1.5900e+22       6.7360   5.2632e-07   4.9995e-01   4.3065e-12   9.7156e-05
