     120   number of z grid-points
      38   number of CO lines
        N<H>       Tdust        Tgas           H          H2          e-           O          C+           C          CO          CH         CH4          OH         H2O
 0.00000E+00 2.00000E+01 1.16160E+04 6.67748E+02 3.89350E-03 3.66021E+02 2.11481E-01 4.55710E-02 8.17573E-03 2.10598E-11 1.45345E-09 6.70129E-30 1.18551E-07 5.79903E-15
 1.89256E+17 2.00000E+01 1.16146E+04 6.67761E+02 3.89505E-03 3.66008E+02 2.11485E-01 4.55731E-02 8.17517E-03 2.10642E-11 1.45348E-09 6.70479E-30 1.18600E-07 5.80381E-15
 2.25257E+17 2.00000E+01 1.16160E+04 6.67750E+02 3.89350E-03 3.66020E+02 2.11481E-01 4.55712E-02 8.17582E-03 2.10603E-11 1.45347E-09 6.70147E-30 1.18551E-07 5.79909E-15
 2.68108E+17 2.00000E+01 1.16146E+04 6.67761E+02 3.89505E-03 3.66008E+02 2.11485E-01 4.55731E-02 8.17520E-03 2.10644E-11 1.45349E-09 6.70486E-30 1.18600E-07 5.80383E-15
 3.19109E+17 2.00000E+01 1.16160E+04 6.67750E+02 3.89350E-03 3.66019E+02 2.11481E-01 4.55712E-02 8.17586E-03 2.10605E-11 1.45348E-09 6.70155E-30 1.18552E-07 5.79912E-15
 3.79813E+17 2.00000E+01 1.16146E+04 6.67762E+02 3.89505E-03 3.66007E+02 2.11485E-01 4.55732E-02 8.17525E-03 2.10646E-11 1.45350E-09 6.70495E-30 1.18601E-07 5.80386E-15
 4.52064E+17 2.00000E+01 1.16160E+04 6.67751E+02 3.89351E-03 3.66018E+02 2.11482E-01 4.55713E-02 8.17591E-03 2.10608E-11 1.45349E-09 6.70166E-30 1.18552E-07 5.79915E-15
 5.38059E+17 2.00000E+01 1.16146E+04 6.67763E+02 3.89505E-03 3.66006E+02 2.11486E-01 4.55733E-02 8.17531E-03 2.10650E-11 1.45351E-09 6.70508E-30 1.18601E-07 5.80390E-15
 6.40413E+17 2.00000E+01 1.16160E+04 6.67752E+02 3.89351E-03 3.66017E+02 2.11482E-01 4.55714E-02 8.17598E-03 2.10612E-11 1.45351E-09 6.70181E-30 1.18553E-07 5.79920E-15
 7.62238E+17 2.00000E+01 1.16146E+04 6.67764E+02 3.89505E-03 3.66005E+02 2.11486E-01 4.55734E-02 8.17540E-03 2.10655E-11 1.45354E-09 6.70526E-30 1.18602E-07 5.80396E-15
 9.07237E+17 2.00000E+01 1.16160E+04 6.67754E+02 3.89351E-03 3.66015E+02 2.11482E-01 4.55716E-02 8.17609E-03 2.10618E-11 1.45354E-09 6.70203E-30 1.18554E-07 5.79927E-15
 1.07982E+18 2.00000E+01 1.16146E+04 6.67766E+02 3.89505E-03 3.66003E+02 2.11487E-01 4.55736E-02 8.17552E-03 2.10662E-11 1.45357E-09 6.70552E-30 1.18603E-07 5.80405E-15
 1.28523E+18 2.00000E+01 1.16160E+04 6.67756E+02 3.89351E-03 3.66013E+02 2.11483E-01 4.55718E-02 8.17624E-03 2.10626E-11 1.45358E-09 6.70234E-30 1.18555E-07 5.79937E-15
 1.52972E+18 2.00000E+01 1.16146E+04 6.67768E+02 3.89505E-03 3.66000E+02 2.11487E-01 4.55739E-02 8.17570E-03 2.10672E-11 1.45361E-09 6.70589E-30 1.18604E-07 5.80416E-15
 1.82071E+18 2.00000E+01 1.16160E+04 6.67759E+02 3.89352E-03 3.66010E+02 2.11484E-01 4.55722E-02 8.17644E-03 2.10638E-11 1.45363E-09 6.70278E-30 1.18556E-07 5.79951E-15
 2.16707E+18 2.00000E+01 1.16146E+04 6.67772E+02 3.89506E-03 3.65996E+02 2.11488E-01 4.55743E-02 8.17595E-03 2.10685E-11 1.45367E-09 6.70642E-30 1.18606E-07 5.80433E-15
 2.57930E+18 2.00000E+01 1.16160E+04 6.67763E+02 3.89352E-03 3.66005E+02 2.11485E-01 4.55726E-02 8.17674E-03 2.10655E-11 1.45370E-09 6.70340E-30 1.18559E-07 5.79971E-15
 3.06996E+18 2.00000E+01 1.16146E+04 6.67777E+02 3.89507E-03 3.65990E+02 2.11490E-01 4.55749E-02 8.17630E-03 2.10705E-11 1.45376E-09 6.70716E-30 1.18609E-07 5.80457E-15
 3.65395E+18 2.00000E+01 1.16160E+04 6.67769E+02 3.89353E-03 3.65998E+02 2.11487E-01 4.55733E-02 8.17716E-03 2.10678E-11 1.45381E-09 6.70429E-30 1.18562E-07 5.79999E-15
 4.34904E+18 2.00000E+01 1.16146E+04 6.67784E+02 3.89507E-03 3.65982E+02 2.11492E-01 4.55757E-02 8.17680E-03 2.10733E-11 1.45388E-09 6.70821E-30 1.18613E-07 5.80490E-15
 5.17635E+18 2.00000E+01 1.16160E+04 6.67778E+02 3.89354E-03 3.65989E+02 2.11490E-01 4.55742E-02 8.17776E-03 2.10711E-11 1.45395E-09 6.70554E-30 1.18567E-07 5.80039E-15
 6.16104E+18 2.00000E+01 1.16146E+04 6.67795E+02 3.89509E-03 3.65971E+02 2.11495E-01 4.55768E-02 8.17751E-03 2.10773E-11 1.45406E-09 6.70970E-30 1.18619E-07 5.80538E-15
 7.33304E+18 2.00000E+01 1.16160E+04 6.67790E+02 3.89355E-03 3.65975E+02 2.11494E-01 4.55756E-02 8.17860E-03 2.10758E-11 1.45416E-09 6.70731E-30 1.18573E-07 5.80095E-15
 8.72799E+18 2.00000E+01 1.16146E+04 6.67809E+02 3.89510E-03 3.65955E+02 2.11500E-01 4.55784E-02 8.17852E-03 2.10829E-11 1.45431E-09 6.71180E-30 1.18627E-07 5.80605E-15
 1.03883E+19 2.00000E+01 1.16160E+04 6.67808E+02 3.89357E-03 3.65956E+02 2.11499E-01 4.55775E-02 8.17980E-03 2.10825E-11 1.45446E-09 6.70981E-30 1.18583E-07 5.80175E-15
 1.23644E+19 2.00000E+01 1.16146E+04 6.67830E+02 3.89513E-03 3.65932E+02 2.11506E-01 4.55806E-02 8.17994E-03 2.10908E-11 1.45466E-09 6.71479E-30 1.18638E-07 5.80700E-15
 1.47165E+19 2.00000E+01 1.16153E+04 6.67844E+02 3.89514E-03 3.65917E+02 2.11510E-01 4.55821E-02 8.18086E-03 2.10959E-11 1.45489E-09 6.71672E-30 1.18645E-07 5.80761E-15
 1.75160E+19 2.00000E+01 1.16138E+04 6.67865E+02 3.89593E-03 3.65893E+02 2.11517E-01 4.55848E-02 8.18164E-03 2.11040E-11 1.45517E-09 6.72071E-30 1.18678E-07 5.81071E-15
 2.08481E+19 2.00000E+01 1.16153E+04 6.67873E+02 3.89441E-03 3.65884E+02 2.11519E-01 4.55849E-02 8.18358E-03 2.11073E-11 1.45548E-09 6.72009E-30 1.18640E-07 5.80685E-15
 2.48139E+19 2.00000E+01 1.16138E+04 6.67907E+02 3.89598E-03 3.65847E+02 2.11529E-01 4.55893E-02 8.18450E-03 2.11200E-11 1.45588E-09 6.72671E-30 1.18701E-07 5.81262E-15
 2.95343E+19 2.00000E+01 1.16153E+04 6.67923E+02 3.89447E-03 3.65829E+02 2.11534E-01 4.55903E-02 8.18698E-03 2.11263E-11 1.45632E-09 6.72723E-30 1.18667E-07 5.80912E-15
 3.51525E+19 2.00000E+01 1.16138E+04 6.67966E+02 3.89604E-03 3.65782E+02 2.11547E-01 4.55957E-02 8.18855E-03 2.11426E-11 1.45688E-09 6.73522E-30 1.18733E-07 5.81533E-15
 4.18395E+19 2.00000E+01 1.16124E+04 6.68015E+02 3.89763E-03 3.65729E+02 2.11562E-01 4.56018E-02 8.19054E-03 2.11612E-11 1.45754E-09 6.74411E-30 1.18803E-07 5.82183E-15
 4.97986E+19 2.00000E+01 1.16138E+04 6.68049E+02 3.89614E-03 3.65690E+02 2.11572E-01 4.56048E-02 8.19429E-03 2.11747E-11 1.45830E-09 6.74730E-30 1.18778E-07 5.81916E-15
 5.92716E+19 2.00000E+01 1.16124E+04 6.68114E+02 3.89774E-03 3.65619E+02 2.11592E-01 4.56125E-02 8.19737E-03 2.11994E-11 1.45923E-09 6.75850E-30 1.18857E-07 5.82639E-15
 7.05468E+19 2.00000E+01 1.16117E+04 6.68179E+02 3.89781E-03 3.65548E+02 2.11612E-01 4.56195E-02 8.20179E-03 2.12242E-11 1.46033E-09 6.76782E-30 1.18892E-07 5.82935E-15
 8.39668E+19 2.00000E+01 1.16109E+04 6.68261E+02 3.89867E-03 3.65457E+02 2.11637E-01 4.56288E-02 8.20674E-03 2.12557E-11 1.46164E-09 6.78063E-30 1.18958E-07 5.83525E-15
 9.99396E+19 2.00000E+01 1.16117E+04 6.68357E+02 3.89955E-03 3.65351E+02 2.11666E-01 4.56396E-02 8.21270E-03 2.12928E-11 1.46321E-09 6.79558E-30 1.19032E-07 5.84182E-15
 1.18951E+20 2.00000E+01 1.16102E+04 6.68471E+02 3.90044E-03 3.65226E+02 2.11700E-01 4.56523E-02 8.21985E-03 2.13368E-11 1.46507E-09 6.81309E-30 1.19116E-07 5.84920E-15
 1.41579E+20 2.00000E+01 1.16088E+04 6.68611E+02 3.90213E-03 3.65072E+02 2.11743E-01 4.56682E-02 8.22811E-03 2.13908E-11 1.46729E-09 6.83538E-30 1.19235E-07 5.85993E-15
 1.68511E+20 2.00000E+01 1.16073E+04 6.68775E+02 3.90385E-03 3.64891E+02 2.11793E-01 4.56867E-02 8.23807E-03 2.14545E-11 1.46993E-09 6.86134E-30 1.19368E-07 5.87182E-15
 2.00567E+20 2.00000E+01 1.16058E+04 6.68969E+02 3.90560E-03 3.64678E+02 2.11852E-01 4.57084E-02 8.25005E-03 2.15297E-11 1.47308E-09 6.89170E-30 1.19517E-07 5.88508E-15
 2.38720E+20 2.00000E+01 1.16044E+04 6.69197E+02 3.90739E-03 3.64427E+02 2.11921E-01 4.57338E-02 8.26445E-03 2.16188E-11 1.47683E-09 6.92734E-30 1.19685E-07 5.89998E-15
 2.84131E+20 2.00000E+01 1.16029E+04 6.69466E+02 3.90923E-03 3.64131E+02 2.12002E-01 4.57637E-02 8.28174E-03 2.17244E-11 1.48131E-09 6.96932E-30 1.19876E-07 5.91685E-15
 3.38181E+20 2.00000E+01 1.16015E+04 6.69783E+02 3.91112E-03 3.63780E+02 2.12098E-01 4.57988E-02 8.30247E-03 2.18500E-11 1.48665E-09 7.01892E-30 1.20094E-07 5.93605E-15
 4.02513E+20 2.00000E+01 1.15971E+04 6.70181E+02 3.91619E-03 3.63343E+02 2.12219E-01 4.58440E-02 8.32602E-03 2.20079E-11 1.49305E-09 7.08482E-30 1.20444E-07 5.96780E-15
 4.79082E+20 2.00000E+01 1.15935E+04 6.70642E+02 3.92056E-03 3.62836E+02 2.12359E-01 4.58957E-02 8.35481E-03 2.21926E-11 1.50068E-09 7.16017E-30 1.20808E-07 6.00054E-15
 5.70217E+20 2.00000E+01 1.15892E+04 6.71190E+02 3.92580E-03 3.62232E+02 2.12525E-01 4.59571E-02 8.38914E-03 2.24144E-11 1.50980E-09 7.25093E-30 1.21244E-07 6.03986E-15
 6.78689E+20 2.00000E+01 1.15848E+04 6.71834E+02 3.93117E-03 3.61522E+02 2.12720E-01 4.60289E-02 8.43050E-03 2.26785E-11 1.52070E-09 7.35823E-30 1.21736E-07 6.08412E-15
 8.07794E+20 2.00000E+01 1.15805E+04 6.72594E+02 3.93666E-03 3.60686E+02 2.12949E-01 4.61131E-02 8.48029E-03 2.29940E-11 1.53376E-09 7.48572E-30 1.22294E-07 6.13432E-15
 9.61460E+20 2.00000E+01 1.15732E+04 6.73510E+02 3.94546E-03 3.59676E+02 2.13227E-01 4.62156E-02 8.53887E-03 2.33809E-11 1.54943E-09 7.64566E-30 1.23034E-07 6.20180E-15
 1.14436E+21 2.00000E+01 1.15660E+04 6.74588E+02 3.95445E-03 3.58489E+02 2.13552E-01 4.63352E-02 8.60957E-03 2.38447E-11 1.56824E-09 7.83642E-30 1.23870E-07 6.27813E-15
 1.36205E+21 2.00000E+01 1.15559E+04 6.75876E+02 3.96683E-03 3.57070E+02 2.13941E-01 4.64789E-02 8.69355E-03 2.44123E-11 1.59087E-09 8.07356E-30 1.24925E-07 6.37557E-15
 1.62114E+21 2.00000E+01 1.15436E+04 6.77404E+02 3.98189E-03 3.55387E+02 2.14402E-01 4.66491E-02 8.79410E-03 2.51044E-11 1.61815E-09 8.36528E-30 1.26198E-07 6.49428E-15
 1.92953E+21 2.00000E+01 1.15306E+04 6.79201E+02 3.99810E-03 3.53407E+02 2.14943E-01 4.68480E-02 8.91555E-03 2.59453E-11 1.65108E-09 8.72038E-30 1.27668E-07 6.63213E-15
 2.29658E+21 2.00000E+01 1.15148E+04 6.81328E+02 4.01794E-03 3.51063E+02 2.15582E-01 4.70830E-02 9.06136E-03 2.69803E-11 1.69096E-09 9.16270E-30 1.29450E-07 6.80132E-15
 2.73346E+21 2.00000E+01 1.14961E+04 6.83838E+02 4.04153E-03 3.48296E+02 2.16335E-01 4.73593E-02 9.23702E-03 2.82594E-11 1.73940E-09 9.71596E-30 1.31592E-07 7.00733E-15
 3.25344E+21 2.00000E+01 1.14745E+04 6.86793E+02 4.06899E-03 3.45039E+02 2.17219E-01 4.76824E-02 9.44931E-03 2.98488E-11 1.79845E-09 1.04124E-29 1.34149E-07 7.25715E-15
 3.87234E+21 2.00000E+01 1.14471E+04 6.90282E+02 4.10401E-03 3.41192E+02 2.18262E-01 4.80626E-02 9.70518E-03 3.18516E-11 1.87079E-09 1.13094E-29 1.37316E-07 7.57310E-15
 4.60896E+21 2.00000E+01 1.14162E+04 6.94367E+02 4.14415E-03 3.36687E+02 2.19478E-01 4.85028E-02 1.00163E-02 3.43813E-11 1.95975E-09 1.24631E-29 1.41093E-07 7.95808E-15
 5.48572E+21 2.00000E+01 1.13809E+04 6.99139E+02 4.19074E-03 3.31423E+02 2.20893E-01 4.90101E-02 1.03954E-02 3.76136E-11 2.06978E-09 1.39709E-29 1.45631E-07 8.43266E-15
 6.52926E+21 2.00000E+01 1.13386E+04 7.04709E+02 4.24733E-03 3.25276E+02 2.22538E-01 4.95928E-02 1.08577E-02 4.18078E-11 2.20680E-09 1.59876E-29 1.51196E-07 9.03336E-15
 7.77131E+21 2.00000E+01 1.12867E+04 7.11193E+02 4.31782E-03 3.18119E+02 2.24444E-01 5.02570E-02 1.14229E-02 4.73400E-11 2.37872E-09 1.87499E-29 1.58113E-07 9.80940E-15
 9.24963E+21 2.00000E+01 1.12281E+04 7.18672E+02 4.39966E-03 3.09859E+02 2.26631E-01 5.09972E-02 1.21191E-02 5.47207E-11 2.59594E-09 2.25846E-29 1.66524E-07 1.07946E-14
 1.10092E+22 2.00000E+01 1.11610E+04 7.27253E+02 4.49596E-03 3.00378E+02 2.29122E-01 5.18066E-02 1.29792E-02 6.47555E-11 2.87279E-09 2.80556E-29 1.76850E-07 1.20674E-14
 1.31034E+22 2.00000E+01 1.10812E+04 7.37047E+02 4.61387E-03 2.89551E+02 2.31946E-01 5.26708E-02 1.40435E-02 7.87180E-11 3.22913E-09 3.61398E-29 1.89795E-07 1.37630E-14
 1.55961E+22 2.00000E+01 1.09891E+04 7.48113E+02 4.75534E-03 2.77313E+02 2.35110E-01 5.35518E-02 1.53657E-02 9.85485E-11 3.69190E-09 4.84544E-29 2.06001E-07 1.60417E-14
 1.85629E+22 2.00000E+01 1.08840E+04 7.60474E+02 4.92402E-03 2.63634E+02 2.38612E-01 5.43888E-02 1.70112E-02 1.27353E-10 4.29816E-09 6.78802E-29 2.26376E-07 1.91523E-14
 2.20941E+22 2.00000E+01 1.07654E+04 7.74100E+02 5.12440E-03 2.48548E+02 2.42432E-01 5.50888E-02 1.90586E-02 1.70157E-10 5.09835E-09 9.96926E-29 2.52132E-07 2.34764E-14
 2.62970E+22 2.00000E+01 1.06292E+04 7.88904E+02 5.36867E-03 2.32151E+02 2.46536E-01 5.55266E-02 2.15933E-02 2.35362E-10 6.16136E-09 1.54147E-28 2.85266E-07 2.96869E-14
 3.12994E+22 2.00000E+01 1.04791E+04 8.04667E+02 5.65739E-03 2.14685E+02 2.50776E-01 5.55301E-02 2.47092E-02 3.36304E-10 7.57443E-09 2.50644E-28 3.27568E-07 3.86838E-14
 3.72534E+22 2.00000E+01 1.03110E+04 8.21113E+02 6.00752E-03 1.96461E+02 2.55098E-01 5.49168E-02 2.84809E-02 4.95424E-10 9.44937E-09 4.28973E-28 3.82544E-07 5.21701E-14
 4.43401E+22 2.00000E+01 1.01295E+04 8.37839E+02 6.42190E-03 1.77927E+02 2.59447E-01 5.35055E-02 3.29524E-02 7.47920E-10 1.19104E-08 7.67997E-28 4.53758E-07 7.26454E-14
 5.27748E+22 2.00000E+01 9.93290E+03 8.54426E+02 6.91966E-03 1.59555E+02 2.63716E-01 5.11876E-02 3.80954E-02 1.15156E-09 1.50921E-08 1.43166E-27 5.46959E-07 1.04586E-13
 6.28141E+22 2.00000E+01 9.72151E+03 8.70457E+02 7.52198E-03 1.41811E+02 2.67801E-01 4.79647E-02 4.37959E-02 1.80008E-09 1.91220E-08 2.76125E-27 6.69815E-07 1.55625E-13
 7.47631E+22 2.00000E+01 9.50006E+03 8.85578E+02 8.24187E-03 1.25090E+02 2.71621E-01 4.39663E-02 4.98612E-02 2.82860E-09 2.40982E-08 5.46041E-27 8.31484E-07 2.38315E-13
 8.89852E+22 2.00000E+01 9.26353E+03 8.99592E+02 9.13418E-03 1.09611E+02 2.75133E-01 3.94335E-02 5.60451E-02 4.46344E-09 3.01449E-08 1.10981E-26 1.04917E-06 3.77588E-13
 1.05913E+23 2.00000E+01 9.01163E+03 9.12412E+02 1.02591E-02 9.54723E+01 2.78324E-01 3.46386E-02 6.21131E-02 7.07879E-09 3.74224E-08 2.32815E-26 1.34777E-06 6.20862E-13
 1.26060E+23 2.00000E+01 8.73602E+03 9.24057E+02 1.17558E-02 8.26461E+01 2.81206E-01 2.98357E-02 6.78716E-02 1.13761E-08 4.62927E-08 5.14499E-26 1.77554E-06 1.07458E-12
 1.50040E+23 2.00000E+01 8.42049E+03 9.34603E+02 1.39202E-02 7.10493E+01 2.83800E-01 2.52243E-02 7.31850E-02 1.88239E-08 5.76040E-08 1.25069E-25 2.43314E-06 2.01305E-12
 1.78582E+23 2.00000E+01 8.03693E+03 9.44151E+02 1.75057E-02 6.05686E+01 2.86134E-01 2.09365E-02 7.79789E-02 3.30744E-08 7.36229E-08 3.68226E-25 3.57401E-06 4.32999E-12
 2.12554E+23 2.00000E+01 7.52615E+03 9.52825E+02 2.48448E-02 5.10672E+01 2.88237E-01 1.70180E-02 8.22557E-02 6.56722E-08 1.01578E-07 1.65000E-24 6.00450E-06 1.21616E-11
 2.52988E+23 2.00000E+01 6.74265E+03 9.60849E+02 4.81744E-02 4.22888E+01 2.90155E-01 1.33952E-02 8.61281E-02 1.77153E-07 1.79404E-07 2.39925E-23 1.40798E-05 6.63782E-11
 3.01113E+23 2.00000E+01 2.54330E+03 9.60664E+02 8.87026E+00 2.41677E+01 2.92455E-01 5.61618E-03 9.42036E-02 1.20079E-05 3.08556E-05 6.63091E-14 1.27604E-03 1.96066E-06
 3.58393E+23 2.00000E+01 2.02813E+03 9.58946E+02 1.25464E+01 1.80350E+01 2.94141E-01 3.53606E-03 9.63682E-02 1.06766E-05 1.61689E-05 4.30461E-14 1.06166E-03 1.91885E-06
 4.26570E+23 2.00000E+01 1.53309E+03 9.53578E+02 1.75433E+01 1.30010E+01 2.95784E-01 2.19347E-03 9.77626E-02 7.14755E-06 3.86317E-06 4.37698E-15 6.80423E-04 1.30509E-06
 5.07715E+23 2.00000E+01 1.19149E+03 9.45430E+02 2.33889E+01 9.11680E+00 2.96977E-01 1.94323E-03 9.80351E-02 5.43603E-06 6.36600E-07 1.99452E-16 4.68043E-04 1.16281E-06
 6.04297E+23 2.00000E+01 9.53282E+02 9.32651E+02 3.11363E+01 6.11420E+00 2.97736E-01 2.18742E-03 9.77993E-02 6.14434E-06 9.25666E-08 3.49848E-17 4.54394E-04 2.15242E-06
 7.19251E+23 2.00000E+01 7.29004E+02 9.12063E+02 4.24502E+01 3.80999E+00 2.98150E-01 2.82172E-03 9.71650E-02 1.03925E-05 2.03352E-08 1.08994E-16 6.26658E-04 6.43832E-06
 8.56073E+23 2.00000E+01 5.41416E+02 8.77180E+02 6.05927E+01 2.14946E+00 2.97927E-01 3.85849E-03 9.61112E-02 2.93605E-05 2.13285E-08 1.10818E-15 1.25960E-03 2.64615E-05
 1.01892E+24 2.00000E+01 3.81661E+02 8.11917E+02 9.36575E+01 1.04322E+00 2.96283E-01 6.25571E-03 9.36098E-02 1.34271E-04 3.19934E-08 2.22262E-14 3.00779E-03 1.29425E-04
 1.21275E+24 2.00000E+01 2.62418E+02 6.77132E+02 1.61291E+02 3.94761E-01 2.88259E-01 1.66702E-02 8.16135E-02 1.71485E-03 8.75407E-08 1.15559E-12 8.80488E-03 7.16456E-04
 1.44345E+24 2.00000E+01 1.91307E+02 4.72435E+02 2.63727E+02 1.51860E-01 2.52701E-01 2.40693E-02 5.09106E-02 2.49902E-02 3.39088E-07 5.41939E-11 1.84066E-02 2.02484E-03
 1.71803E+24 2.00000E+01 1.59551E+02 2.98532E+02 3.50704E+02 7.93833E-02 2.18978E-01 1.44883E-02 3.15691E-02 5.38466E-02 7.59962E-07 6.22817E-10 2.02415E-02 2.59281E-03
 2.04485E+24 2.00000E+01 1.42310E+02 1.85262E+02 4.07350E+02 5.24816E-02 2.10185E-01 9.24932E-03 2.67405E-02 6.38471E-02 1.36748E-06 3.43749E-09 1.64801E-02 2.50338E-03
 2.43384E+24 2.00000E+01 1.29423E+02 1.14029E+02 4.42973E+02 3.99851E-02 2.09248E-01 6.24212E-03 2.56641E-02 6.78772E-02 2.06591E-06 1.14996E-08 1.16031E-02 2.21917E-03
 2.89683E+24 2.00000E+01 1.18101E+02 6.95806E+01 4.65202E+02 3.30187E-02 2.09264E-01 4.13272E-03 2.48387E-02 7.07817E-02 2.66854E-06 2.65465E-08 7.62237E-03 1.96213E-03
 3.44789E+24 2.00000E+01 1.07578E+02 4.20304E+01 4.78979E+02 2.86213E-02 2.08841E-01 2.61041E-03 2.34581E-02 7.36846E-02 3.06341E-06 4.65996E-08 4.81400E-03 1.76167E-03
 4.10377E+24 2.00000E+01 9.79866E+01 2.50939E+01 4.87449E+02 2.54180E-02 2.08063E-01 1.55556E-03 2.16333E-02 7.65890E-02 3.27291E-06 6.83417E-08 2.97487E-03 1.61058E-03
 4.88442E+24 2.00000E+01 8.84166E+01 1.49573E+01 4.92519E+02 2.28019E-02 2.08747E-01 8.95784E-04 2.06840E-02 7.82340E-02 3.52878E-06 9.21612E-08 1.79050E-03 1.48159E-03
 5.81358E+24 2.00000E+01 7.96474E+01 8.97404E+00 4.95511E+02 2.01800E-02 2.09744E-01 4.94918E-04 2.02831E-02 7.90779E-02 3.89855E-06 1.25254E-07 1.09062E-03 1.48620E-03
 6.91949E+24 2.00000E+01 7.19439E+01 5.57254E+00 4.97212E+02 1.76602E-02 2.12101E-01 2.82334E-04 2.14079E-02 7.81989E-02 4.60649E-06 1.79452E-07 6.71492E-04 1.65271E-03
 8.23577E+24 2.00000E+01 6.58190E+01 3.70952E+00 4.98143E+02 1.56746E-02 2.16627E-01 1.80992E-04 2.47333E-02 7.49949E-02 5.77820E-06 2.57959E-07 4.22913E-04 1.83322E-03
 9.80244E+24 2.00000E+01 6.16769E+01 2.72703E+00 4.98634E+02 1.44350E-02 2.21827E-01 1.34894E-04 2.90140E-02 7.07695E-02 7.04623E-06 3.38533E-07 2.88947E-04 1.94006E-03
 1.16671E+25 2.00000E+01 5.94638E+01 2.23742E+00 4.98879E+02 1.37929E-02 2.25734E-01 1.14807E-04 3.23709E-02 6.74357E-02 7.92244E-06 3.93437E-07 2.24259E-04 1.98411E-03
 1.38866E+25 2.00000E+01 5.86289E+01 2.00979E+00 4.98993E+02 1.35072E-02 2.27862E-01 1.06410E-04 3.42293E-02 6.55865E-02 8.34443E-06 4.20204E-07 1.95848E-04 1.99867E-03
 1.65282E+25 2.00000E+01 5.85337E+01 1.90982E+00 4.99043E+02 1.33962E-02 2.28749E-01 1.03028E-04 3.50086E-02 6.48108E-02 8.48979E-06 4.30223E-07 1.84486E-04 2.00508E-03
 1.96723E+25 2.00000E+01 5.87515E+01 1.86637E+00 4.99065E+02 1.33600E-02 2.29005E-01 1.01701E-04 3.52368E-02 6.45840E-02 8.50964E-06 4.32711E-07 1.80448E-04 2.01011E-03
 2.34145E+25 2.00000E+01 5.90806E+01 1.84600E+00 4.99075E+02 1.33527E-02 2.28995E-01 1.01176E-04 3.52318E-02 6.45898E-02 8.48085E-06 4.32272E-07 1.79326E-04 2.01507E-03
 2.78686E+25 2.00000E+01 5.94115E+01 1.83512E+00 4.99080E+02 1.33551E-02 2.28898E-01 1.00956E-04 3.51500E-02 6.46719E-02 8.43975E-06 4.30961E-07 1.79254E-04 2.01963E-03
 3.31701E+25 2.00000E+01 5.97257E+01 1.82815E+00 4.99084E+02 1.33607E-02 2.28774E-01 1.00854E-04 3.50449E-02 6.47772E-02 8.39674E-06 4.29426E-07 1.79557E-04 2.02387E-03
 3.94799E+25 2.00000E+01 6.00228E+01 1.82288E+00 4.99086E+02 1.33672E-02 2.28645E-01 1.00797E-04 3.49346E-02 6.48877E-02 8.35473E-06 4.27868E-07 1.79989E-04 2.02787E-03
 4.69901E+25 2.00000E+01 6.02838E+01 1.81872E+00 4.99088E+02 1.33732E-02 2.28526E-01 1.00761E-04 3.48339E-02 6.49885E-02 8.31755E-06 4.26468E-07 1.80421E-04 2.03140E-03
 5.59290E+25 2.00000E+01 6.05270E+01 1.81507E+00 4.99090E+02 1.33790E-02 2.28414E-01 1.00734E-04 3.47383E-02 6.50843E-02 8.28290E-06 4.25152E-07 1.80846E-04 2.03470E-03
 6.65683E+25 2.00000E+01 6.07523E+01 1.81179E+00 4.99092E+02 1.33843E-02 2.28310E-01 1.00710E-04 3.46491E-02 6.51736E-02 8.25095E-06 4.23932E-07 1.81250E-04 2.03777E-03
 7.92314E+25 2.00000E+01 6.09594E+01 1.80881E+00 4.99093E+02 1.33892E-02 2.28213E-01 1.00689E-04 3.45668E-02 6.52559E-02 8.22174E-06 4.22814E-07 1.81625E-04 2.04060E-03
 9.43035E+25 2.00000E+01 6.11482E+01 1.80611E+00 4.99095E+02 1.33936E-02 2.28125E-01 1.00670E-04 3.44918E-02 6.53311E-02 8.19528E-06 4.21798E-07 1.81968E-04 2.04319E-03
 1.12243E+26 2.00000E+01 6.13375E+01 1.80343E+00 4.99096E+02 1.33980E-02 2.28037E-01 1.00650E-04 3.44165E-02 6.54065E-02 8.16890E-06 4.20783E-07 1.82313E-04 2.04580E-03
 1.33594E+26 2.00000E+01 6.14890E+01 1.80129E+00 4.99097E+02 1.34015E-02 2.27966E-01 1.00634E-04 3.43562E-02 6.54668E-02 8.14789E-06 4.19973E-07 1.82590E-04 2.04789E-03
 1.59008E+26 2.00000E+01 6.16408E+01 1.79916E+00 4.99098E+02 1.34049E-02 2.27895E-01 1.00618E-04 3.42958E-02 6.55273E-02 8.12694E-06 4.19163E-07 1.82868E-04 2.04999E-03

JIline[erg/s/cm^2/sr]
       1   6.0508601e-07
       2   5.0252209e-06
       3   1.6097420e-05
       4   3.4504584e-05
       5   5.9481135e-05
       6   8.9279926e-05
       7   0.00012299907
       8   0.00016048559
       9   0.00020149745
      10   0.00024330390
      11   0.00028291841
      12   0.00031908520
      13   0.00034194061
      14   0.00035751242
      15   0.00035630230
      16   0.00031913087
      17   0.00024711694
      18   0.00014759888
      19   5.7821207e-05
      20   1.1897369e-05
      21   1.1856955e-06
      22   6.0154696e-07
      23   4.4838606e-07
      24   4.0194461e-07
      25   3.8274242e-07
      26   3.6952236e-07
      27   3.5623380e-07
      28   3.4093598e-07
      29   3.2340056e-07
      30   3.0339923e-07
      31   2.8232476e-07
      32   2.6026850e-07
      33   2.3695644e-07
      34   2.1252787e-07
      35   1.8588682e-07
      36   1.5780961e-07
      37   1.2865470e-07
      38   9.8508852e-08
