#J Iline[erg/s/cm^2/sr]
       1   1.9741476e-06
       2   2.1846865e-05
       3   8.5975954e-05
       4   0.00022390965
       5   0.00046569262
       6   0.00084037471
       7    0.0013739713
       8    0.0020963703
       9    0.0030264540
      10    0.0041822375
      11    0.0055709130
      12    0.0071984169
      13    0.0090508214
      14     0.011123332
      15     0.013339230
      16     0.015709705
      17     0.018030634
      18     0.020517098
      19     0.022337080
      20     0.024284696
      21     0.023458158
      22     0.024812128
      23     0.025440023
      24     0.025410341
      25     0.024768746
      26     0.023270931
      27     0.021012564
      28     0.017784042
      29     0.013613906
      30    0.0087172379
      31    0.0043249410
      32    0.0019970715
      33    0.0010502971
      34   0.00061549696
      35   0.00038890676
      36   0.00025878408
      37   0.00017732441
      38   0.00011981379
