# N(H) (cm^-2)	Tdust[K]	PEheating	H2 vib deexc.	H2 form	dust-gas coll.	OI cooling	CII  cooling	CO  cooling	CI  cooling
2.4726462065260966e-10	9.910408820067411e-10
0.	20.457	2.652357429621442e-22	9.341283277279988e-24	1.6915825410015016e-22	-2.5599436032436775e-25	-4.9414048219021706e-23	-4.338396243341299e-22	0.	-4.030154678991076e-26
9.999338163150821e8	20.455648817658425	2.6516476626778155e-22	9.340236321278487e-24	1.6915288186787223e-22	-2.5592111345272906e-25	-4.9389087830477414e-23	-4.337860603163988e-22	0.	-4.031410512374596e-26
2.999801460136721e9	20.455648817420006	2.651647505501816e-22	9.340278494799116e-24	1.6915351874236041e-22	-2.5592647790345334e-25	-4.938934221823455e-23	-4.33786604647568e-22	0.	-4.031409841482405e-26
6.999536747761978e9	20.455649426549673	2.6516475049201584e-22	9.340277283961743e-24	1.6915351873048317e-22	-2.559264779691302e-25	-4.9389342235522446e-23	-4.337866045525155e-22	0.	-4.031409824925575e-26
1.499900732301397e10	20.455649425595997	2.6516475041417667e-22	9.340274894056829e-24	1.6915351841192698e-22	-2.5592647556000433e-25	-4.9389342119064916e-23	-4.337866041579753e-22	0.	-4.0314098049563354e-26
3.099794847352296e10	20.45564820435643	2.651647502717662e-22	9.340270399933699e-24	1.691535183464978e-22	-2.559264755310126e-25	-4.938934210258437e-23	-4.337866039417838e-22	0.	-4.0314097765656535e-26
6.2995830774558426e10	20.455649419754742	2.651647500035552e-22	9.340261670434685e-24	1.691535187909436e-22	-2.559264802612154e-25	-4.93893422856256e-23	-4.337866040855578e-22	0.	-4.031409731948044e-26
1.269915953767048e11	20.45564880234003	2.651647495394767e-22	9.340244713480586e-24	1.6915351797920877e-22	-2.559264754161059e-25	-4.938934204158675e-23	-4.337866031885971e-22	0.	-4.0314096583302905e-26
2.549831245812733e11	20.455648786783218	2.651647486224957e-22	9.340212309922355e-24	1.691535177892416e-22	-2.5592647758889234e-25	-4.938934205095888e-23	-4.33786602593765e-22	0.	-4.031409527159194e-26
5.1096618299147833e11	20.455648755669593	2.651647468442641e-22	9.340150393759542e-24	1.6915351692824577e-22	-2.5592647794196557e-25	-4.938934213470671e-23	-4.337866017029382e-22	0.	-4.0314092880669866e-26
1.0229322998159683e12	20.45564808383584	2.651647433642583e-22	9.340032996494193e-24	1.691535153350562e-22	-2.559264795095884e-25	-4.9389342602093124e-23	-4.337866007659934e-22	0.	-4.031408844398854e-26
2.0468645334804224e12	20.455648569047447	2.6516473650797797e-22	9.339812417386922e-24	1.6915351276716373e-22	-2.559264876896734e-25	-4.938934455370404e-23	-4.337866013548327e-22	0.	-4.031408015277855e-26
4.0947290008678574e12	20.45564832019806	2.6516472301759395e-22	9.339401973846284e-24	1.6915350749231823e-22	-2.559265025498801e-25	-4.938935008607625e-23	-4.337866064790096e-22	0.	-4.031406467734152e-26
8.190457935862135e12	20.45564843210578	2.6516469647992924e-22	9.338645019405906e-24	1.6915349885124298e-22	-2.55926546456791e-25	-4.938936458067819e-23	-4.337866248877374e-22	0.	-4.031403589467859e-26
1.6381915806670633e13	20.45564743670821	2.6516464461406106e-22	9.337258317545943e-24	1.6915348326184027e-22	-2.5592663968005706e-25	-4.938939614996384e-23	-4.33786668812322e-22	0.	-4.0313982750594816e-26
3.2764831551339887e13	20.455644836246965	2.6516454388121925e-22	9.334733682722037e-24	1.691534552435678e-22	-2.55926824915978e-25	-4.9389457506502546e-23	-4.337867560544442e-22	0.	-4.031388551139099e-26
6.553066305197355e13	20.455640854597092	2.6516434879560502e-22	9.330165866449134e-24	1.691534042417186e-22	-2.5592717668901463e-25	-4.9389573235011615e-23	-4.33786922054998e-22	0.	-4.0313709085595585e-26
1.310623260946773e14	20.455633500903843	2.6516397087167176e-22	9.32197096650435e-24	1.6915331308773086e-22	-2.5592785893191197e-25	-4.938979904007607e-23	-4.337872547549067e-22	0.	-4.031339157813512e-26
2.6212565233067466e14	20.45561757430434	2.6516323831196885e-22	9.307414711079424e-24	1.6915315562638586e-22	-2.559292247771543e-25	-4.9390252184294455e-23	-4.33787948460059e-22	0.	-4.0312825261673884e-26
5.242523053452013e14	20.455585721105336	2.651618172426129e-22	9.281850456512104e-24	1.6915289310777098e-22	-2.559320126851697e-25	-4.939117690062636e-23	-4.337894235810439e-22	0.	-4.0311824912084106e-26
1.0485056133130692e15	20.455520795375108	2.6515905554426844e-22	9.237568143093247e-24	1.691524750690974e-22	-2.5593781211497333e-25	-4.939310383330826e-23	-4.337926307328132e-22	0.	-4.0310075138741177e-26
2.0970122361285905e15	20.455393992125984	2.651536706536008e-22	9.162113077827113e-24	1.6915186243169258e-22	-2.5595020708420086e-25	-4.9397229955844697e-23	-4.337997938093614e-22	0.	-4.0307040442574334e-26
4.1940255061268895e15	20.455139166414735	2.6514313142162634e-22	9.03547687881213e-24	1.691510472995742e-22	-2.5597673238750535e-25	-4.940608138834847e-23	-4.338156889356376e-22	0.	-4.0301798504605226e-26
8.388052132971897e15	20.454999390393496	2.6512284023782767e-22	8.826074134629195e-24	1.6915028726121318e-22	-2.5603586950203103e-25	-4.9425864317433577e-23	-4.338523621409968e-22	0.	-4.0292574590065164e-26
1.6776105702720182e16	20.455	2.6508251454312633e-22	8.48588190163758e-24	1.6915061748921718e-22	-2.561755246573766e-25	-4.947316034104829e-23	-4.339425981902859e-22	0.	-4.0275792479316593e-26
3.3552214064775104e16	20.45414293599129	2.6500247309396015e-22	7.946932955938155e-24	1.6915637241427096e-22	-2.565421398317861e-25	-4.9597872807220275e-23	-4.34186048739418e-22	0.	-4.024168604021661e-26
6.710443635512933e16	20.451849789515137	2.648270783307897e-22	7.145018960266591e-24	1.6918262319167648e-22	-2.576635397901413e-25	-4.997894629247617e-23	-4.3493767472208625e-22	0.	-4.015483851487299e-26
1.3420892422380702e17	20.448627526909114	2.642878309799592e-22	6.2785582329817694e-24	1.6919832484430682e-22	-2.6178457315207224e-25	-5.1385272397191814e-23	-4.375997845123994e-22	0.	-3.9734232783043235e-26
2.2368188562434125e17	20.444629157304767	2.625187256933476e-22	6.4499951238233e-24	1.6755136700196276e-22	-2.6295971420204014e-25	-5.1759328738149456e-23	-4.366732690577074e-22	0.	-3.7646749647522537e-26
3.42981016251358e17	20.439538390755654	2.566762117729718e-22	6.82074283040057e-24	1.5402709526487737e-22	-2.5101894549268904e-25	-4.751675922443313e-23	-4.149159450063643e-22	0.	-3.160200314809504e-26
3.474548217755508e17	20.4393474868536	2.5650815425641393e-22	6.821434893810124e-24	1.5333857462143122e-22	-2.506105133910104e-25	-4.7365577403505446e-23	-4.139019911284877e-22	0.	-3.147011335412047e-26
3.564024417948562e17	20.43896567940712	2.5618195102022356e-22	6.82150725901147e-24	1.519023798251723e-22	-2.4975026856324483e-25	-4.706001423888171e-23	-4.1180269214866373e-22	0.	-3.122095688003918e-26
3.5752089505737754e17	20.438917953252794	2.5614529605151776e-22	6.821254287830024e-24	1.5173378459695292e-22	-2.496529635789299e-25	-4.702501973962671e-23	-4.115571382342688e-22	0.	-3.119372398751081e-26
3.597578020589007e17	20.438822501659395	2.5607117143474575e-22	6.820725978069002e-24	1.5138655557577072e-22	-2.4945151881997345e-25	-4.6953476013167247e-23	-4.11052309046929e-22	0.	-3.1138923017189796e-26
3.6423161799694374e17	20.43863159775734	2.5591946640446834e-22	6.8196327950603e-24	1.5065025447672427e-22	-2.4903132324793107e-25	-4.6804254655957816e-23	-4.0998475701002146e-22	0.	-3.102792564983529e-26
3.6479084517289254e17	20.438607734680176	2.5590016385863954e-22	6.819495386134082e-24	1.5055410317661054e-22	-2.489777883722978e-25	-4.678502680273359e-23	-4.0984558984341344e-22	0.	-3.1013917083929413e-26
3.6590929964894214e17	20.438560008883478	2.558613429907506e-22	6.819213030517135e-24	1.5035871835419384e-22	-2.4886817479660996e-25	-4.67461029984615e-23	-4.0956309520432426e-22	0.	-3.098582158440901e-26
3.6604910647011046e17	20.438554043293003	2.5585646918590775e-22	6.819177420667816e-24	1.503340312213821e-22	-2.488545068763182e-25	-4.6741195843401127e-23	-4.0952739180842854e-22	0.	-3.0982301620279585e-26
3.663287201202585e17	20.43854211175442	2.5584670771207363e-22	6.819106447827561e-24	1.5028443091190642e-22	-2.4882678074952723e-25	-4.67313509708859e-23	-4.094557138739556e-22	0.	-3.0975256852604e-26
3.663986235344223e17	20.438539128780366	2.558442670680533e-22	6.819087416914564e-24	1.502719955651754e-22	-2.4881983263532044e-25	-4.6728872153187815e-23	-4.094377164076811e-22	0.	-3.0973496093423576e-26
3.6653843036470637e17	20.438533163189888	2.558393732719602e-22	6.819052896037e-24	1.5024706946162449e-22	-2.488059705628045e-25	-4.6723948915732866e-23	-4.0940173713067577e-22	0.	-3.096996824055725e-26
3.6681804403310784e17	20.438521231651308	2.5582957749777136e-22	6.818980952533647e-24	1.5019702552830438e-22	-2.4877808616541326e-25	-4.671404754515329e-23	-4.0932945911224103e-22	0.	-3.096291085309163e-26
3.6737727140130854e17	20.438497368574144	2.5580993095194415e-22	6.818836011151642e-24	1.500961568841052e-22	-2.4872195421707042e-25	-4.6694117283339923e-23	-4.0918379155899405e-22	0.	-3.094877636437036e-26
3.684957262637864e17	20.438449642777446	2.557703972172452e-22	6.818544646233414e-24	1.4989126180960454e-22	-2.4860855291182135e-25	-4.6653851142985276e-23	-4.088881747224557e-22	0.	-3.0920419313049106e-26
3.7073263649701094e17	20.438354190826416	2.556903856948946e-22	6.817948073456386e-24	1.494683389226651e-22	-2.483765284215129e-25	-4.657146985690656e-23	-4.0827879397378052e-22	0.	-3.086337318881625e-26
3.752064589622532e17	20.438163286924365	2.5554017894652383e-22	6.816076537850129e-24	1.4864777649873043e-22	-2.479329523389416e-25	-4.6414010872300283e-23	-4.0709864469912186e-22	0.	-3.0758252617690507e-26
3.841541107826887e17	20.437781479477884	2.5527556895684807e-22	6.80941317576668e-24	1.4711396549015316e-22	-2.4712553753618044e-25	-4.612752686625543e-23	-4.0489932966524506e-22	0.	-3.0579654956510367e-26
4.020494396298489e17	20.437017864584924	2.547795524235281e-22	6.788191224911138e-24	1.438493891765074e-22	-2.454983836888722e-25	-4.5550660436165584e-23	-4.002458552984461e-22	-1.5026335878394691e-27	-3.0262840013059814e-26
4.3784018247010605e17	20.435658646300435	2.539647692303571e-22	6.697804692815463e-24	1.3708140642179114e-22	-2.4248545733974457e-25	-4.448340757187743e-23	-3.9069303934133875e-22	-1.719525640876297e-27	-2.979613066084114e-26
5.0942189981059654e17	20.432943266391753	2.529482758618488e-22	6.3697594137633444e-24	1.257246690050055e-22	-2.384202464898765e-25	-4.30392243278246e-23	-3.748665620967023e-22	-1.948895123203376e-27	-2.932217640522597e-26
6.525857668539962e17	20.42763671776652	2.519103500140796e-22	5.6527305561876515e-24	1.1192519914418297e-22	-2.350155230267683e-25	-4.18034565135273e-23	-3.5582073294568813e-22	-2.054560552301839e-27	-2.8946049827567116e-26
6.883767782398772e17	20.426392916888	2.517311490185939e-22	5.494625663672739e-24	1.095953417336091e-22	-2.3463254645487456e-25	-4.1652692385902987e-23	-3.5262104849259886e-22	-2.058765708700691e-27	-2.8888188314117096e-26
7.599588425531064e17	20.42390379321575	2.5135595072994017e-22	5.1438967201346415e-24	1.0430799982039318e-22	-2.3387658270072862e-25	-4.1359038574612046e-23	-3.4535078446419594e-22	-2.0531064488402636e-27	-2.8755723945478603e-26
9.0312310177305e17	20.418926155030725	2.50785307996148e-22	4.6438624529799325e-24	9.748958613604917e-23	-2.332944496865183e-25	-4.110478635286376e-23	-3.359815986872734e-22	-2.026576086739546e-27	-2.858428343801628e-26
1.1894519050409405e18	20.408697268247604	2.499014707993762e-22	4.003468921036305e-24	8.881656832720638e-23	-2.331378151622031e-25	-4.0963342769428205e-23	-3.2399967838290875e-22	-1.9644657690315007e-27	-2.83636881647766e-26
1.7621101863733934e18	20.38943989670277	2.4845540518876455e-22	3.2479237332083504e-24	7.752849406479065e-23	-2.33708188871112e-25	-4.101551676447968e-23	-3.0808303941299446e-22	-1.8399096490520157e-27	-2.807529626559675e-26
2.9074282163935903e18	20.355028031885624	2.461132326601548e-22	2.481785751373207e-24	6.425065922297053e-23	-2.3519230134588832e-25	-4.1316913316852374e-23	-2.88543556311867e-22	-1.6451727450276883e-27	-2.774899808092916e-26
5.198067135951669e18	20.291527020186184	2.423477091907118e-22	1.7954064386272815e-24	5.034891722770213e-23	-2.37224230453706e-25	-4.175784029898542e-23	-2.666467357359027e-22	-1.4087832179126384e-27	-2.747867816751525e-26
9.779349928900887e18	20.180600491762164	2.362893953246234e-22	1.2364637924328954e-24	3.7356103747055577e-23	-2.3820956083756835e-25	-4.18518097249033e-23	-2.439466560552568e-22	-1.1809184518168714e-27	-2.746626652472475e-26
1.6706430113242403e19	20.03314529573917	2.2866900842196494e-22	8.60564645303789e-25	2.76272140233836e-23	-2.3664343568907336e-25	-4.1158832372384146e-23	-2.2462967091736812e-22	-1.0201306856883619e-27	-2.783283262031378e-26
2.3633513221955006e19	19.899019284546373	2.220993073719892e-22	6.769762362510389e-25	2.255378502209298e-23	-2.331775936935485e-25	-3.991830261383926e-23	-2.1284316222544765e-22	-9.486284094543908e-28	-2.841806771635842e-26
3.0560597793268208e19	19.776978233337402	2.163050203699829e-22	5.63000512073665e-25	1.927869435360125e-23	-2.2911518019054694e-25	-3.854750526398161e-23	-2.0424358816892752e-22	-9.112291407064696e-28	-2.9062724002327503e-26
3.748768325117909e19	19.658023441046478	2.107035361621908e-22	4.83219375702612e-25	1.6938005645831753e-23	-2.243924506197676e-25	-3.702034211610866e-23	-1.971956096304709e-22	-8.907589641814915e-28	-2.97974544902669e-26
4.4414769255510606e19	19.549432705521582	2.057779333940829e-22	4.2373482779349145e-25	1.5152589288094337e-23	-2.2001989809484724e-25	-3.5621427987357584e-23	-1.9140203067509304e-22	-8.806103241807166e-28	-3.049828256139452e-26
5.13418556526969e19	19.44084036397934	2.0082625187000592e-22	3.769044190522228e-25	1.373028259229406e-23	-2.1520677991919213e-25	-3.412586156964775e-23	-1.8614165339409751e-22	-8.764656878994963e-28	-3.1276936412120644e-26
5.826894228429571e19	19.33809635835886	1.9626160116716214e-22	3.3906035402957974e-25	1.256284400666767e-23	-2.1065857940023433e-25	-3.2726381893550623e-23	-1.814964928808354e-22	-8.769510260920387e-28	-3.2041655560522745e-26
6.519602907735302e19	19.240895629882814	1.920685919770451e-22	3.077388142151983e-25	1.15822713520917e-23	-2.0640445775933736e-25	-3.1433379276645526e-23	-1.7735401095278654e-22	-8.809235455220704e-28	-3.278309806213036e-26
7.212311598386704e19	19.143694618225098	1.8784888564221371e-22	2.81134126568818e-25	1.0743333926081799e-23	-2.0195730521721263e-25	-3.0109037985039827e-23	-1.7339663969445986e-22	-8.870593061824804e-28	-3.3579269659518326e-26
7.905020293002733e19	19.046493606567385	1.8360017438522292e-22	2.5819163245364836e-25	1.0015368160831306e-23	-1.973684827648034e-25	-2.8764505512458534e-23	-1.6957167312922432e-22	-8.948082638116365e-28	-3.443072502592415e-26
8.597728985289602e19	18.955276344917717	1.7978130092184568e-22	2.383704069844984e-25	9.37675050792957e-24	-1.9327408419580365e-25	-2.757241804538263e-23	-1.661372218360322e-22	-9.045891092831256e-28	-3.5228045477311365e-26
9.290437675055104e19	18.86870654594898	1.762979663022144e-22	2.2104386204712486e-25	8.810830434166422e-24	-1.8954302064031768e-25	-2.649818256307297e-23	-1.6301264929404956e-22	-9.16065542276291e-28	-3.598401018483112e-26
9.983146361884757e19	18.782136884748937	1.7279424365735155e-22	2.0563344997823152e-25	8.304900447362795e-24	-1.857211158315595e-25	-2.541817886493569e-23	-1.5994990943135253e-22	-9.284339366085131e-28	-3.6782173098072233e-26
1.067585504172887e20	18.695567223548892	1.6926940463616141e-22	1.9182629732507949e-25	7.849472477546619e-24	-1.8183443686082235e-25	-2.433651508189512e-23	-1.5693190654223455e-22	-9.414987658270075e-28	-3.7624055302788366e-26
1.1368563710832162e20	18.608997592926023	1.6572285656572203e-22	1.7937682177506654e-25	7.43702467629825e-24	-1.7789245263348395e-25	-2.3256726690308562e-23	-1.539449007854457e-22	-9.551098411721015e-28	-3.8511596211169695e-26
1.2061272365632112e20	18.52242793172598	1.6215410415974345e-22	1.6808931955109895e-25	7.06149297322509e-24	-1.7390332226862082e-25	-2.218196656282969e-23	-1.5097761581475333e-22	-9.691357380526036e-28	-3.944711897825507e-26
1.2753981002683384e20	18.442343836814167	1.590773654240597e-22	1.5797314935928816e-25	6.718410524909683e-24	-1.705351523207358e-25	-2.1278117901437972e-23	-1.4837211866686031e-22	-9.84713070095004e-28	-4.0279529632331364e-26
1.3446689625682225e20	18.365955121159555	1.5627897877327757e-22	1.4880899101863568e-25	6.403383481408565e-24	-1.6749058375586133e-25	-2.047126179390692e-23	-1.4598346609081194e-22	-1.00139991738508e-27	-4.106108071897745e-26
1.4139398235970952e20	18.28956737494469	1.534671677388973e-22	1.4039232233677876e-25	6.112859976024971e-24	-1.6440577202616034e-25	-1.9668695994837676e-23	-1.4360824188970436e-22	-1.0184494713696004e-27	-4.1877284218360106e-26
1.483210683107139e20	18.213178526580336	1.5064173157542922e-22	1.3263559399632429e-25	5.844107316268554e-24	-1.6129562544538454e-25	-1.8871869123367615e-23	-1.4124127574421632e-22	-1.0357932946338248e-27	-4.2729713264401936e-26
1.5524815408556835e20	18.136790209054947	1.4780249548345582e-22	1.2546486713917084e-25	5.5947158038546906e-24	-1.5816353469028505e-25	-1.8082126239138867e-23	-1.3887806189879207e-22	-1.0533638329140765e-27	-4.3620126256664584e-26
1.621752396602135e20	18.060401932001113	1.4494931649284512e-22	1.1881719871713453e-25	5.362683263796502e-24	-1.550122504286462e-25	-1.7300643553240846e-23	-1.365146222706187e-22	-1.0710955006963865e-27	-4.45504966753945e-26
1.6910232501062507e20	17.984013614475728	1.4208206671531082e-22	1.1263866611212497e-25	5.146237867370997e-24	-1.5184443511330816e-25	-1.6528556821600692e-23	-1.3414746177156564e-22	-1.0901560508040896e-27	-4.552299937222277e-26
1.7602941011259284e20	17.907625337421894	1.3920063446158713e-22	1.0688273164454655e-25	4.943857600172463e-24	-1.4866259653810969e-25	-1.5766946640588647e-23	-1.317735608210067e-22	-1.108850358190666e-27	-4.6540038387544275e-26
1.829564949415636e20	17.83123701989651	1.3630493248423644e-22	1.0150894236541028e-25	4.754256776100763e-24	-1.4546867213508377e-25	-1.5016747429611718e-23	-1.2939009141214708e-22	-1.1275458803644794e-27	-4.760427168571712e-26
1.8988357947252212e20	17.762059140607715	1.3398159688057797e-22	9.661271190022656e-26	4.576695625685123e-24	-1.4298314836768263e-25	-1.443250410440628e-23	-1.2742783135904327e-22	-1.1483504916592974e-27	-4.848085009827164e-26
1.968106637852465e20	17.695308839827778	1.3184739835000685e-22	9.206644820227654e-26	4.4097548337945454e-24	-1.4070888189777035e-25	-1.390657514971882e-23	-1.2560975682118973e-22	-1.1700655731450577e-27	-4.930905501460477e-26
2.0373774789756594e20	17.62855735129118	1.2970567333185906e-22	8.77983899548145e-26	4.2524664918160975e-24	-1.3841899466488734e-25	-1.3386818898051093e-23	-1.2379023495245916e-22	-1.1919731630085657e-27	-5.0167231049177776e-26
2.1066483179282376e20	17.561807176589966	1.2755638084048342e-22	8.378523144460506e-26	4.1040851317819174e-24	-1.3612154856856348e-25	-1.2873676292880341e-23	-1.2196780024670427e-22	-1.2140260937138774e-27	-5.105673797988236e-26
2.1759191545446243e20	17.495057001888753	1.2539948356100717e-22	8.000625965718257e-26	3.963868083368153e-24	-1.3381759371686466e-25	-1.2367575166578415e-23	-1.201410738481656e-22	-1.2361786780876322e-27	-5.197903219700546e-26
2.2451899886583067e20	17.42830632287264	1.2323495233586653e-22	7.644293645248621e-26	3.8312232612558224e-24	-1.3150801524019742e-25	-1.1868898329619756e-23	-1.1830886475810781e-22	-1.2583859815627312e-27	-5.293570747303263e-26
2.314460820101692e20	17.361555086493492	1.2106275969714716e-22	7.307867661570603e-26	3.705550204188976e-24	-1.2919373851978915e-25	-1.1378028341115832e-23	-1.164700389098967e-22	-1.2805974867180622e-27	-5.392846609042664e-26
2.3837316487056287e20	17.29480440747738	1.188828852630606e-22	6.989856290121222e-26	3.5863595858836166e-24	-1.2687552112066232e-25	-1.0895305863342991e-23	-1.146235801118903e-22	-1.3027616287829293e-27	-5.495916150335783e-26
2.4530024742993025e20	17.228053675413133	1.1669531037516099e-22	6.688914067884127e-26	3.473171809515915e-24	-1.2455416056779466e-25	-1.0421071216396881e-23	-1.1276855533383074e-22	-1.3248222880574498e-27	-5.602978411851732e-26
2.5222732967100652e20	17.16130299639702	1.1450002151643924e-22	6.403823418442267e-26	3.3655723142768696e-24	-1.2223035144145253e-25	-9.955635012730276e-24	-1.1090410467840196e-22	-1.3467204509734272e-27	-5.714249028608253e-26
2.5915441157633622e20	17.094552317380906	1.1229708974733698e-22	6.133505951512237e-26	3.2653680144931247e-24	-1.1990152317527365e-25	-9.498707927846505e-24	-1.0903063914511892e-22	-1.3684771764729e-27	-5.830035398397049e-26
2.6608149312627553e20	17.02780158531666	1.1008631913212218e-22	5.876893343703853e-26	3.1670155444638173e-24	-1.175756651569651e-25	-9.051912642462733e-24	-1.0714432373162794e-22	-1.389822089302635e-27	-5.950414636111326e-26
2.730085743046693e20	16.961050906300546	1.0786786250980178e-22	5.633099928467214e-26	3.0739738160621855e-24	-1.1524681513744312e-25	-8.614331124938458e-24	-1.0524592777318988e-22	-1.4111754094914075e-27	-6.075781167254846e-26
2.7993565509714117e20	16.898201055224984	1.0594415696591701e-22	5.405542108851061e-26	2.981716208974551e-24	-1.1326474119366214e-25	-8.245196743901809e-24	-1.0357319204197207e-22	-1.4344903840906833e-27	-6.187732143276261e-26
2.8686273555754834e20	16.84085001488775	1.0444219625864547e-22	5.19514345930901e-26	2.897644663634743e-24	-1.1176728410249532e-25	-7.965748619254104e-24	-1.0224926287389463e-22	-1.4611685604919394e-27	-6.277191999278986e-26
2.9378981578579404e20	16.78350004194677	1.0293670036974069e-22	4.994646611087057e-26	2.8131153149622464e-24	-1.1025550163835366e-25	-7.690896332562412e-24	-1.0091784950978426e-22	-1.4878766419327592e-27	-6.368822023253979e-26
3.0071689576887104e20	16.726148942843082	1.0142795055956132e-22	4.8035485408893094e-26	2.736257472147081e-24	-1.0873509216091712e-25	-7.419199238829063e-24	-9.958412452689446e-23	-1.5146634089841516e-27	-6.463654804006391e-26
3.076439754941469e20	16.66879885236919	9.991575967482037e-23	4.621262947705663e-26	2.6627148195889572e-24	-1.0721353268353292e-25	-7.151957727064972e-24	-9.824668699467905e-23	-1.541481292447415e-27	-6.561345811382289e-26
3.1457105495230736e20	16.611447988331317	9.840012619939242e-23	4.447269651649931e-26	2.592289685781507e-24	-1.0569105293636412e-25	-6.889258323411636e-24	-9.690519403899231e-23	-1.5682944903297477e-27	-6.662014500581234e-26
3.2149813413123706e20	16.554097897857428	9.688122672352065e-23	4.281140516547904e-26	2.5304440772799852e-24	-1.041610560902219e-25	-6.630130606982166e-24	-9.556227463470963e-23	-1.5951316930599527e-27	-6.76634386174376e-26
3.284252130175232e20	16.49674679875374	9.535869626349859e-23	4.122322743812838e-26	2.465604112856143e-24	-1.0263781981709667e-25	-6.376837807649219e-24	-9.421177742893729e-23	-1.6218162400733337e-27	-6.87335412293953e-26
3.353522916099605e20	16.43939569965005	9.3832725157286e-23	3.970456496767281e-26	2.4033995457964303e-24	-1.0111428807597925e-25	-6.128312945681194e-24	-9.285638320133142e-23	-1.6483814481453916e-27	-6.983748442079158e-26
3.422793699000707e20	16.38204560917616	9.230331571673116e-23	3.825157716578646e-26	2.343680063732927e-24	-9.95906368823793e-26	-5.8846219285590076e-24	-9.149583000223585e-23	-1.67478553389733e-27	-7.097679653559904e-26
3.4920644787962977e20	16.324694980204107	9.077047077210637e-23	3.6860691760932786e-26	2.28631445178508e-24	-9.806706576842656e-26	-5.6458309928502784e-24	-9.012991331945462e-23	-1.7009865852022734e-27	-7.215311124016989e-26
3.561335255407572e20	16.26734441959858	8.923419491973659e-23	3.552857908734214e-26	2.2311821139954394e-24	-9.654370371864112e-26	-5.411992305947612e-24	-8.875839789766439e-23	-1.7269328465480583e-27	-7.336816823187698e-26
3.630606028759143e20	16.209993790626527	8.769449285596137e-23	3.4252141227185924e-26	2.178166323235768e-24	-9.502071827261542e-26	-5.183161410933271e-24	-8.738109969324152e-23	-1.7525960441750612e-27	-7.462382466894931e-26
3.69987679877983e20	16.152643161654474	8.615137078809322e-23	3.3028474550079715e-26	2.127164373051661e-24	-9.34982215789595e-26	-4.9593829792874345e-24	-8.599782213708613e-23	-1.7779226450229643e-27	-7.592206473997357e-26
3.769147565402942e20	16.095292601048946	8.460483516710509e-23	3.185487320268241e-26	2.0780647490261393e-24	-9.197635224073698e-26	-4.740702491059635e-24	-8.460839046870388e-23	-1.8028667157359944e-27	-7.726500414591777e-26
3.8384183285670923e20	16.037941972076894	8.305489336586431e-23	3.0728801932165445e-26	2.0307828935921107e-24	-9.04552506230999e-26	-4.527162453297591e-24	-8.321267966549768e-23	-1.8273838274900993e-27	-7.865491919738394e-26
3.907689088215996e20	15.980591411471368	8.150155450366033e-23	2.964789415069309e-26	1.985296304180561e-24	-8.893501431053442e-26	-4.318796614345784e-24	-8.18106213485561e-23	-1.8514323803339578e-27	-8.009428028252224e-26
3.976959844300492e20	15.923240782499313	7.994482668030369e-23	2.8609901841792794e-26	1.941386651718869e-24	-8.741574321022034e-26	-4.115636463532993e-24	-8.040191524219057e-23	-1.874960801674916e-27	-8.158562227068812e-26
4.0462305967794074e20	15.865890221893787	7.838472043224941e-23	2.761274095876345e-26	1.899037002694283e-24	-8.589754356577427e-26	-3.917710752902705e-24	-7.898653459047377e-23	-1.8979302672107836e-27	-8.313178636448846e-26
4.115501345619008e20	15.808539592921734	7.682124734421452e-23	2.665450794711173e-26	1.8581885580883416e-24	-8.438045851153023e-26	-3.7250378516470065e-24	-7.756436129625466e-23	-1.920343602384767e-27	-8.473579830275208e-26
4.1847720907936524e20	15.755112250890583	7.551504810867823e-23	2.5758922927745505e-26	1.8191958337123634e-24	-8.314247488104035e-26	-3.568709054359676e-24	-7.636537330819068e-23	-1.9472506949407723e-27	-8.61157821935569e-26
4.323313576195101e20	15.659311982095241	7.36320620687407e-23	2.4126674614841815e-26	1.7456703205941652e-24	-8.129883095180488e-26	-3.3510466964187066e-24	-7.460737272565517e-23	-2.0140749840503394e-27	-8.816595066302612e-26
4.6003965352702175e20	15.467709510564806	6.985194223009297e-23	2.1207446355877986e-26	1.6137565153060023e-24	-7.758648345691828e-26	-2.9377926126066676e-24	-7.107402593948622e-23	-2.149740458038032e-27	-9.2571723433915e-26
5.154562403184536e20	15.0845055077672	6.223569369653909e-23	1.6485749580810484e-26	1.3960450719176663e-24	-7.017509247180271e-26	-2.2003663100810693e-24	-6.391870428984442e-23	-2.42842077153645e-27	-1.0282852232047744e-25
5.8472695931948925e20	14.605500482857227	5.2612835689280425e-23	1.2154038317423701e-26	1.1893866586459026e-24	-6.12684633053138e-26	-1.4452721165864982e-24	-5.478471988613756e-23	-2.7882960624275423e-27	-1.1930272210486758e-25
6.539976629564273e20	14.137047092199325	4.413945627774637e-23	9.084768126013152e-27	1.037503074109641e-24	-5.382372563320729e-26	-9.339487610114012e-25	-4.662066456774131e-23	-3.2217823700174233e-27	-1.3862981907801874e-25
7.232683599190217e20	13.687788001097738	3.741432768448737e-23	6.89670902222921e-27	9.24508549490157e-25	-4.8111741877910596e-26	-6.219037633909593e-25	-4.0052475087536206e-23	-3.799527346188748e-27	-1.5899364335193953e-25
7.925390581273753e20	13.274890159487725	3.2037942733742466e-23	5.308389980565621e-27	8.393157296725343e-25	-4.366047278261265e-26	-4.2655915413474085e-25	-3.47458423786003e-23	-4.558846336700235e-27	-1.8024770794565078e-25
8.618097621092208e20	12.883796083927153	2.7552965358042886e-23	4.13405335674352e-27	7.742505417249975e-25	-3.9965320158931624e-26	-2.9722892944757933e-25	-3.0288770435058884e-23	-5.527989606079069e-27	-2.03140561251932e-25
9.310804742716393e20	12.508846072733402	2.3682827583548867e-23	3.2530746710156936e-27	7.240123754847678e-25	-3.677216549366794e-26	-2.0803931808043384e-25	-2.642167082286826e-23	-6.741559950384529e-27	-2.285806117756117e-25
1.000351195967797e21	12.14905637347698	2.035047619294346e-23	2.5860664118915324e-27	6.8436981292308315e-25	-3.40137720577339e-26	-1.4643117381724246e-25	-2.3073635559902098e-23	-8.242567761903976e-27	-2.5681109258549066e-25
1.0696219277624531e21	11.805231285095214	1.752429107239098e-23	2.077147498164622e-27	6.536827340256557e-25	-3.16705075963688e-26	-1.0430004356662656e-25	-2.0220948334845667e-23	-1.0085654705512119e-26	-2.8760843271039137e-25
1.1111843727194308e21	11.608636236071586	1.6104714516640615e-23	1.832154635696947e-27	6.387613126920624e-25	-3.0759075136671453e-26	-8.638379046943425e-26	-1.8781536497909638e-23	-1.136367979071149e-26	-3.0640867255262207e-25
1.1804551200880941e21	11.287005472779274	1.389496421225127e-23	1.4969512482118831e-27	6.173555192888088e-25	-2.864194407523785e-26	-6.250737990402495e-26	-1.6533035455945548e-23	-1.380977404632509e-26	-3.4191098776883056e-25
1.249725876816056e21	10.978483538269998	1.2011102425676745e-23	1.2365958544474968e-27	6.005122156844069e-25	-2.7041594033688505e-26	-4.576647352646196e-26	-1.460506996205463e-23	-1.6662153428027942e-26	-3.804999441948737e-25
1.3189966423014656e21	10.684092844486235	1.043956398402231e-23	1.0335428968617868e-27	5.868277608052118e-25	-2.5703811301637248e-26	-3.415622998247843e-26	-1.2985401307896193e-23	-1.991553476395268e-26	-4.212142521228461e-25
1.388267415720207e21	10.399926843881605	9.063497024711855e-24	8.736224063362523e-28	5.756230732152584e-25	-2.4503012547903424e-26	-2.5626274272379267e-26	-1.1556533830813191e-23	-2.354579214019368e-26	-4.660838710560546e-25
1.4575381966019232e21	10.125441758736967	7.862109908424002e-24	7.47082878663984e-28	5.663675391055561e-25	-2.3431569712661424e-26	-1.934546708954633e-26	-1.029766669406593e-23	-2.7491108216801066e-26	-5.153622135613875e-25
1.5268089843979507e21	9.860050514349712	6.815819315897705e-24	6.464918075384074e-28	5.577360814132043e-25	-2.247477196505078e-26	-1.469951215996757e-26	-9.187730509688535e-24	-3.165888223812988e-26	-5.692448333910547e-25
1.5960797785450813e21	9.607553447902204	5.949214323893663e-24	5.665771594679954e-28	5.517508545679304e-25	-2.1687758234511838e-26	-1.1408575652404932e-26	-8.25798807148709e-24	-3.5907683007371703e-26	-6.248523256225664e-25
1.6653505782475915e21	9.36321515262127	5.18797749341969e-24	5.0238347027016445e-28	5.461883766983053e-25	-2.096933361869058e-26	-8.902611229065312e-27	-7.42835596665342e-24	-4.013325232026584e-26	-6.852339879438288e-25
1.7346213830198294e21	9.126589230298997	4.519544385962419e-24	4.513277213280375e-28	5.414118268697047e-25	-2.0318696968664757e-26	-6.985368222877576e-27	-6.687026779705456e-24	-4.4146589515048203e-26	-7.506654494929462e-25
1.776183868565342e21	8.988445360660553	4.161988638883942e-24	4.251679875297404e-28	5.389810195896804e-25	-2.0115773485029332e-26	-6.063823851808499e-27	-6.283993055544775e-24	-4.64791171446485e-26	-7.9195119669580195e-25
1.8454546803886216e21	8.765755522131919	3.636645815086838e-24	3.882648332752827e-28	5.34837144683272e-25	-1.9434141616298676e-26	-4.834715200264822e-27	-5.680522520411736e-24	-5.012026523307754e-26	-8.63086624997e-25
1.9147254958968907e21	8.550554791450502	3.1742529759433753e-24	3.581940632431774e-28	5.312372069357903e-25	-1.894601338903443e-26	-3.872132089317777e-27	-5.135694764864814e-24	-5.34237582539558e-26	-9.391848520259838e-25
1.9839963146151178e21	8.342620457030833	2.7681912686493867e-24	3.3358698965056827e-28	5.279194163927464e-25	-1.8496657981392147e-26	-3.114706458647115e-27	-4.642941687323733e-24	-5.636775596184282e-26	-1.0200420348329755e-24
2.0532671361204342e21	8.142311379492284	2.4239559857353656e-24	3.1346094312092854e-28	5.2486416686397445e-25	-1.8106777217767793e-26	-2.534533417950396e-27	-4.211266227622264e-24	-5.892944015971115e-26	-1.1021672768627273e-24
2.1225379599120728e21	7.949921770095825	2.1247194503591262e-24	2.96872108365981e-28	5.219802792890924e-25	-1.7750740435371876e-26	-2.0746228802950392e-27	-3.822457822264276e-24	-6.112831745092745e-26	-1.1868792593073354e-24
2.191808785576619e21	7.764109677314758	1.8602446698657094e-24	2.830879392790945e-28	5.1875737655918215e-25	-1.7410364658457892e-26	-1.7005544906695812e-27	-3.464566882989401e-24	-6.30144730397139e-26	-1.2750593888807917e-24
2.261079612749789e21	7.584572793245316	1.6270463112665296e-24	2.715833435298337e-28	5.160278257173222e-25	-1.7087735981151093e-26	-1.3966574205394118e-27	-3.136096147444009e-24	-6.461484444919243e-26	-1.3661586528477531e-24
2.3303504411192294e21	7.411892482459546	1.4255854096855768e-24	2.6197228714803835e-28	5.1405382572611255e-25	-1.6793221561439514e-26	-1.1538964140594986e-27	-2.84066912872201e-24	-6.595739151265055e-26	-1.4574997730968162e-24
2.3996212702790093e21	7.246002859890461	1.2529186697619726e-24	2.538977777307514e-28	5.114714973168553e-25	-1.6521752650614623e-26	-9.58529394618824e-28	-2.5748781815665983e-24	-6.705764118392417e-26	-1.5470550964647242e-24
2.468892099902246e21	7.085909111261367	1.0997932680515996e-24	2.4702384192308807e-28	5.088882139781941e-25	-1.6254706902312283e-26	-7.957766079181901e-28	-2.3281896327811555e-24	-6.796274483408217e-26	-1.6372389280125812e-24
2.5381629296918334e21	6.931699748635292	9.643321938511404e-25	2.4112987159828075e-28	5.062891533857859e-25	-1.5992681329561948e-26	-6.601758443584111e-28	-2.099679237493791e-24	-6.869683989169605e-26	-1.72706582026297e-24
2.6074337593566896e21	6.783578408837318	8.451991654823274e-25	2.360449805128215e-28	5.036848658001512e-25	-1.5736924748754764e-26	-5.476742875602364e-28	-1.8893789249799787e-24	-6.928172993162404e-26	-1.8151559718925482e-24
2.676704588562515e21	6.642197520256043	7.4452611944033895e-25	2.316938356376719e-28	5.011780215059252e-25	-1.5506297594576062e-26	-4.5799689750247665e-28	-1.7041076992201843e-24	-6.973432100543734e-26	-1.8968911337347448e-24
2.745975417111656e21	6.506147440671921	6.549848979470324e-25	2.278793491060506e-28	4.988277292790308e-25	-1.527622303921869e-26	-3.826651950660921e-28	-1.5328650842170125e-24	-7.009006892700585e-26	-1.97623415842594e-24
2.8152462447465967e21	6.375446897566318	5.755481255520661e-25	2.245066503817106e-28	4.96219336889064e-25	-1.5048522669551238e-26	-3.194437625016762e-28	-1.375091538376168e-24	-7.037329667404966e-26	-2.0522660233165944e-24
2.8845170712138057e21	6.250095231294632	5.052279185409032e-25	2.214977190614577e-28	4.936564737513241e-25	-1.4822398125300856e-26	-2.6637145230526386e-28	-1.2301150126870981e-24	-7.059260940949006e-26	-2.124072227645436e-24
2.953787896261947e21	6.131905327439308	4.452883470858967e-25	2.1885969503755778e-28	4.912021007166602e-25	-1.4617313797373176e-26	-2.2388226985041847e-28	-1.1030707614019707e-24	-7.078108900103251e-26	-2.1885460241326626e-24
3.0230587196896245e21	6.018991709291935	3.92498268261836e-25	2.1649867217860025e-28	4.888432346643283e-25	-1.4418108054743916e-26	-1.887090571069462e-28	-9.884559439719858e-25	-7.096494173302307e-26	-2.2480413703948884e-24
3.092329541289758e21	5.910892324477434	3.4554235746441324e-25	2.1435575495951926e-28	4.864099150277588e-25	-1.422240313524505e-26	-1.5918764355566583e-28	-8.840371496378872e-25	-7.116152700540718e-26	-2.302885307925557e-24
3.1338920330534846e21	5.848267148494721	3.1991198767719244e-25	2.1316427321446162e-28	4.849840223501691e-25	-1.416808729949209e-26	-1.4390279480636849e-28	-8.262336331793277e-25	-7.130080454598658e-26	-2.3335187549418556e-24
3.2031628512489646e21	5.74912668544054	2.822056748933704e-25	2.113610180463455e-28	4.826629545880669e-25	-1.39349952845722e-26	-1.2256868851166037e-28	-7.402518023839721e-25	-7.156956344085116e-26	-2.3792521909477705e-24
3.2724336670846254e21	5.6544514902234075	2.486364223178998e-25	2.097100858012568e-28	4.8032302121000095e-25	-1.376603471104731e-26	-1.0469507182461605e-28	-6.625825330782609e-25	-7.191214264573842e-26	-2.4205015295537965e-24
3.3417044803641724e21	5.564172220140696	2.1881863996723248e-25	2.0820454386209444e-28	4.780901735791383e-25	-1.360707853387875e-26	-8.986920864546532e-29	-5.93043321987423e-25	-7.235840579696683e-26	-2.457635931021211e-24
3.410975290897792e21	5.479750958204269	1.9298016762100677e-25	2.0685849879735064e-28	4.759897622032778e-25	-1.3466212928097178e-26	-7.789755472774791e-29	-5.325309355157176e-25	-7.291908933634033e-26	-2.4897289576955597e-24
3.480246098567724e21	5.401193480610847	1.7050371329162765e-25	2.0565452629403963e-28	4.739692884018583e-25	-1.3339964896648492e-26	-6.817561743891916e-29	-4.797651105797362e-25	-7.36092811589046e-26	-2.5173692467026754e-24
3.5495169032785263e21	5.326612540721893	1.5045235463209338e-25	2.045540943187912e-28	4.720243157034117e-25	-1.322067377206724e-26	-6.002337213120451e-29	-4.325074432283423e-25	-7.445700793638525e-26	-2.5418350901388725e-24
3.618787704900747e21	5.255962470829487	1.3260565426352702e-25	2.0355127144308184e-28	4.701585387755236e-25	-1.3111541748450963e-26	-5.320137280749202e-29	-3.903295777173889e-25	-7.548390117944125e-26	-2.563311923557165e-24
3.688058503336164e21	5.189960106253624	1.1689445335127817e-25	2.0265005807656317e-28	4.683851057149545e-25	-1.3015426337298544e-26	-4.756922649519009e-29	-3.5318214839131576e-25	-7.67019446798535e-26	-2.5817770820041507e-24
3.729620980536913e21	5.153674244403839	1.0875599164587167e-25	2.021830947612893e-28	4.674338681535837e-25	-1.3005200249150308e-26	-4.485746775298603e-29	-3.3412602606649516e-25	-7.750356820760963e-26	-2.5909177032698838e-24
3.798891773878396e21	5.09490318107605	9.590966933765685e-26	2.0142893303594696e-28	4.657878895625091e-25	-1.2890759085987836e-26	-4.068357065641398e-29	-3.03742842387956e-25	-7.90527317724093e-26	-2.6052764868157646e-24
3.868162564017493e21	5.03964552116394	8.460341744677702e-26	2.007596452761314e-28	4.642728224183423e-25	-1.28236017755726e-26	-3.723343977654518e-29	-2.7700685546715984e-25	-8.083212033496403e-26	-2.6173816929795108e-24
3.937433351026999e21	4.9894057042002675	7.489338981468417e-26	2.0018928556652874e-28	4.628971577956733e-25	-1.277310565508305e-26	-3.449211001787052e-29	-2.541732484431275e-25	-8.281000525342288e-26	-2.6270990266278145e-24
4.0067041350801435e21	4.942426133692265	6.620703737972152e-26	1.996795169486169e-28	4.615986459954738e-25	-1.2727962039102037e-26	-3.216902155219536e-29	-2.336707279574337e-25	-8.505852673480093e-26	-2.635295883652046e-24
4.0759749162953437e21	4.898656025201082	5.845742917879023e-26	1.9922796083882605e-28	4.60383004135861e-25	-1.269047492609583e-26	-3.021059472526601e-29	-2.1530898320830276e-25	-8.759788488899185e-26	-2.6420604895489824e-24
4.1452456948445856e21	4.85807644753717	5.1561593367623453e-26	1.9883216031083676e-28	4.592638228892943e-25	-1.2660541346222516e-26	-2.857029067459231e-29	-1.9890650655121018e-25	-9.044718269003626e-26	-2.6474756531977787e-24
4.2145164709487056e21	4.8212381420135495	4.567343889515246e-26	1.9851304390839358e-28	4.582439374543494e-25	-1.2643925954883833e-26	-2.7312627119345934e-29	-1.849991284876464e-25	-9.350805763798087e-26	-2.6512734678698213e-24
4.2837872449306393e21	4.787170566439628	4.042318070110555e-26	1.9823971819453134e-28	4.5731339051511555e-25	-1.2632279950259867e-26	-2.627050509768957e-29	-1.725429209616704e-25	-9.689245264861508e-26	-2.6539936531472304e-24
4.3530580170745494e21	4.755456166416407	3.57317912130045e-26	1.9800716354015482e-28	4.564488938046001e-25	-1.2625883750240793e-26	-2.540890682861319e-29	-1.6134970785752306e-25	-1.0063111963374188e-25	-2.655694305022148e-24
4.422328787694546e21	4.725881117507816	3.1548386412515034e-26	1.978132375503522e-28	4.5566833757137815e-25	-1.2624970959485074e-26	-2.4709031205768067e-29	-1.5131964971048478e-25	-1.0474436156808204e-25	-2.6564208632306165e-24
4.4638912494474373e21	4.709764404535294	2.937462433916007e-26	1.97728231565989e-28	4.551179819095048e-25	-1.2646007032258546e-26	-2.4417654124910733e-29	-1.4619172008424941e-25	-1.0727937818525693e-25	-2.6563000936715016e-24
4.5331620183583223e21	4.684488321781158	2.597479558901259e-26	1.9759899168713653e-28	4.5455456558046275e-25	-1.2639272075227208e-26	-2.397097866279158e-29	-1.3804467375327017e-25	-1.119033666509178e-25	-2.6554251825455034e-24
4.6024327866657444e21	4.661633412778378	2.294204644937497e-26	1.9749965535214644e-28	4.539443128042815e-25	-1.2651525790983846e-26	-2.3636490419153615e-29	-1.307579331828283e-25	-1.1694149455363737e-25	-2.653719673102793e-24
4.6717035547374985e21	4.640144253730774	2.0316772576166602e-26	1.974376480795125e-28	4.532616859582042e-25	-1.2669477220799486e-26	-2.344114508501383e-29	-1.2451485418448678e-25	-1.2225608708809643e-25	-2.651151808008862e-24
4.740974322916957e21	4.621132996082306	1.8005949900585052e-26	1.9740273766959584e-28	4.527470337680973e-25	-1.2691910422843621e-26	-2.3342091020527506e-29	-1.1904806617804183e-25	-1.2790506573487196e-25	-2.647766304445185e-24
4.810245091527452e21	4.603487628102302	1.5937184999893345e-26	1.9738697092157689e-28	4.5228088817764365e-25	-1.2715482177610555e-26	-2.330963497650742e-29	-1.1415613373561268e-25	-1.3398873683335155e-25	-2.6436243608925562e-24
4.879515860891428e21	4.586912198215723	1.4089136594596708e-26	1.9739463766370462e-28	4.520601586552724e-25	-1.2742749267629185e-26	-2.3359863475369654e-29	-1.0984355730818655e-25	-1.4053107890285816e-25	-2.6390719446674997e-24
4.948786631301878e21	4.571562778949738	1.246576798453625e-26	1.9741530906172595e-28	4.516589080148993e-25	-1.2771689378448069e-26	-2.3456569122727137e-29	-1.0606991964814971e-25	-1.4740693268679555e-25	-2.6334537982037875e-24
5.018057403041055e21	4.558281414628029	1.1057719038803986e-26	1.9745607922826058e-28	4.513083709559424e-25	-1.2803882816065865e-26	-2.3627569003922274e-29	-1.0288706412704022e-25	-1.545211323694065e-25	-2.627242910985263e-24
5.08732817629919e21	4.545691263198853	9.795482514424984e-27	1.9750610570138954e-28	4.509645047973337e-25	-1.2835495021513013e-26	-2.3831963928110828e-29	-1.0006462667491886e-25	-1.6208225242869734e-25	-2.6203367953650335e-24
5.156598951305328e21	4.53386044511199	8.666583038497972e-27	1.9756431154674757e-28	4.506465018999228e-25	-1.2868112034221392e-26	-2.4066804863087297e-29	-9.758076784221424e-26	-1.7009048884351235e-25	-2.6127583786915836e-24
5.225869728260994e21	4.52311576449871	7.660687112234351e-27	1.9762964161849362e-28	4.503454546818294e-25	-1.2901409479665579e-26	-2.4329142391805877e-29	-9.541697482353465e-26	-1.7852876166390677e-25	-2.6045249396137252e-24
5.295140507333733e21	4.513889616727829	6.801013751189748e-27	1.977088660013543e-28	4.500718027049566e-25	-1.2936726377896842e-26	-2.4648138778028496e-29	-9.369018233507622e-26	-1.8702602113888438e-25	-2.5959468027646652e-24
5.364411288546594e21	4.505206672847271	6.029485874621737e-27	1.9779098790068746e-28	4.498140329701991e-25	-1.2970692848543547e-26	-2.498032590403826e-29	-9.218821813407319e-26	-1.9595170489782286e-25	-2.5867750560801297e-24
5.433682072020311e21	4.496764395922423	5.3386356500706175e-27	1.9787491154161457e-28	4.495533690698124e-25	-1.300433526667525e-26	-2.532179482764963e-29	-9.089342638972068e-26	-2.0529857805885202e-25	-2.5770081265425773e-24
5.502952857853504e21	4.4884455561637875	4.721286563155439e-27	1.9796001770952698e-28	4.4930661199254925e-25	-1.3037912245698815e-26	-2.567044409507206e-29	-8.979036521081696e-26	-2.1505811552647213e-25	-2.566675537330853e-24
5.572223646121612e21	4.481538382053376	4.1880920147473894e-27	1.980510130997424e-28	4.490759960087778e-25	-1.3072808215791157e-26	-2.6047210960775076e-29	-8.894078775694225e-26	-2.24876954624427e-25	-2.556100876969503e-24
5.641494436780071e21	4.475227710723877	3.715569247315284e-27	1.9814473931631241e-28	4.488054388887456e-25	-1.3106538342588679e-26	-2.6439688885479385e-29	-8.82674230633734e-26	-2.349795791338915e-25	-2.5452327880532317e-24
5.710765229842258e21	4.46908810377121	3.292036177789023e-27	1.9823513672185818e-28	4.486076810030308e-25	-1.3138578247987237e-26	-2.6820987323208117e-29	-8.770563389569608e-26	-2.4544993748039654e-25	-2.533777022885303e-24
5.780036025332945e21	4.46307970148325	2.9132375766466206e-27	1.9832300849694338e-28	4.483714815759874e-25	-1.3169722970147046e-26	-2.7194534989993906e-29	-8.725195332802234e-26	-2.56289343587858e-25	-2.5218195808498723e-24
5.84930682326733e21	4.457707428991794	2.5814172048921018e-27	1.9841172850787458e-28	4.481650053548076e-25	-1.320090775924479e-26	-2.757556960957689e-29	-8.693281713414795e-26	-2.6725775675907037e-25	-2.5096454711554435e-24
5.918577623590291e21	4.453001562356948	2.2916298745992153e-27	1.9850077583244314e-28	4.479507507364101e-25	-1.323133361918421e-26	-2.796209031415804e-29	-8.673216392879771e-26	-2.78280057057248e-25	-2.4973031826361282e-24
5.987848426228323e21	4.448396757364273	2.0316338643420283e-27	1.9858649128275249e-28	4.477502450951822e-25	-1.3260011783694276e-26	-2.8336915748835216e-29	-8.65977557206101e-26	-2.896472230496943e-25	-2.484562028876606e-24
6.057119231174177e21	4.443792018517852	1.7988838996462783e-27	1.986683261044804e-28	4.475510337872537e-25	-1.3287550464253497e-26	-2.869698825565992e-29	-8.651988360087043e-26	-3.013457039671815e-25	-2.4714149793476732e-24
6.126390038410163e21	4.439187147378922	1.5921324569593844e-27	1.9874712630838493e-28	4.47354188792145e-25	-1.3314304651532737e-26	-2.9045851742519715e-29	-8.649948207101739e-26	-3.132880546121963e-25	-2.4579588394233413e-24
6.195660847895806e21	4.435318618357181	1.414200073016215e-27	1.9882775039617951e-28	4.471670802665498e-25	-1.3341542747059905e-26	-2.940690751409884e-29	-8.656875882119005e-26	-3.250481101923771e-25	-2.444641432765693e-24
6.264931659500561e21	4.431481280863285	1.2544163564090487e-27	1.9890347725684235e-28	4.47064735696366e-25	-1.3366494031730404e-26	-2.974659197348089e-29	-8.666230426772978e-26	-3.3711536256168285e-25	-2.4309362697889076e-24
6.334202473207948e21	4.427915022581816	1.1112487113819977e-27	1.9897478189283226e-28	4.468814312240751e-25	-1.3390293775743477e-26	-3.0067858464795473e-29	-8.677947247577461e-26	-3.4950163736164372e-25	-2.4168871763188322e-24
6.403473288994831e21	4.424845169175416	9.83215981197085e-28	1.9904538733246776e-28	4.466054369821312e-25	-1.3413600638420745e-26	-3.0388453573156794e-29	-8.693708062336499e-26	-3.6224174892725464e-25	-2.402702536587986e-24
6.472744106821808e21	4.421775414466858	8.729435241589699e-28	1.9911109710745918e-28	4.464222447689484e-25	-1.3434935332033368e-26	-3.0686971355319624e-29	-8.711190517842987e-26	-3.746846868479779e-25	-2.388392117127249e-24
6.542014926572647e21	4.418705544471741	7.746697011915502e-28	1.9917422954449435e-28	4.462408256278919e-25	-1.3455602774728696e-26	-3.097427822903679e-29	-8.7304612850287e-26	-3.873413436304697e-25	-2.3739110812357276e-24
6.611285748201375e21	4.415635805994272	6.8653546971405e-28	1.992330892325149e-28	4.460590373587558e-25	-1.347515817605668e-26	-3.1241319489685255e-29	-8.750019695303736e-26	-4.0030870909201836e-25	-2.3591263469467227e-24
6.680556571676442e21	4.412565738543869	6.0765647852403535e-28	1.9928752885194852e-28	4.458769038735862e-25	-1.3493560927843066e-26	-3.1486824990062126e-29	-8.769436263349768e-26	-4.135799234828751e-25	-2.3440328173134727e-24
6.749827396956897e21	4.40949593424797	5.3879099864505905e-28	1.993475368093371e-28	4.457994292048856e-25	-1.3513388632883452e-26	-3.1761058695067496e-29	-8.794261824333233e-26	-4.268374025371324e-25	-2.329327836013782e-24
6.819098223963502e21	4.407069548189639	4.783171023165388e-28	1.993982843780992e-28	4.455929397525537e-25	-1.3530854079561988e-26	-3.199041031672983e-29	-8.815699436486647e-26	-4.400130295090549e-25	-2.3142165777809493e-24
6.888369052629754e21	4.404356062829494	4.240354622204981e-28	1.994475036812151e-28	4.454218568909625e-25	-1.35470457663276e-26	-3.221164849361658e-29	-8.837535293374601e-26	-4.535321357511233e-25	-2.2989441823091547e-24
6.957639882925019e21	4.401464677467943	3.754201799306871e-28	1.994916535745231e-28	4.452399281208004e-25	-1.3562294483065192e-26	-3.2406586164288004e-29	-8.85751694372682e-26	-4.673534732728768e-25	-2.283326233068798e-24
7.026910714817468e21	4.399162340521813	3.32407773335667e-28	1.9953394655450785e-28	4.450719841530526e-25	-1.35772976742078e-26	-3.259186854192664e-29	-8.877305646175647e-26	-4.813069041497565e-25	-2.26761581596997e-24
7.096181548253652e21	4.396859938025474	2.9517571356446696e-28	1.995773219737277e-28	4.448971710791182e-25	-1.359180380787612e-26	-3.2783512154171773e-29	-8.89844406655933e-26	-4.950016719742038e-25	-2.2521494408282097e-24
7.165452383167153e21	4.394557666450739	2.6173755029634746e-28	1.9960810661464412e-28	4.445457401868261e-25	-1.3603079285657824e-26	-3.290995074258199e-29	-8.912776133979179e-26	-5.089360300965827e-25	-2.235947021206144e-24
7.234723219512024e21	4.392255132853984	2.3177106915692916e-28	1.9964275870007797e-28	4.443743748399103e-25	-1.361529495810659e-26	-3.3054134464346245e-29	-8.929349457099363e-26	-5.232499979087072e-25	-2.219836175781711e-24
7.303994057258215e21	4.389952803900465	2.049721723757518e-28	1.996736321295077e-28	4.442025283184324e-25	-1.362651767128419e-26	-3.3177284178362286e-29	-8.943702846411486e-26	-5.378639338909935e-25	-2.203427828571391e-24
7.373264896375096e21	4.387650327682495	1.8197352998398673e-28	1.9970836205079848e-28	4.440382010719306e-25	-1.363876067091342e-26	-3.3321412948543664e-29	-8.960264549507162e-26	-5.520393571751569e-25	-2.187479910448492e-24
7.442535736771447e21	4.385898616790771	1.6137483096770324e-28	1.9973995177623303e-28	4.438723090272238e-25	-1.3650179228339147e-26	-3.3447810402289015e-29	-8.974673654208826e-26	-5.664733456948309e-25	-2.1712764599617443e-24
7.511806578417993e21	4.384045522689819	1.4290533960135899e-28	1.99768279659286e-28	4.437061715435894e-25	-1.3660002766780876e-26	-3.355548289753602e-29	-8.986704008204702e-26	-5.812064369042493e-25	-2.154781762150411e-24
7.581077421287618e21	4.381743218071758	1.2637997261574027e-28	1.9979368080905241e-28	4.4353928042072535e-25	-1.3669191310743404e-26	-3.3646050456910543e-29	-8.996415800897365e-26	-5.962230542594865e-25	-2.138010673307701e-24
7.650348265352705e21	4.379440717518329	1.1201289700394497e-28	1.998217574817546e-28	4.433802168822271e-25	-1.3679691775156346e-26	-3.3750808159614276e-29	-9.00711977522406e-26	-6.109775685119129e-25	-2.121519305597663e-24
7.719619110547878e21	4.377758876681328	9.932845740318087e-29	1.9985014633415713e-28	4.432183385656464e-25	-1.3690274121422648e-26	-3.38564137869894e-29	-9.017276338818778e-26	-6.257092303212968e-25	-2.1050551798281154e-24
7.788889956828592e21	4.375835781991482	8.794888904677098e-29	1.9987700550337599e-28	4.4306076946037795e-25	-1.369962525210391e-26	-3.395225518026171e-29	-9.025629340025742e-26	-6.40720648979941e-25	-2.0883632689375595e-24
7.858160804169918e21	4.373688876271247	7.776348362268577e-29	1.9990141622871087e-28	4.429035025793323e-25	-1.3708656808832624e-26	-3.4033321253942566e-29	-9.031553375321815e-26	-6.559623414440867e-25	-2.071403975176391e-24
7.927431652545548e21	4.372154071569443	6.879115909435237e-29	1.9992774623598696e-28	4.427461939227798e-25	-1.3718496297760023e-26	-3.4123874991200696e-29	-9.037632942980898e-26	-6.711407521460405e-25	-2.0545437263393342e-24
7.996702501911679e21	4.369928704857826	6.099126209018738e-29	1.9995852237542737e-28	4.425891899118035e-25	-1.372869541408458e-26	-3.4238529021531685e-29	-9.045452807940216e-26	-6.859438586519843e-25	-2.0380622377601796e-24
8.065973352211278e21	4.368084331721067	5.398728843918483e-29	1.9998903409228947e-28	4.424382323195358e-25	-1.3739752661984563e-26	-3.4350203739490616e-29	-9.0519247950787e-26	-7.0098213195554335e-25	-2.0213957051205974e-24
8.135244203421103e21	4.366549201413989	4.7714339313165243e-29	2.0001857025298205e-28	4.422886087089243e-25	-1.3750047352182746e-26	-3.445506437333921e-29	-9.056582532626107e-26	-7.161937279930251e-25	-2.004522116220918e-24
8.204515055516806e21	4.3650143314599985	4.2119510641983527e-29	2.000491323431675e-28	4.421321099381822e-25	-1.3760200497180242e-26	-3.4564073078442605e-29	-9.060550197693856e-26	-7.315259514314986e-25	-1.987560328679102e-24
8.273785908470825e21	4.363479396462441	3.7324964167207754e-29	2.0008854522294898e-28	4.419884751614627e-25	-1.3772704456166513e-26	-3.4722784046704367e-29	-9.068955521152637e-26	-7.4612109143458335e-25	-1.9713524273244117e-24
8.34305676221874e21	4.3614166920185085	3.302028439734077e-29	2.001286835488497e-28	4.418453779184397e-25	-1.3785406295950025e-26	-3.48843288412454e-29	-9.076452531198404e-26	-7.6086094999865745e-25	-1.9550115634361972e-24
8.412327616738578e21	4.359409526348115	2.9164745710217634e-29	2.0017016541948829e-28	4.417169420172528e-25	-1.379918042421554e-26	-3.505230613623413e-29	-9.083386344060936e-26	-7.757015586673216e-25	-1.938580815070399e-24
8.481598472007643e21	4.357874623805285	2.57190991356292e-29	2.0021367374196856e-28	4.415710177217865e-25	-1.381341773642372e-26	-3.523043375535686e-29	-9.090097519583174e-26	-7.906221021525726e-25	-1.9220923526882435e-24
8.550869328001973e21	4.356339656352997	2.2738307764369653e-29	2.0026508037077173e-28	4.414317226612586e-25	-1.3829133606328345e-26	-3.5454155037740567e-29	-9.100654825276491e-26	-8.049095509212911e-25	-1.9062245043644196e-24
8.59243184201461e21	4.355418565452099	2.111523339078759e-29	2.002988545541735e-28	4.413566454065886e-25	-1.384016654390795e-26	-3.5604972316151603e-29	-9.108144232493742e-26	-8.133751883048933e-25	-1.89683446396229e-24
8.661702699075916e21	4.353883662939072	1.8602129014749316e-29	2.0035323747123273e-28	4.4121998002255285e-25	-1.3855865011241598e-26	-3.5844654650608976e-29	-9.118138334959689e-26	-8.278490756871811e-25	-1.8808081650409227e-24
8.730973556783117e21	4.352348825216294	1.6430536532031933e-29	2.0041650911723532e-28	4.410962619842674e-25	-1.38747629170608e-26	-3.6137143558926445e-29	-9.132691193953422e-26	-8.416259727112408e-25	-1.8654792264940844e-24
8.800244415089979e21	4.350813890218735	1.4505568309811266e-29	2.0048500204415167e-28	4.409656971812444e-25	-1.3895060366512638e-26	-3.6460877278290594e-29	-9.149204856912838e-26	-8.552005027111257e-25	-1.850390995097221e-24
8.869515273969689e21	4.349279084801674	1.2782273602608817e-29	2.0055627697263373e-28	4.408451839825106e-25	-1.391612032596013e-26	-3.680204593308219e-29	-9.166090305780464e-26	-8.68736514182346e-25	-1.8353258461413266e-24
8.938786133402275e21	4.347743955343962	1.1243190984214373e-29	2.0063128520213033e-28	4.407239554371178e-25	-1.3938191106896437e-26	-3.71665640682535e-29	-9.183913047718123e-26	-8.822152095177107e-25	-1.8203392017755887e-24
9.008056993367426e21	4.34620908510685	9.897160486011618e-30	2.0071623699863648e-28	4.407019624224704e-25	-1.3962890430289646e-26	-3.759237354489689e-29	-9.206840178668938e-26	-8.95214322066623e-25	-1.8059855100560257e-24
9.07732785382888e21	4.344674150109292	8.72189302590543e-30	2.0080558932560785e-28	4.405904359771475e-25	-1.3988835795037082e-26	-3.8050274367813225e-29	-9.231860156465936e-26	-9.076551266192396e-25	-1.7920447564133482e-24
9.146598714754716e21	4.343139085590839	7.670095754076902e-30	2.0089833598601115e-28	4.404806068817165e-25	-1.401571549064971e-26	-3.853259765084617e-29	-9.257792811492092e-26	-9.200150290776975e-25	-1.778195022919277e-24
9.215869576131598e21	4.341604279994964	6.731127565608469e-30	2.0099470514265637e-28	4.403727905377774e-25	-1.4043593628068452e-26	-3.904161432094834e-29	-9.284838689434505e-26	-9.322599794055288e-25	-1.7644705960865943e-24
9.285140437941934e21	4.340069344997406	5.89983521660791e-30	2.010957710075972e-28	4.402680536945908e-25	-1.4072761107564256e-26	-3.958542089388671e-29	-9.313885877000925e-26	-9.442395815789629e-25	-1.7510208789624288e-24
9.354411300164879e21	4.3385344099998475	5.185759002232906e-30	2.0120566239920213e-28	4.401696882666725e-25	-1.4104332240953497e-26	-4.019347464505855e-29	-9.348340843191953e-26	-9.55377447884662e-25	-1.7384150948833642e-24
9.423682162765998e21	4.33749973744154	4.546970137974024e-30	2.013185120630599e-28	4.400734184494723e-25	-1.4136737157572147e-26	-4.082803572119663e-29	-9.383731036542776e-26	-9.664034687757257e-25	-1.7259333252306457e-24
9.492953025730698e21	4.336464539885521	3.977106466755642e-30	2.0143442566482512e-28	4.399792805186202e-25	-1.4169332842993091e-26	-4.1490857362712456e-29	-9.420209071310277e-26	-9.772854222633587e-25	-1.7136079436888724e-24
9.562223889044222e21	4.334929685596377	3.4700927296865e-30	2.0155349397921151e-28	4.398929325209992e-25	-1.4202822105596073e-26	-4.218371559059146e-29	-9.457933326340877e-26	-9.879900666945446e-25	-1.7014728867070463e-24
9.631494752691827e21	4.333394669771194	3.035447003189255e-30	2.0167994204645703e-28	4.398053964888304e-25	-1.4239023400037745e-26	-4.293873731287762e-29	-9.500621496818013e-26	-9.978776206569276e-25	-1.690157684410248e-24
9.70076561664455e21	4.331859734773636	2.6499182667833132e-30	2.0181485827999683e-28	4.398284495510016e-25	-1.427751248823343e-26	-4.3762387465219153e-29	-9.548055659687038e-26	-1.007577770862937e-24	-1.6793414839810766e-24
9.770036480879243e21	4.3306623998880385	2.3066192327943806e-30	2.0194640174985277e-28	4.397475159549719e-25	-1.431519694204042e-26	-4.457806760280575e-29	-9.593105104173817e-26	-1.017048350501331e-24	-1.6684626614398887e-24
9.839307345392386e21	4.3297899937629705	2.0016606838098666e-30	2.0207978099777017e-28	4.396682357888446e-25	-1.4352977225887708e-26	-4.542040646249977e-29	-9.638950564300901e-26	-1.0263249177965551e-24	-1.657771520410491e-24
9.908578210171723e21	4.328254929661751	1.7374729027338307e-30	2.022175013492931e-28	4.395932000306316e-25	-1.4391552500144213e-26	-4.631016719101566e-29	-9.687945079008786e-26	-1.0350228402280897e-24	-1.647659988122084e-24
9.977849075197247e21	4.326719994664192	1.5070913608349214e-30	2.0235572095102664e-28	4.39144524518414e-25	-1.4431396919008195e-26	-4.7221515094662356e-29	-9.738001000313145e-26	-1.0441558134763605e-24	-1.637269753589918e-24
1.0047119940451668e22	4.3255924008786675	1.3021947939110337e-30	2.025031447526431e-28	4.394932096324028e-25	-1.4473445360180688e-26	-4.8216131861461396e-29	-9.792890864866656e-26	-1.0513555950204684e-24	-1.628660912163014e-24
1.0116390805927128e22	4.324649995714426	1.1207247562172469e-30	2.026441592725769e-28	4.393562172296901e-25	-1.4513472993556214e-26	-4.9183098467061804e-29	-9.844156897301768e-26	-1.0592281829026123e-24	-1.6192845457954331e-24
1.0185661671614051e22	4.323115189552308	9.619378266973044e-31	2.0279039156194236e-28	4.393044900626215e-25	-1.4554711215064826e-26	-5.020856675643239e-29	-9.899072661696733e-26	-1.0667637469357407e-24	-1.6104252984185901e-24
1.0254932537500154e22	4.321580254554749	8.258723426016206e-31	2.02940044890327e-28	4.392390314496202e-25	-1.459775668155304e-26	-5.128318023266892e-29	-9.957176753865008e-26	-1.073689863911326e-24	-1.60219227429519e-24
1.0324203403568099e22	4.320522788524627	7.053010272639361e-31	2.0308957414678e-28	4.391788539566962e-25	-1.4640839742230984e-26	-5.237827349730415e-29	-1.0015390474351111e-25	-1.080434204673596e-24	-1.5941217411067243e-24
1.0393474269808578e22	4.3195103200972085	5.987652607278747e-31	2.0324428430753415e-28	4.391324562347492e-25	-1.468476165539378e-26	-5.353710534763459e-29	-1.0076985010492659e-25	-1.08712400185946e-24	-1.5864075158983717e-24
1.046274513621455e22	4.317987724721431	5.0504841620866084e-31	2.033940493374821e-28	4.390685140678982e-25	-1.4727337662642335e-26	-5.467925732347675e-29	-1.0135910768370934e-25	-1.0934773661126518e-24	-1.5787200783848443e-24
1.0532016002777565e22	4.317220257222653	4.258906661169511e-31	2.0354672029124165e-28	4.390212151545746e-25	-1.4771482907438494e-26	-5.587235056916087e-29	-1.0198287832118814e-25	-1.0991333485525733e-24	-1.5717385912423085e-24
1.060128686948213e22	4.315905579328538	3.56284186368856e-31	2.0369529716618793e-28	4.38995533695579e-25	-1.4813524759089852e-26	-5.705456092324384e-29	-1.0258650014381502e-25	-1.1044672643729805e-24	-1.5648370064373874e-24
1.0670557736319914e22	4.31468532216549	2.950560373711117e-31	2.0385321071500024e-28	4.388830121962554e-25	-1.4859016386446908e-26	-5.834318298467781e-29	-1.0324987692553831e-25	-1.1099874032245195e-24	-1.5583735221359495e-24
1.0739828603291934e22	4.3138357414603234	2.4152079134439385e-31	2.0400654114379036e-28	4.3884154058470345e-25	-1.4903147035184088e-26	-5.96175265074878e-29	-1.0389158327085116e-25	-1.1151231291320143e-24	-1.5520094304818638e-24
1.0809099470386693e22	4.312300774335862	1.9605884650495502e-31	2.0416062485677783e-28	4.387891992713616e-25	-1.494705408445158e-26	-6.092728193412429e-29	-1.045514464896279e-25	-1.1197752061517454e-24	-1.5461147000127275e-24
1.0878370337594102e22	4.311382919609547	1.5691655130992547e-31	2.0431520270492383e-28	4.387478273201928e-25	-1.49921112150557e-26	-6.227006093440647e-29	-1.0522444027080763e-25	-1.124112645440517e-24	-1.5405596756768586e-24
1.094764120490585e22	4.310615452110767	1.2280181001160092e-31	2.044692167511261e-28	4.38711323414647e-25	-1.5036239983292992e-26	-6.363541914791906e-29	-1.058998032228791e-25	-1.128285987839231e-24	-1.5351790139819245e-24
1.1016912072317088e22	4.309696033418178	9.322573601096826e-32	2.04622713823686e-28	4.386757979193041e-25	-1.5080092066830665e-26	-6.502418526972657e-29	-1.0657828323682485e-25	-1.132288733417718e-24	-1.5299812649701868e-24
1.1086182939822832e22	4.308161034107208	6.807872281859961e-32	2.0477626580204533e-28	4.386444619260778e-25	-1.5124239491354094e-26	-6.644345098055404e-29	-1.0726817464442788e-25	-1.1359727209079048e-24	-1.525111428324247e-24
1.1155453807416295e22	4.307313049554825	4.698001671379983e-32	2.049300642497121e-28	4.386163378136832e-25	-1.516937628337192e-26	-6.789669066249155e-29	-1.0797384133302035e-25	-1.1392543247573307e-24	-1.5206499989952722e-24
1.1224724675088752e22	4.306091164112091	2.887414809849002e-32	2.0507637467770433e-28	4.386313786155829e-25	-1.5211517563663009e-26	-6.930285142635531e-29	-1.0864001901999358e-25	-1.1421488510133635e-24	-1.5161722734262455e-24
1.1293995542837255e22	4.304778242826462	1.339488916595639e-32	2.0522838804978974e-28	4.386028532522095e-25	-1.525586595596103e-26	-7.079665726613093e-29	-1.0934808684545749e-25	-1.145127833673686e-24	-1.512027498649492e-24
1.1363266410656072e22	4.304010646998883	3.1657027511242533e-34	2.05379637972417e-28	4.385756630789499e-25	-1.530019706881741e-26	-7.231312097295909e-29	-1.1005935276767843e-25	-1.1479311328847055e-24	-1.5080677849770167e-24
1.1432537278543777e22	4.303243179500103	-1.0275769582122378e-32	2.0553116818212823e-28	4.385567747096186e-25	-1.53439290459467e-26	-7.386641695643087e-29	-1.1079029698521068e-25	-1.1502702966032832e-24	-1.5045802991710312e-24
1.150180814649043e22	4.301951424002647	-1.915874860445956e-32	2.0568148942643987e-28	4.385280602897228e-25	-1.5387389855551087e-26	-7.54377414443083e-29	-1.1152030628926019e-25	-1.1524906057633547e-24	-1.5012154748274924e-24
1.157107901449372e22	4.300708116292954	-2.651474227976366e-32	2.0583098416986614e-28	4.385171183732403e-25	-1.5431410388990287e-26	-7.703161360122635e-29	-1.122531820920373e-25	-1.1545667724305863e-24	-1.4980146512938102e-24
1.1640349882550493e22	4.299940728899091	-3.251144785948032e-32	2.0597926300356645e-28	4.384957975117737e-25	-1.547508960504265e-26	-7.864341285249075e-29	-1.1298569355481513e-25	-1.1565106525985769e-24	-1.4949471955179188e-24
1.1709620750658354e22	4.299173309445381	-3.7188725504483144e-32	2.06126898485812e-28	4.38464818697282e-25	-1.551799841519072e-26	-8.028171118057717e-29	-1.137286564477526e-25	-1.1581223912261787e-24	-1.4922090267010264e-24
1.1778891618811493e22	4.298405841946602	-4.0849432182758416e-32	2.0627375701549412e-28	4.384520295855953e-25	-1.5560754993930576e-26	-8.194390646805976e-29	-1.1447710689805332e-25	-1.1595443291030098e-24	-1.4896809915839162e-24
1.1848162487006342e22	4.297276876926422	-4.3654894126447217e-32	2.0641905644395374e-28	4.38429247186036e-25	-1.5603134260793377e-26	-8.361961867142848e-29	-1.1522259866153112e-25	-1.1608682579545382e-24	-1.48725512768172e-24
1.1917433355240701e22	4.295870906889439	-4.5709595272577793e-32	2.0656339555336673e-28	4.384180322134851e-25	-1.5645806234739566e-26	-8.531611459778731e-29	-1.159701411263674e-25	-1.1620628780476097e-24	-1.484972420893506e-24
1.1986704223511916e22	4.295103439390659	-4.7093477907197696e-32	2.06706656795072e-28	4.384028163680355e-25	-1.5688619048468823e-26	-8.703283213083374e-29	-1.167222017839107e-25	-1.1630425699906089e-24	-1.482908670771698e-24
1.2055975091816192e22	4.294335971832275	-4.7922174817119894e-32	2.0684885669186185e-28	4.383888832306802e-25	-1.5730309413282504e-26	-8.877004353146118e-29	-1.1747946556237429e-25	-1.1638012926096579e-24	-1.4810733253252818e-24
1.2125245960150495e22	4.293568504333496	-4.829322463331117e-32	2.0698951614085163e-28	4.383720223540123e-25	-1.5771623544069908e-26	-9.051997765912162e-29	-1.182339188934178e-25	-1.1644710351249968e-24	-1.4793307805413623e-24
1.2194516828513546e22	4.2928010368347165	-4.825830535025905e-32	2.071244344003533e-28	4.381878920370439e-25	-1.5811433217664863e-26	-9.222835010813328e-29	-1.1895199516556318e-25	-1.165114317560209e-24	-1.4774114294765189e-24
1.226378769690262e22	4.292033569335937	-4.791041641243912e-32	2.072668510926271e-28	4.383451020506384e-25	-1.585328768325077e-26	-9.406484238466997e-29	-1.197406738695498e-25	-1.1655043243220837e-24	-1.4761933699401481e-24
1.2333058565325164e22	4.291266101777554	-4.729472035868656e-32	2.073992341518501e-28	4.381655481472117e-25	-1.5892487349246706e-26	-9.580429891951288e-29	-1.2046405615632176e-25	-1.1657835724545856e-24	-1.4746533786339752e-24
1.2402329433768704e22	4.289997268557549	-4.646064723204205e-32	2.07534450897123e-28	4.381554448285261e-25	-1.593247430536218e-26	-9.761158003593803e-29	-1.2121943721001362e-25	-1.1659280344612082e-24	-1.4734764239967944e-24
1.247160030223092e22	4.2887311667799946	-4.543532654247299e-32	2.0766808962469526e-28	4.381461433698087e-25	-1.5972760314044077e-26	-9.942869318147439e-29	-1.2197143340141624e-25	-1.1660020644447222e-24	-1.4723800856339715e-24
1.2540871170710267e22	4.287963571459055	-4.42525122593922e-32	2.0780013693239115e-28	4.3813715642813e-25	-1.6012639842421898e-26	-1.0125490807382901e-28	-1.2272002584687912e-25	-1.1660038864849486e-24	-1.4713658529157579e-24
1.2610142039205663e22	4.287196231722832	-4.2997811955384216e-32	2.0793081390048126e-28	4.381295174793701e-25	-1.6051484519516373e-26	-1.0309460762866944e-28	-1.2347200485460936e-25	-1.165805734895336e-24	-1.4705608415275759e-24
1.2651704560314388e22	4.286735879004001	-4.2196840148350984e-32	2.0800851455388185e-28	4.3813163367804485e-25	-1.607503982574205e-26	-1.0420317470480974e-28	-1.2392200501802234e-25	-1.1656531569573924e-24	-1.4701190386634381e-24
1.2720975428829193e22	4.285968299675732	-4.0777480104526764e-32	2.081364659197741e-28	4.381244173597446e-25	-1.611275207101464e-26	-1.0605193424619729e-28	-1.246648565612164e-25	-1.165404289535992e-24	-1.4693828105314374e-24
1.279024629735593e22	4.285200816214084	-3.9354555688452456e-32	2.0826285831111377e-28	4.381121270700778e-25	-1.6150491143737776e-26	-1.079095606904333e-28	-1.2540866204289666e-25	-1.1649850061246648e-24	-1.4688231035530326e-24
1.2859517165891584e22	4.284433348655701	-3.7893173705872674e-32	2.0838760139306963e-28	4.381063363167452e-25	-1.6187800941086772e-26	-1.097726112858007e-28	-1.2614859435961282e-25	-1.1645013922927514e-24	-1.4683409829545863e-24
1.292878803443498e22	4.283665881156922	-3.6399384127064004e-32	2.085106180486389e-28	4.38101013387681e-25	-1.6224657194922888e-26	-1.1163882261378445e-28	-1.2688302045429114e-25	-1.163976804374948e-24	-1.4679112259849849e-24
1.2998058902985128e22	4.282898445561528	-3.4887371992988126e-32	2.0863193773831997e-28	4.380970056336488e-25	-1.6261066130470823e-26	-1.135078957819834e-28	-1.2761217808560186e-25	-1.1634099698313869e-24	-1.467536673969818e-24
1.3067329771541394e22	4.282130946159363	-3.340832211861886e-32	2.087515638034234e-28	4.380922090242919e-25	-1.6297027990469053e-26	-1.1538014152111737e-28	-1.283387503830832e-25	-1.1627378388998453e-24	-1.4672762749258711e-24
1.3136600640101905e22	4.281363478600978	-3.1958792799570185e-32	2.0886950144999536e-28	4.3808934486424885e-25	-1.6332541115802877e-26	-1.1725445374036667e-28	-1.2906168625901717e-25	-1.161986774918712e-24	-1.4671068202943193e-24
1.320587150866528e22	4.280596011102199	-3.05163367333883e-32	2.0898555375748625e-28	4.3808502565284945e-25	-1.636754750510355e-26	-1.1912601355241232e-28	-1.2977712951828574e-25	-1.1612087140885486e-24	-1.466969675845932e-24
1.327514237723132e22	4.27982860736549	-2.908930400577187e-32	2.0909998499321945e-28	4.380843751724431e-25	-1.6402123018102247e-26	-1.209984691289315e-28	-1.304872148986167e-25	-1.1604039907508084e-24	-1.4668791492160325e-24
1.3344413245799148e22	4.2790610760450365	-2.770090307005461e-32	2.092125900940784e-28	4.380783813645927e-25	-1.643620126975696e-26	-1.2286755652059355e-28	-1.3119094759450349e-25	-1.1595509851046728e-24	-1.4668429756885887e-24
1.3413684114367818e22	4.278293608546257	-2.638192659610499e-32	2.093235061297124e-28	4.380760565770351e-25	-1.6469825440768603e-26	-1.2473579696817918e-28	-1.318915292734787e-25	-1.1586067324520252e-24	-1.4669106930255542e-24
1.348295498293571e22	4.277526141047478	-2.5088445666405707e-32	2.0943271104509066e-28	4.3807523857710425e-25	-1.6502984937123205e-26	-1.2660059524020608e-28	-1.325852068115928e-25	-1.1576489540112903e-24	-1.4670072582601436e-24
1.355222585150273e22	4.276758800983429	-2.3824915116793576e-32	2.0954010866874733e-28	4.380818639548466e-25	-1.6535652812818793e-26	-1.2845969963264489e-28	-1.3327166127633316e-25	-1.1566669213560002e-24	-1.4671374770636101e-24
1.3621496720067691e22	4.275991134325042	-2.259487027753913e-32	2.0964576422975962e-28	4.3807611193268015e-25	-1.656784131494589e-26	-1.303126643061172e-28	-1.339499850485372e-25	-1.1556849202541195e-24	-1.4672800646352814e-24
1.3690767588630653e22	4.275223738491535	-2.1450679651889887e-32	2.097497924803719e-28	4.380823800725528e-25	-1.659958602622415e-26	-1.3216264545063233e-28	-1.3462584566252364e-25	-1.154604438055112e-24	-1.4675365757515524e-24
1.3760038457190235e22	4.274456270992756	-2.0340391277768886e-32	2.0985191751583506e-28	4.38079069539994e-25	-1.663080484516529e-26	-1.3400201255915116e-28	-1.3529218222121983e-25	-1.153523924129527e-24	-1.4677966175808261e-24
1.3829309325746557e22	4.273999872624874	-1.926437836446824e-32	2.0995235265601237e-28	4.380772518065827e-25	-1.6661556851382907e-26	-1.3583375587024782e-28	-1.3595093740538829e-25	-1.152437911974403e-24	-1.4680761256063761e-24
1.3898580194299409e22	4.273921304099262	-1.8224329267338437e-32	2.100509085283961e-28	4.380672051814893e-25	-1.6691345805316701e-26	-1.37653155698525e-28	-1.3660003675934275e-25	-1.1513510855690552e-24	-1.468358543695241e-24
1.3967851062847926e22	4.273153868436813	-1.7250521303770566e-32	2.1014805606428568e-28	4.380717398380743e-25	-1.672021843448083e-26	-1.3946974705679625e-28	-1.3724641225357056e-25	-1.1502068282015816e-24	-1.4687261360662765e-24
1.4037121931391357e22	4.272386400938034	-1.6324213881975768e-32	2.102434735234444e-28	4.380769318777242e-25	-1.674957682303954e-26	-1.4127563195447212e-28	-1.3788524571416026e-25	-1.1490427039087968e-24	-1.4691228429506562e-24
1.4106392799929373e22	4.271619060724974	-1.543103616752428e-32	2.1033705908977878e-28	4.380673360405341e-25	-1.6778419332728884e-26	-1.4306708060913704e-28	-1.3851365844783063e-25	-1.1478943681307667e-24	-1.4695063824041081e-24
1.4175663668461895e22	4.27085146588087	-1.457209479039363e-32	2.1042902220551143e-28	4.380702350361076e-25	-1.6806810431495557e-26	-1.4484815975759608e-28	-1.3913497836933923e-25	-1.1467340792053383e-24	-1.4699159052516878e-24
1.4244934536988763e22	4.270083998382091	-1.3760621993633296e-32	2.105193871340417e-28	4.380661740371663e-25	-1.683475144312344e-26	-1.4661811670122177e-28	-1.3974887772386036e-25	-1.1455653001262244e-24	-1.4703472369093978e-24
1.431420540550918e22	4.2693165308237075	-1.3002846057160833e-32	2.1060815329706743e-28	4.380678303682586e-25	-1.686224283823778e-26	-1.483767847153023e-28	-1.4035664496843936e-25	-1.1443630740532055e-24	-1.4708249587300117e-24
1.438347627402289e22	4.269	-1.2274773629369853e-32	2.10695298349043e-28	4.380684431356316e-25	-1.6889277185859895e-26	-1.5012202638985617e-28	-1.4095580038872816e-25	-1.1431699472187047e-24	-1.4713043015358267e-24
1.4452747142529689e22	4.268781595826149	-1.1576860975936934e-32	2.107808573081087e-28	4.380681171523839e-25	-1.691522718625774e-26	-1.5185374635109698e-28	-1.4154659476004276e-25	-1.1419843912983535e-24	-1.4717874995697963e-24
1.452201801102956e22	4.268014128327369	-1.0911103814916543e-32	2.1086484943323907e-28	4.380684367196024e-25	-1.6940593816587094e-26	-1.535715586623949e-28	-1.4212929384965512e-25	-1.140801578516569e-24	-1.4722790935653618e-24
1.4591288879522318e22	4.267246660768986	-1.0299809508498124e-32	2.1094726834487845e-28	4.380689857978661e-25	-1.6966288112304415e-26	-1.552752614754215e-28	-1.4270549024783179e-25	-1.13958726733321e-24	-1.4728123369602176e-24
1.4660559748007327e22	4.266479193270206	-9.713919635675587e-33	2.110281750353959e-28	4.380699932558441e-25	-1.6991552024327468e-26	-1.569644181124295e-28	-1.4327336113064542e-25	-1.1383850861047304e-24	-1.4733454340819114e-24
1.4729830616484513e22	4.265999872863293	-9.153680969246021e-33	2.1110764429296554e-28	4.380764348722873e-25	-1.7016407209872284e-26	-1.586400359383212e-28	-1.4383378220681073e-25	-1.1371894543063897e-24	-1.4738871487392826e-24
1.4799101484953894e22	4.265944146994501	-8.619027598269306e-33	2.111855095226319e-28	4.380725477119078e-25	-1.7040394413960825e-26	-1.6029731781833421e-28	-1.443843317176643e-25	-1.1360127842439435e-24	-1.4744135978516212e-24
1.4868372353415423e22	4.265176790714264	-8.125324803980419e-33	2.1126195865293826e-28	4.380738476091279e-25	-1.706337781538313e-26	-1.6194061887668387e-28	-1.4492883737102523e-25	-1.1348150753862697e-24	-1.4749756598665716e-24
1.4937643221868735e22	4.264409323215484	-7.65849418309708e-33	2.113369320151842e-28	4.380748057707498e-25	-1.7086943916050106e-26	-1.6356722793428757e-28	-1.4546511300485772e-25	-1.1336241361016875e-24	-1.4755401593090395e-24
1.5006914090313775e22	4.263641982764005	-7.212799516223318e-33	2.1141048851753266e-28	4.38076005823879e-25	-1.711010300323531e-26	-1.6517753917645073e-28	-1.4599318065813654e-25	-1.1324471864682698e-24	-1.4761016915592066e-24
1.507618495875053e22	4.26299993647635	-6.787952878780547e-33	2.114826538145888e-28	4.3807759387734395e-25	-1.7132861380791597e-26	-1.6677142277263325e-28	-1.465131733852809e-25	-1.1312836499711832e-24	-1.4766609753758194e-24
1.5145455827178968e22	4.263	-6.391287307133198e-33	2.11553458914479e-28	4.380828322412192e-25	-1.7155051478897707e-26	-1.6834940650190747e-28	-1.4702625903574572e-25	-1.1301162029882657e-24	-1.4772368078918323e-24
1.5214726695598699e22	4.262339453160762	-6.021931366336195e-33	2.116229033742331e-28	4.380851611940086e-25	-1.7175937215880338e-26	-1.6991045966187892e-28	-1.4753188109435789e-25	-1.128950917088725e-24	-1.4778211725269209e-24
1.5283997564009657e22	4.2615718586146825	-5.669630249781375e-33	2.1169089622888995e-28	4.380833888756313e-25	-1.7197336350917897e-26	-1.714513737610918e-28	-1.4802812108128898e-25	-1.1278050019064193e-24	-1.4783896962170259e-24
1.5353268432412307e22	4.260999936506153	-5.334197827688982e-33	2.1175766928078035e-28	4.380921718565802e-25	-1.7218538291166352e-26	-1.729776170595008e-28	-1.485179736613428e-25	-1.1266650358235725e-24	-1.4789694802198973e-24
1.5422539300806087e22	4.261	-5.017454511727045e-33	2.118230638408352e-28	4.380907908425365e-25	-1.7239057987193357e-26	-1.7448384611626321e-28	-1.4899868575099475e-25	-1.125545750906199e-24	-1.4795331084006153e-24
1.5491810169191477e22	4.260269583106041	-4.7267683599561405e-33	2.118872079326552e-28	4.380918424470403e-25	-1.7258404626567147e-26	-1.7597359607731389e-28	-1.4947310998079892e-25	-1.1244198154008968e-24	-1.4801166820575983e-24
1.5561081037567925e22	4.259502242535353	-4.44971742618613e-33	2.119500717565899e-28	4.38097141581007e-25	-1.7278414958392287e-26	-1.774449591501338e-28	-1.4993971030375124e-25	-1.1233072075748611e-24	-1.4806961195725695e-24
1.5630351905936088e22	4.259	-4.1861254738008014e-33	2.1201167910831563e-28	4.380943540545258e-25	-1.7298109281205517e-26	-1.7889736660868105e-28	-1.5039771107449517e-25	-1.122220748347297e-24	-1.4812573870941441e-24
1.5699622774295648e22	4.258967243999243	-3.935760781206524e-33	2.120720572628927e-28	4.380967436778788e-25	-1.7317068410691604e-26	-1.8033148245272841e-28	-1.508483648096904e-25	-1.1211435819230183e-24	-1.481819206398888e-24
1.5768893642646785e22	4.258199712991715	-3.706453240489414e-33	2.1213119633575593e-28	4.380948345544412e-25	-1.733499702993694e-26	-1.8174655681883918e-28	-1.512917265649943e-25	-1.1200697081260388e-24	-1.4823859906897904e-24
1.5838164510989508e22	4.258	-3.4894347683940096e-33	2.1218914318102656e-28	4.380954136463391e-25	-1.7353621321491134e-26	-1.8314311198734078e-28	-1.5172763565912131e-25	-1.1190096227498955e-24	-1.4829487019682332e-24
1.5907435379323574e22	4.257664777994155	-3.283044699627829e-33	2.122459657853164e-28	4.380972478902524e-25	-1.7371108687877134e-26	-1.8452205482957276e-28	-1.5215642989321726e-25	-1.117965718594403e-24	-1.48350715789064e-24
1.5976706247649254e22	4.25689740562439	-3.087054307073793e-33	2.123015877439508e-28	4.381012960079033e-25	-1.7388436935813243e-26	-1.858812018822929e-28	-1.5257750771335586e-25	-1.1169353240273823e-24	-1.484059112593851e-24
1.604597711596641e22	4.256129842936993	-2.905441282647461e-33	2.123561008505369e-28	4.38101569956166e-25	-1.7406049294616422e-26	-1.872218624811473e-28	-1.5299141369993223e-25	-1.1159186285987273e-24	-1.4846074475628055e-24
1.611524798427538e22	4.256	-2.7359639471658557e-33	2.1240946752213175e-28	4.3810288935234905e-25	-1.7423326461512404e-26	-1.8854323221668194e-28	-1.5339817726370946e-25	-1.1149112777863323e-24	-1.4851548917719898e-24
1.6184518852575987e22	4.255594907939434	-2.574816226819344e-33	2.124617266269982e-28	4.381041881825744e-25	-1.7439369769459207e-26	-1.8984540100882016e-28	-1.5379756673775026e-25	-1.1139206463305474e-24	-1.4856942628667022e-24
1.6253789720868247e22	4.254999873191118	-2.421816657216099e-33	2.1251290781697836e-28	4.381059349601488e-25	-1.7455485738331167e-26	-1.9112860376966593e-28	-1.5418969458673621e-25	-1.1129477662652222e-24	-1.4862250699483103e-24
1.632306058915235e22	4.255	-2.278276826594623e-33	2.1256303967119064e-28	4.381123823239406e-25	-1.747156218561173e-26	-1.9239343067734375e-28	-1.5457531650292373e-25	-1.111983887977419e-24	-1.4867576068824185e-24
1.6392331457428309e22	4.254292505383491	-2.1461624068113603e-33	2.1261204157438363e-28	4.38110169167056e-25	-1.7486454738246737e-26	-1.9363695280771132e-28	-1.5495303534430837e-25	-1.1110355852812282e-24	-1.4872786140529301e-24
1.6461602325695929e22	4.254000126779079	-2.0205655399154828e-33	2.126600882097803e-28	4.381170632490958e-25	-1.7502072967293346e-26	-1.9486368995438824e-28	-1.553249193385663e-25	-1.110098086324253e-24	-1.4878031561422635e-24
1.6530873193955661e22	4.25375769713521	-1.9013484529194922e-33	2.127070279723922e-28	4.381140970024635e-25	-1.7516770039821436e-26	-1.9606856820841245e-28	-1.5568828245427011e-25	-1.1091872778136065e-24	-1.4883036010518443e-24
1.6600144062207664e22	4.25299997623451	-1.7883716108776973e-33	2.127529803438918e-28	4.381196920715708e-25	-1.753110391944704e-26	-1.9725508361240615e-28	-1.5604554706523107e-25	-1.1082838929131983e-24	-1.488807538519932e-24
1.6669414930451985e22	4.253	-1.6854032741573762e-33	2.1279795173942884e-28	4.38121170676992e-25	-1.754587907497259e-26	-1.9842263207620793e-28	-1.5639615512165452e-25	-1.1073942165113102e-24	-1.4893070815749638e-24
1.6738685798688571e22	4.25245516782999	-1.58766332737198e-33	2.1284188893238254e-28	4.381192626873886e-25	-1.7559264821810926e-26	-1.99569180672543e-28	-1.5673919386896406e-25	-1.1065235391122164e-24	-1.489792382735696e-24
1.6780248319627352e22	4.252000112859532	-1.5294458233699884e-33	2.1286777507779417e-28	4.381188395814145e-25	-1.7567931939583595e-26	-2.0024745979707214e-28	-1.5694134848669253e-25	-1.1060144888696204e-24	-1.4900732321750843e-24
1.6849519187852152e22	4.252	-1.4418672438005704e-33	2.1291017222659094e-28	4.3812041740678945e-25	-1.7581507667068354e-26	-2.013632964353051e-28	-1.5727403944397944e-25	-1.1051631240660255e-24	-1.4905534348774185e-24
1.6918790056069455e22	4.251459752261638	-1.3587078188032176e-33	2.1295163140996177e-28	4.381220834421952e-25	-1.759415442359671e-26	-2.0245991411783584e-28	-1.5760007092455482e-25	-1.1043288431441235e-24	-1.4910251790383277e-24
1.6988060924279442e22	4.250999873310328	-1.279783047927784e-33	2.1299214683537753e-28	4.381238334979804e-25	-1.7607288693869586e-26	-2.035367563528605e-28	-1.5791922388863448e-25	-1.1035128955082122e-24	-1.4914859112360064e-24
1.7057331792482235e22	4.250999904982746	-1.2049816955198395e-33	2.130317323207747e-28	4.381253421984331e-25	-1.7620029928563352e-26	-2.0459389940615745e-28	-1.5823163830297028e-25	-1.1027141823230499e-24	-1.4919368857298045e-24
1.7126602660677933e22	4.251	-1.1360559645867114e-33	2.130704075652042e-28	4.381270594519021e-25	-1.7631842069870644e-26	-2.056317249025033e-28	-1.585378427884517e-25	-1.1019262049200803e-24	-1.492385628761535e-24
1.7195873528866585e22	4.2503898822069175	-1.071462623961047e-33	2.131081735059088e-28	4.381286512912253e-25	-1.76433809909505e-26	-2.0664981238824837e-28	-1.5883750627742043e-25	-1.1011533410548834e-24	-1.4928266526882612e-24
1.7265144397048352e22	4.25000012665987	-1.0101517192715347e-33	2.1314503816626295e-28	4.381302179580275e-25	-1.765551965103458e-26	-2.0764795854829753e-28	-1.591304331681125e-25	-1.1003987931867749e-24	-1.493256129408898e-24
1.733441526522305e22	4.24985488383472	-9.52045349784541e-34	2.1318108137875986e-28	4.381409768748605e-25	-1.766709825972804e-26	-2.0862855178436553e-28	-1.5941816608669691e-25	-1.0996512428922553e-24	-1.4936908899054105e-24
1.7403686133391035e22	4.249087479650974	-8.978594500196924e-34	2.132162435336951e-28	4.381394434725954e-25	-1.7678060015369086e-26	-2.095886276285872e-28	-1.5969844620507097e-25	-1.0989321375390038e-24	-1.4941020861817695e-24
1.7472957001552745e22	4.249	-8.477538408525659e-34	2.1325042741967767e-28	4.381358431476691e-25	-1.7689615700099918e-26	-2.1052589270806313e-28	-1.599713357932482e-25	-1.0982269128872227e-24	-1.494500216098101e-24
1.7542227869708157e22	4.248999873369932	-8.001934232250957e-34	2.132838001390204e-28	4.381367638220251e-25	-1.7699956735314112e-26	-2.1144483487255956e-28	-1.6023863724941105e-25	-1.0975330077400439e-24	-1.4948972898011815e-24
1.7611498737857265e22	4.248785013794898	-7.5511987926677225e-34	2.133163493993686e-28	4.3813772947748485e-25	-1.7709924314350224e-26	-2.123446028453177e-28	-1.6049975686220313e-25	-1.0968561017043911e-24	-1.495285476152037e-24
1.7680769606000239e22	4.2480176095962525	-7.126008698504486e-34	2.133480817151935e-28	4.381393404564392e-25	-1.7719951304633618e-26	-2.1322512041648496e-28	-1.607547566549622e-25	-1.0961952290009766e-24	-1.4956655520886114e-24
1.7750040474137232e22	4.248	-6.737972930285872e-34	2.13378976638804e-28	4.381410282813769e-25	-1.7730514242077006e-26	-2.1408568435853065e-28	-1.6100361310856674e-25	-1.0955467663898079e-24	-1.4960398173133117e-24
1.7819311342268235e22	4.247482674539089	-6.369901801409888e-34	2.1340906257581663e-28	4.381423997654039e-25	-1.7739761323855557e-26	-2.149267740777123e-28	-1.6124636006909439e-25	-1.0949140852330361e-24	-1.49640565712921e-24
1.7888582210393454e22	4.247	-6.02131084745453e-34	2.1343837032169425e-28	4.381476628661711e-25	-1.7749487640144995e-26	-2.157491911982189e-28	-1.6148344641588286e-25	-1.0942948040778513e-24	-1.4967671529259003e-24
1.7957853078512959e22	4.247000063285232	-5.69162306904064e-34	2.1346680016530004e-28	4.381446686355924e-25	-1.7758896392945755e-26	-2.1654921203552715e-28	-1.617129889214036e-25	-1.0936995108236115e-24	-1.4971054259383504e-24
1.802712394662704e22	4.247	-5.389642459287508e-34	2.1349448570716354e-28	4.381458537009524e-25	-1.776739024848292e-26	-2.173312442814797e-28	-1.6193747332438985e-25	-1.0931121385808677e-24	-1.4974464049653377e-24
1.8096394814735704e22	4.246412804484367	-5.106301103918478e-34	2.1352138918716592e-28	4.381470283500866e-25	-1.7775646651036824e-26	-2.1809365716657337e-28	-1.6215594382398317e-25	-1.0925400737521628e-24	-1.4977788856952837e-24
1.8165665682839097e22	4.246	-4.838373105150557e-34	2.135475119178103e-28	4.381482817668593e-25	-1.778450501941852e-26	-2.1883621832729746e-28	-1.6236825998048829e-25	-1.0919848826533982e-24	-1.4981006681154926e-24
1.8234936550937346e22	4.246000094905496	-4.585595186602871e-34	2.1357287891751205e-28	4.381498168335572e-25	-1.779288412796387e-26	-2.1955949835943535e-28	-1.6257473566118795e-25	-1.0914450244675626e-24	-1.498414469158369e-24
1.830420741903046e22	4.246	-4.3523275851906595e-34	2.1359750344362574e-28	4.381545558931546e-25	-1.780044814700247e-26	-2.202640218576695e-28	-1.6277590469197451e-25	-1.0909147614581829e-24	-1.4987273871578319e-24
1.8373478287118493e22	4.246	-4.137633339007804e-34	2.1362137855147734e-28	4.3815783509525385e-25	-1.780778184006446e-26	-2.2094886421295424e-28	-1.629711366425125e-25	-1.0903998638999918e-24	-1.499031344986405e-24
1.8442749155201608e22	4.245575466930866	-3.936221742376963e-34	2.136444575474636e-28	4.381579683490362e-25	-1.7814874194519877e-26	-2.216127395275068e-28	-1.63159865281931e-25	-1.0899028896430134e-24	-1.4993210052697206e-24
1.8512020023280153e22	4.244999873489141	-3.7484441784225334e-34	2.13666804055246e-28	4.381591000627884e-25	-1.7822349826260977e-26	-2.2225725678623886e-28	-1.6334287097779185e-25	-1.0894204060848812e-24	-1.4996031719913981e-24
1.8581290891354458e22	4.245	-3.5763311614167976e-34	2.1368837873263606e-28	4.381555179445499e-25	-1.782980545919966e-26	-2.228809316261984e-28	-1.6351941279584446e-25	-1.0889565669823543e-24	-1.4998703869186052e-24
1.8650561759424264e22	4.245	-3.428433923632e-34	2.1370925155390567e-28	4.381607751286932e-25	-1.7836224423817673e-26	-2.2348653236520795e-28	-1.6369163451533664e-25	-1.0884913912677243e-24	-1.500149474164034e-24
1.8719832627489534e22	4.245000126510859	-3.2377478865995236e-34	2.137294746164148e-28	4.381621522332522e-25	-1.7842444069007252e-26	-2.2407377180997395e-28	-1.6385695721711436e-25	-1.0880690687336116e-24	-1.5003925582299068e-24
1.8789103495550868e22	4.244958991965279	-3.0694973273848294e-34	2.1374892821034145e-28	4.381629992885254e-25	-1.784842836600961e-26	-2.2464013216651316e-28	-1.6401638675174875e-25	-1.0876563467411245e-24	-1.5006301004705843e-24
1.8858374363608447e22	4.244838434629142	-3.000520354010659e-34	2.1376757172674365e-28	4.3816021255544625e-25	-1.7854222642960983e-26	-2.2518511671341995e-28	-1.6417139208368192e-25	-1.0872233551259098e-24	-1.500893022826898e-24
1.8927645231662013e22	4.244718138217927	-2.930340175764792e-34	2.137855394076646e-28	4.381605172936855e-25	-1.7859925036192362e-26	-2.2571164764445448e-28	-1.6432104849600156e-25	-1.0868061363549107e-24	-1.501148585205954e-24
1.899691609971159e22	4.244597620397807	-2.858890479549575e-34	2.138027796322958e-28	4.381610440624609e-25	-1.786540402359002e-26	-2.2621782295749643e-28	-1.644646287358341e-25	-1.0864063705262034e-24	-1.501391186024417e-24
1.906618696775733e22	4.244477355599404	-2.786107855154709e-34	2.138193652540663e-28	4.38162348658287e-25	-1.7870682309716966e-26	-2.2670566316210084e-28	-1.6460277166382922e-25	-1.08602503443033e-24	-1.5016236613408547e-24
1.9135457835799403e22	4.2443569643497465	-2.7119136768393814e-34	2.138352525947824e-28	4.38163220188463e-25	-1.7875746308850562e-26	-2.271737738569889e-28	-1.6473500538760512e-25	-1.0856623352923679e-24	-1.5018429992366248e-24
1.9204728703838004e22	4.244236446529627	-2.6362240647492178e-34	2.138504468002816e-28	4.381636765519456e-25	-1.788059803302911e-26	-2.276221923160256e-28	-1.6486135984498584e-25	-1.0853182080209178e-24	-1.502049284231965e-24
1.9273999571873346e22	4.244116181731224	-2.558946297406008e-34	2.1386497327033826e-28	4.3816445120053015e-25	-1.7885244812353414e-26	-2.2805155629336937e-28	-1.6498208935505999e-25	-1.0849922249265061e-24	-1.502244159122817e-24
1.934327043990559e22	4.243995790481568	-2.4799735672463256e-34	2.138788252725603e-28	4.381651771965703e-25	-1.788968413227493e-26	-2.2846156682978186e-28	-1.6509709520562357e-25	-1.0846845416950938e-24	-1.5024268198359911e-24
1.941254130793491e22	4.243875399112701	-2.399187966393525e-34	2.1389204469206043e-28	4.381672452931987e-25	-1.7893928606429276e-26	-2.2885336019015086e-28	-1.6520681969756377e-25	-1.0843943668569929e-24	-1.5026002675512522e-24
1.9481812175961444e22	4.243755007863045	-2.3164452432043236e-34	2.139045137801524e-28	4.381671759247197e-25	-1.789794355147398e-26	-2.2922336393240086e-28	-1.653099945168142e-25	-1.0841229820272648e-24	-1.5027561574034698e-24
1.955108304398549e22	4.243634616613388	-2.231595330363198e-34	2.1391637132272377e-28	4.381670608900996e-25	-1.7901770531526373e-26	-2.295756081017338e-28	-1.6540792865497774e-25	-1.0838712689010897e-24	-1.5029012904921784e-24
1.962035391200716e22	4.243514225244523	-2.144452899932731e-34	2.1392756160290676e-28	4.381675894201039e-25	-1.7905391930854932e-26	-2.2990833657497584e-28	-1.6550018859085057e-25	-1.0836368824463337e-24	-1.5030347558413995e-24
1.9689624780026688e22	4.243393833994865	-2.0548048082040172e-34	2.1393809482675865e-28	4.381680673503055e-25	-1.7908811195998735e-26	-2.302217791427233e-28	-1.6558678929337175e-25	-1.083420981060843e-24	-1.503155707931319e-24
1.9758895648044237e22	4.243273442626	-1.9623990804728655e-34	2.1394797497652913e-28	4.381685116300263e-25	-1.7912029477752963e-26	-2.3051597617798166e-28	-1.6566774532208008e-25	-1.0832237030658645e-24	-1.5032640382478039e-24
1.982816651606e22	4.243153051376343	-1.866934273829884e-34	2.139572034481643e-28	4.3816888571186435e-25	-1.7915047163249779e-26	-2.307908940976197e-28	-1.6574304267085073e-25	-1.083045244077407e-24	-1.5033594368121805e-24
1.9897437384074164e22	4.243032660126687	-1.7680449975749559e-34	2.1396578582108554e-28	4.381692416276564e-25	-1.7917865885526624e-26	-2.31046626787007e-28	-1.6581270599943827e-25	-1.0828858627369992e-24	-1.5034417735826175e-24
1.9966708252086932e22	4.242897873684765	-1.7068755196908432e-34	2.139736666106457e-28	4.3816958356966245e-25	-1.7920468530729808e-26	-2.3128216690697666e-28	-1.6587763442268792e-25	-1.0827235628150412e-24	-1.5035327908012696e-24
2.003597912009824e22	4.242757503390313	-1.6598661141977247e-34	2.139808797729846e-28	4.381699343160356e-25	-1.792288609931362e-26	-2.314980862641516e-28	-1.6593736009937086e-25	-1.0825703048107454e-24	-1.5036206949287184e-24
2.010524998810815e22	4.242617227911949	-1.6119155253772414e-34	2.139874457579453e-28	4.381702408830769e-25	-1.7925112238582236e-26	-2.31694689139412e-28	-1.6599154703364736e-25	-1.0824340416571667e-24	-1.5036974801527392e-24
2.0174520856116843e22	4.242476952433586	-1.5629618011020107e-34	2.1399336637504243e-28	4.381705022276516e-25	-1.79271393298665e-26	-2.318719841377621e-28	-1.6604020343313556e-25	-1.0823147765991803e-24	-1.5037631372503812e-24
2.0243791724124486e22	4.242336677014828	-1.5129349201541553e-34	2.1399864320806735e-28	4.381707181463044e-25	-1.7928967959555795e-26	-2.3202997690275088e-28	-1.6608333482224978e-25	-1.0822125333665684e-24	-1.5038176319331974e-24
2.031306259213125e22	4.242196401536465	-1.4617552563246932e-34	2.140032776825857e-28	4.381708883625145e-25	-1.7930598533353486e-26	-2.3216867245423284e-28	-1.6612094524768073e-25	-1.0821273494124059e-24	-1.5038609166381566e-24
2.0382333460137317e22	4.242056126058102	-1.4093316355953355e-34	2.140072711300048e-28	4.381710125555344e-25	-1.7932031432160903e-26	-2.3228807688793425e-28	-1.6615303743337564e-25	-1.0820592832438806e-24	-1.5038929258670332e-24
2.0451604328142862e22	4.2419999367892745	-1.3752900258072842e-34	2.1401059673055684e-28	4.381711386310798e-25	-1.79332583573072e-26	-2.3238772525299222e-28	-1.6618009443528786e-25	-1.0819970101690783e-24	-1.5039249802830674e-24
2.0520875196147913e22	4.242	-1.3539359225123944e-34	2.1401326319837855e-28	4.381712366252451e-25	-1.7934161499441494e-26	-2.324677639822651e-28	-1.6620200738955267e-25	-1.0819434191458247e-24	-1.5039542394279089e-24
2.0590146064152535e22	4.242	-1.3323353516214331e-34	2.1401529054584472e-28	4.381713105942609e-25	-1.7934786873127815e-26	-2.325285335384924e-28	-1.6621847573940149e-25	-1.0819059396949852e-24	-1.503973330238115e-24
2.065941693215689e22	4.242000126421451	-1.3177161186078117e-34	2.140166670684792e-28	4.3817136031235825e-25	-1.7935211556708065e-26	-2.325698022265363e-28	-1.6622965667032341e-25	-1.0818804139605346e-24	-1.5039862915889112e-24
2.072868780016109e22	4.241999873578548	-1.3103097967432278e-34	2.1401739355172724e-28	4.381713870794785e-25	-1.793543551209216e-26	-2.3259159053833464e-28	-1.6623556770577517e-25	-1.0818666735554194e-24	-1.503993341353135e-24
2.07633232341633e22	4.242	-1.3085392065503242e-34	2.1400500191351346e-28	4.38170604132852e-25	-1.7931612990332837e-26	-2.3221809293515765e-28	-1.6613339258786344e-25	-1.0819947677391977e-24	-1.5039024543380368e-24