# N(H) (cm^-2)	Tdust[K]	PEheating	H2 vib deexc.	H2 form	dust-gas coll.	OI cooling	CII  cooling	CO  cooling	CI  cooling
2.472646557100754e-6	0.00001006653777797383
0.	116.564	1.360617594886982e-21	2.8127750143360227e-25	1.0266162682704069e-22	-1.718239705651784e-24	-7.920642112255083e-22	-6.94998333180078e-22	0.	-3.1691790159397636e-30
9.998626341466792e8	116.55594645297526	1.3606677843169815e-21	2.8127940758388126e-25	1.026603549742587e-22	-1.718349102596727e-24	-7.919819777331296e-22	-6.95001918802966e-22	0.	-3.1700977086259945e-30
2.9995878974661756e9	116.55594645226003	1.36068795030637e-21	2.812870379572486e-25	1.0266430570393608e-22	-1.7183265824532697e-24	-7.920096294643667e-22	-6.949994004290008e-22	0.	-3.170115382307889e-30
6.999038423919294e9	116.55594992440939	1.3606935274382212e-21	2.812868314623115e-25	1.026645531016459e-22	-1.7183053044424297e-24	-7.920162468872925e-22	-6.949987030296464e-22	0.	-3.170120221706359e-30
1.4997939477848894e10	116.55594992154838	1.3606974210048615e-21	2.8128668381591545e-25	1.0266472449702292e-22	-1.7182904263963608e-24	-7.920208604595868e-22	-6.949982161511814e-22	0.	-3.170123600310827e-30
3.0995741587134502e10	116.55594296830893	1.360698029212477e-21	2.8128666171240493e-25	1.0266475147465105e-22	-1.7182881062375886e-24	-7.9202158188349335e-22	-6.949981400963687e-22	0.	-3.1701241287272045e-30
6.299134580761739e10	116.5559499040246	1.3606968215443717e-21	2.812867143122343e-25	1.0266470053686031e-22	-1.7182927611935355e-24	-7.920201534382972e-22	-6.949982911143944e-22	0.	-3.170123082375694e-30
1.2698255424774031e11	116.55594640702009	1.3606971834108641e-21	2.812866944771204e-25	1.0266471394519093e-22	-1.718291334733568e-24	-7.920205788617814e-22	-6.949982458623671e-22	0.	-3.170123398912314e-30
2.549649711246418e11	116.55594636034965	1.3606970386911557e-21	2.812867049074172e-25	1.0266470882977532e-22	-1.718291912467809e-24	-7.920204091257596e-22	-6.949982639639004e-22	0.	-3.1701232788411706e-30
5.109298048807965e11	116.55594626700878	1.3606969426892814e-21	2.8128671088865876e-25	1.0266470454304328e-22	-1.7182922829965638e-24	-7.920202951414519e-22	-6.949982759790686e-22	0.	-3.1701232063704785e-30
1.0228594723911675e12	116.55594260674715	1.3606969878292266e-21	2.8128671366534084e-25	1.0266470648913066e-22	-1.718292119296243e-24	-7.920203486453088e-22	-6.949982703620614e-22	0.	-3.1701232671886515e-30
2.046718807412929e12	116.55594570714236	1.3606969906750575e-21	2.8128672560256684e-25	1.0266470782109472e-22	-1.7182921489408253e-24	-7.920203533394049e-22	-6.949982700768061e-22	0.	-3.170123313020337e-30
4.094437477455318e12	116.55594496059419	1.3606970082948814e-21	2.812867372073897e-25	1.0266470705952652e-22	-1.718292092294993e-24	-7.920203721806642e-22	-6.949982680383124e-22	0.	-3.17012341479174e-30
8.189874817540676e12	116.5559469410777	1.3606970117524752e-21	2.8128676745918503e-25	1.0266470676329156e-22	-1.7182921471849556e-24	-7.920203752897428e-22	-6.9499826799423945e-22	0.	-3.170123590878646e-30
1.6380749497707697e13	116.55594395488501	1.3606970334643498e-21	2.8128682137615403e-25	1.0266470550930688e-22	-1.7182921770114757e-24	-7.920203973225517e-22	-6.94998266166205e-22	0.	-3.170123955762742e-30
3.276249885801821e13	116.5559345087409	1.3606970685144735e-21	2.812869321871762e-25	1.0266470526696444e-22	-1.7182923155011697e-24	-7.920204344178889e-22	-6.949982637838632e-22	0.	-3.170124678324496e-30
6.552599757855154e13	116.55592256379128	1.3606971364179186e-21	2.8128714920585978e-25	1.0266470600430205e-22	-1.718292624233356e-24	-7.920205071388644e-22	-6.949982597430662e-22	0.	-3.170126121442519e-30
1.3105299501928173e14	116.55590214747191	1.3606972769403182e-21	2.8128755992957914e-25	1.0266470505384688e-22	-1.718293176572596e-24	-7.920206540764485e-22	-6.949982519648901e-22	0.	-3.170129011290759e-30
2.6210698989940606e14	116.5558543676734	1.360697559274916e-21	2.81288346834704e-25	1.0266470189620233e-22	-1.718294252491057e-24	-7.920209460700609e-22	-6.9499823803805765e-22	0.	-3.1701347914030006e-30
5.242149796543161e14	116.55575880807638	1.3606981235891943e-21	2.812898675068546e-25	1.0266469820994511e-22	-1.7182964519097735e-24	-7.920215291780777e-22	-6.949982138166457e-22	0.	-3.170146350274039e-30
1.0484309591428978e15	116.55556074136496	1.3606992552287204e-21	2.812927895481617e-25	1.0266469098719256e-22	-1.718300837868382e-24	-7.920226916895542e-22	-6.949981721684926e-22	0.	-3.170169468399922e-30
2.0968629180355135e15	116.55518197637797	1.3607015234836705e-21	2.812984041045828e-25	1.0266467943031342e-22	-1.7183096350601784e-24	-7.920250112394467e-22	-6.949981025976248e-22	0.	-3.1702157052124025e-30
4.193726835485049e15	116.55441749924421	1.3607060757341205e-21	2.8130914279985983e-25	1.0266465048245151e-22	-1.7183270469751624e-24	-7.920296319317025e-22	-6.949979901780248e-22	0.	-3.170308186393391e-30
8.38745466904904e15	116.5527615761459	1.3607148660397734e-21	2.8132967356449376e-25	1.0266460722925674e-22	-1.7183608852164356e-24	-7.920385534654912e-22	-6.9499778921696665e-22	0.	-3.17048675823038e-30
1.6774910331009566e16	116.54936737322808	1.3607322192734941e-21	2.813689658960506e-25	1.0266457839866791e-22	-1.718428603729164e-24	-7.920561489539469e-22	-6.949974760016477e-22	0.	-3.170839134348161e-30
3.3549821634600704e16	116.54300055193902	1.3607646685195813e-21	2.8144376183609335e-25	1.0266463137813543e-22	-1.7185577710408216e-24	-7.920892151228872e-22	-6.949968565547722e-22	0.	-3.171499622783637e-30
6.709964416549258e16	116.53194832818954	1.3608263426893172e-21	2.8158513440555386e-25	1.0266470323200374e-22	-1.718802434977288e-24	-7.9215198176732e-22	-6.949957237382339e-22	0.	-3.172754702965489e-30
1.3419928893873032e17	116.50985076990725	1.360942815667879e-21	2.81850401301818e-25	1.0266448637492068e-22	-1.7192565448282303e-24	-7.922700826672447e-22	-6.949935959952351e-22	0.	-3.175122783073123e-30
2.6839857739565878e17	116.46917947691679	1.3611574131056282e-21	2.8234908554315303e-25	1.0266470379823819e-22	-1.7201085562924784e-24	-7.924887694183036e-22	-6.949893360638846e-22	0.	-3.1795014008977326e-30
5.367971502804676e17	116.39632112264633	1.3615472055732783e-21	2.832784661766673e-25	1.0266524609197754e-22	-1.7216647163171023e-24	-7.928873795538498e-22	-6.949804070355188e-22	0.	-3.187486865585277e-30
1.0735942813636745e18	116.26363649997114	1.3622534941366602e-21	2.849995484892169e-25	1.0266584091526122e-22	-1.724485540731239e-24	-7.936112990226952e-22	-6.94962139098906e-22	0.	-3.2020364903379964e-30
2.1471884901378785e18	116.02570190015993	1.363518781358219e-21	2.881730987708742e-25	1.0266750089985955e-22	-1.729575475710056e-24	-7.949135838956891e-22	-6.949247895088578e-22	0.	-3.228363426654392e-30
4.2943767155506755e18	115.60960253298282	1.3657304399500358e-21	2.9399821224820354e-25	1.0267202055165163e-22	-1.738578238350851e-24	-7.972056615166832e-22	-6.948459404910206e-22	0.	-3.275195385292357e-30
8.588752489300934e18	114.88484030497074	1.3695724424952492e-21	3.0491036676986477e-25	1.0267976608929924e-22	-1.7543607987738877e-24	-8.012128187832085e-22	-6.9468407905599375e-22	0.	-3.3588733534589826e-30
1.5514895178197088e19	113.86243998003008	1.3749774220146185e-21	3.220093226713041e-25	1.0274022069682348e-22	-1.7778956269102486e-24	-8.069412352503991e-22	-6.944269349251577e-22	0.	-3.482161774228662e-30
2.244103526312374e19	112.95764367532729	1.37968664468117e-21	3.3880169421009753e-25	1.0293574629064863e-22	-1.8018269870804625e-24	-8.121379089977676e-22	-6.941720898757815e-22	0.	-3.596412192376853e-30
2.9367173022666682e19	112.12854769444465	1.383995281939393e-21	3.5514425958297865e-25	1.0310355097715654e-22	-1.823655921393773e-24	-8.169074574752572e-22	-6.939114042397206e-22	0.	-3.70532561263681e-30
3.6293308644596556e19	111.32379159921408	1.388254878618798e-21	3.712704572208153e-25	1.0324672957813212e-22	-1.844729289935104e-24	-8.215803823494494e-22	-6.93668466268501e-22	0.	-3.8167131836219544e-30
4.3219442170597335e19	110.601442520231	1.3919511397899086e-21	3.8734293132807795e-25	1.0340126543383343e-22	-1.864007788165514e-24	-8.257354221750055e-22	-6.933961515595635e-22	0.	-3.9179950578031866e-30
5.0145573835298234e19	109.88116451907158	1.3957398223608678e-21	4.0336411368544565e-25	1.035230399722039e-22	-1.8828846484791023e-24	-8.299216943571467e-22	-6.931448268520594e-22	0.	-4.024567493523004e-30
5.707170362043229e19	109.18895447441936	1.3993804928595452e-21	4.194978427903423e-25	1.0365021943217428e-22	-1.90133743048456e-24	-8.339660368780474e-22	-6.928947783644893e-22	0.	-4.130765551714789e-30
6.399783159306682e19	108.55082130050658	1.402635738162418e-21	4.357360710952272e-25	1.0378093417484407e-22	-1.9184636547019433e-24	-8.376522647952346e-22	-6.926234119817002e-22	0.	-4.229647969271132e-30
7.092395791310529e19	107.91268653386831	1.4059745960945e-21	4.520753990537829e-25	1.0388909827036235e-22	-1.935400042616135e-24	-8.413789845316137e-22	-6.923675419268199e-22	0.	-4.333573353806746e-30
7.785008255977857e19	107.27455176723004	1.4093887786334072e-21	4.686316610383203e-25	1.0399554064191268e-22	-1.9525774336042584e-24	-8.451632943430863e-22	-6.921273077767982e-22	0.	-4.442928482583484e-30
8.477620551046678e19	106.66641756758094	1.4125900294383898e-21	4.8542007968868835e-25	1.0411015411989785e-22	-1.969157506291172e-24	-8.487548125257583e-22	-6.918780301263486e-22	0.	-4.549294760317705e-30
9.170232685316224e19	106.10497886495291	1.4154066082803341e-21	5.0239678876452115e-25	1.0422727624432854e-22	-1.984379534727792e-24	-8.519911980788955e-22	-6.916040211955936e-22	0.	-4.646651206809153e-30
9.862844674360713e19	105.5435401623249	1.4182879399165312e-21	5.195525733809469e-25	1.0432470959939348e-22	-1.999416546207447e-24	-8.552576385506959e-22	-6.913406775165501e-22	0.	-4.748431292077059e-30
1.0555456516536731e20	104.98210300284623	1.4212265743124545e-21	5.369923845677787e-25	1.0442079795476454e-22	-2.0146420245216514e-24	-8.58568615693631e-22	-6.9108859080315975e-22	0.	-4.854934440036007e-30
1.1248068210070828e20	104.42066584336757	1.4242242212800743e-21	5.547310652253936e-25	1.0451544001169792e-22	-2.030064450235821e-24	-8.619262038991866e-22	-6.908472811743873e-22	0.	-4.96649933448399e-30
1.1940679753105893e20	103.85922868388892	1.4272827423910763e-21	5.727823733767072e-25	1.0460853188659339e-22	-2.045692646664778e-24	-8.653325464544674e-22	-6.90616347064923e-22	0.	-5.083497970112739e-30
1.2633291143699507e20	103.33220747688412	1.4300425057265932e-21	5.9114846445263385e-25	1.0471276850124837e-22	-2.060455782707368e-24	-8.684737288722218e-22	-6.903669727133921e-22	0.	-5.193196866690045e-30
1.3325902393634559e20	102.84473680272698	1.4324401348232432e-21	6.097557450052895e-25	1.0481678865497757e-22	-2.0738632349701085e-24	-8.712790052697632e-22	-6.900928215585611e-22	0.	-5.292198822319152e-30
1.4018513517333837e20	102.35726760715245	1.4348868953790332e-21	6.28606738392109e-25	1.0490385415897108e-22	-2.0870958665726966e-24	-8.741056426777918e-22	-6.898258461882955e-22	0.	-5.395193302637802e-30
1.4711124513522064e20	101.86980310559272	1.437376246350055e-21	6.478055253295907e-25	1.0498988555138525e-22	-2.100473073482786e-24	-8.769659535367206e-22	-6.895667812965926e-22	0.	-5.502417866287447e-30
1.5403735380831057e20	101.38233564686774	1.4399093448221453e-21	6.673627101924313e-25	1.0507481651422477e-22	-2.1140002930514237e-24	-8.798612482445374e-22	-6.893154003370174e-22	0.	-5.614140004233494e-30
1.6096346117840585e20	100.89486792987586	1.4424874255658563e-21	6.872886515767327e-25	1.0515858265496551e-22	-2.1276832611449124e-24	-8.82792886770212e-22	-6.8907150677679365e-22	0.	-5.73065033166867e-30
1.6788956723077176e20	100.40740021288394	1.4451118085071723e-21	7.075934650294252e-25	1.0524111253369629e-22	-2.1415278686823342e-24	-8.857622790413505e-22	-6.88834930375866e-22	0.	-5.8522651526477484e-30
1.7481567195012514e20	99.91993275415896	1.4477839005094175e-21	7.282871035251663e-25	1.053223325825234e-22	-2.155540290375117e-24	-8.8877089496939e-22	-6.886055249006247e-22	0.	-5.979329365023023e-30
1.817417753206168e20	99.43246503716708	1.4505052007645389e-21	7.493793915791458e-25	1.0540216579211281e-22	-2.1697269931934445e-24	-8.91820270457847e-22	-6.883831659424728e-22	0.	-6.112219773833201e-30
1.886678773258109e20	98.98583323090524	1.4528034381532918e-21	7.708668722793624e-25	1.0549782174628422e-22	-2.1826432761528153e-24	-8.944967282335496e-22	-6.881321482121975e-22	0.	-6.2293612614789906e-30
1.955939781276595e20	98.56920608648659	1.4547953737962708e-21	7.926305582249918e-25	1.0558841046659472e-22	-2.194282404742532e-24	-8.96883504731411e-22	-6.878598636231645e-22	0.	-6.334535483478928e-30
2.025200778467607e20	98.1525723298341	1.45682295442058e-21	8.147139601442254e-25	1.0566578200388073e-22	-2.205782789340597e-24	-8.99285238205563e-22	-6.875923606383153e-22	0.	-6.443449434608632e-30
2.0944617647341945e20	97.73594448751211	1.4588811260460934e-21	8.37220596890833e-25	1.0574238502259252e-22	-2.217390988690167e-24	-9.017115912271803e-22	-6.873302886353487e-22	0.	-6.556298327861949e-30
2.1637227399729768e20	97.3193121266663	1.4609706283308338e-21	8.601597230886878e-25	1.058181736800322e-22	-2.2291102998786994e-24	-9.041633587428345e-22	-6.870735461223986e-22	0.	-6.67330021763279e-30
2.2329837040774473e20	96.902685680151	1.4630922366788253e-21	8.835406869458384e-25	1.0589311028490973e-22	-2.2409443314856827e-24	-9.066413699935639e-22	-6.868220429545421e-22	0.	-6.794689620341229e-30
2.3022446569379194e20	96.48605923363567	1.4652467723424643e-21	9.073727927672483e-25	1.059671467586376e-22	-2.252896657494316e-24	-9.091464780328831e-22	-6.865756984928923e-22	0.	-6.920719113361372e-30
2.3715055984414215e20	96.06942687278986	1.4674350975685719e-21	9.316654462414516e-25	1.0604024018286945e-22	-2.26497113178367e-24	-9.116795734024248e-22	-6.86334441901982e-22	0.	-7.051661100474357e-30
2.4407665284715993e20	95.6527976346612	1.4696581210233208e-21	9.564281100223735e-25	1.061123458028923e-22	-2.277171766953183e-24	-9.142415820402983e-22	-6.86098211204292e-22	0.	-7.187809805281105e-30
2.510027446908634e20	95.23616839653255	1.471916803189074e-21	9.816702536808662e-25	1.0618341050789326e-22	-2.289502623793024e-24	-9.168334636116476e-22	-6.858669524529956e-22	0.	-7.329483509166917e-30
2.5792883536291135e20	94.81953882730008	1.4742121541907812e-21	1.00740146756724e-24	1.0625338419249532e-22	-2.3019680469746406e-24	-9.194562227942376e-22	-6.856406200367043e-22	0.	-7.477027058676002e-30
2.6485492485059147e20	94.40290958917141	1.4765452397723772e-21	1.0336314151539683e-24	1.063222132519675e-22	-2.3145725568261888e-24	-9.22110908054363e-22	-6.854191759973246e-22	0.	-7.630814706821392e-30
2.717810131408073e20	93.98628035104275	1.4789171844606005e-21	1.060369846348207e-24	1.0638984116623778e-22	-2.327320879433546e-24	-9.24798615724422e-22	-6.852025898309456e-22	0.	-7.791253322125889e-30
2.7870710022006417e20	93.58635818017275	1.4811190062447386e-21	1.087622225340809e-24	1.064641537577724e-22	-2.3395538990597094e-24	-9.27335771525069e-22	-6.849759473091119e-22	0.	-7.94523631958562e-30
2.856331861526971e20	93.23840218368173	1.4826980397731047e-21	1.1153117886496833e-24	1.0655525643946876e-22	-2.349685692801642e-24	-9.293163184575466e-22	-6.847067308241485e-22	0.	-8.062018735318151e-30
2.9255927117242394e20	92.89045168966055	1.4843071630517886e-21	1.1432872534192476e-24	1.0662345068854187e-22	-2.3594593344537552e-24	-9.312968108483775e-22	-6.844398928756704e-22	0.	-8.182406020246385e-30
2.9948535527247046e20	92.54249593544007	1.485936956109706e-21	1.1717947905953204e-24	1.0669110073540485e-22	-2.3693090498568703e-24	-9.332942501744265e-22	-6.841767188886738e-22	0.	-8.306551584836935e-30
3.06411438445247e20	92.19453953516485	1.4875878374182195e-21	1.2008444537057807e-24	1.0675818758892833e-22	-2.3792369025366072e-24	-9.353090919696625e-22	-6.83917163387165e-22	0.	-8.43463454964499e-30
3.133375206829892e20	91.84658871811628	1.489260246220104e-21	1.2304463610269335e-24	1.068246848523708e-22	-2.389244890631317e-24	-9.37341800492912e-22	-6.8366118433393935e-22	0.	-8.566845633842567e-30
3.202636019777552e20	91.49863790106774	1.4909546407433918e-21	1.2606107649219184e-24	1.0689056461919398e-22	-2.399335065063521e-24	-9.393928539230013e-22	-6.834087433097752e-22	0.	-8.703388106570574e-30
3.271896823214202e20	91.15068408501148	1.4926714965564598e-21	1.2913481310902209e-24	1.0695580329940268e-22	-2.409509646269967e-24	-9.414627496192995e-22	-6.831598057071478e-22	0.	-8.844478834692345e-30
3.3411576170567284e20	90.80272768473625	1.4944113101126194e-21	1.322669072616854e-24	1.0702037530822622e-22	-2.41977090830879e-24	-9.435520005118238e-22	-6.829143402372778e-22	0.	-8.990349445877233e-30
3.4104184012201204e20	90.45477128446103	1.4961745998559536e-21	1.3545843496083018e-24	1.0708425263713463e-22	-2.430121176282193e-24	-9.456611358414243e-22	-6.826723187974102e-22	0.	-9.141247608685878e-30
3.4796791756174216e20	90.10682046741248	1.497961907024642e-21	1.3871048799394132e-24	1.0714740533187985e-22	-2.44056284141982e-24	-9.47790702621001e-22	-6.824337164060316e-22	0.	-9.297438447840586e-30
3.5489399401596944e20	89.75886665135623	1.4997737969138411e-21	1.4202417385723962e-24	1.0720980105829614e-22	-2.451098359040704e-24	-9.499412664910106e-22	-6.821985111005942e-22	0.	-9.459206112989969e-30
3.618200694755958e20	89.4109132500887	1.5016108569390102e-21	1.4540062676987963e-24	1.0727141262495002e-22	-2.4617303991071573e-24	-9.521134185895626e-22	-6.819666843075018e-22	0.	-9.626855514984928e-30
3.6874614393131414e20	89.06295943403245	1.5034737027094081e-21	1.4884099249498786e-24	1.0733220638005305e-22	-2.4724616311531042e-24	-9.543077682471508e-22	-6.817382201223797e-22	0.	-9.800714269116393e-30
3.756722173736037e20	88.71500603276492	1.5053629764430892e-21	1.5234643856544365e-24	1.0739214930490746e-22	-2.4832948675537645e-24	-9.565249496874937e-22	-6.815131056818325e-22	0.	-9.981134847757978e-30
3.8259828979272443e20	88.36705221670866	1.5072793495357365e-21	1.5591815079289424e-24	1.0745120633150763e-22	-2.4942330201467188e-24	-9.587656215261033e-22	-6.812913309831218e-22	0.	-1.0168496990137703e-29
3.8952436117871126e20	88.01909881544113	1.5092235235535026e-21	1.5955733526431577e-24	1.07509341737884e-22	-2.505279135408451e-24	-9.610304694223335e-22	-6.810728889506516e-22	0.	-1.0363210395396976e-29
3.964504315213682e20	87.67114499938488	1.5111962325409302e-21	1.6326521537053362e-24	1.075665175892034e-22	-2.5164363736569663e-24	-9.633202065995077e-22	-6.808577753431433e-22	0.	-1.0565717743287646e-29
4.033765008102624e20	87.32319118332863	1.5131982442229177e-21	1.6704303051931542e-24	1.0762269513125685e-22	-2.5277080450886876e-24	-9.656355766564105e-22	-6.80645988837695e-22	0.	-1.077649808505561e-29
4.103025690347184e20	86.9752377820611	1.5152303622746252e-21	1.708920191212423e-24	1.0767783341169193e-22	-2.539097592553008e-24	-9.679773541906608e-22	-6.8043753095013755e-22	0.	-1.0996070656460564e-29
4.172286361838681e20	86.6436827651728	1.5170758499098782e-21	1.74810498658012e-24	1.0774047586085707e-22	-2.5498933196500338e-24	-9.701544551589358e-22	-6.802181175286536e-22	0.	-1.1202429767931299e-29
4.310807682201272e20	86.0824753921777	1.5195330708276667e-21	1.8258137841515996e-24	1.077533760912619e-22	-2.5641079620873293e-24	-9.732346267278203e-22	-6.796890304661026e-22	0.	-1.1490609257584553e-29
4.587850251201776e20	84.96006166702509	1.5246225032982877e-21	1.9888238387562144e-24	1.0772708854634254e-22	-2.5922538005582833e-24	-9.794916703545861e-22	-6.786565920940253e-22	0.	-1.2115078393813822e-29
5.1419350944171996e20	82.71524338692427	1.5354782340946869e-21	2.352070111499454e-24	1.0764651745899314e-22	-2.6511869090687894e-24	-9.925951895368398e-22	-6.767018053648907e-22	0.	-1.3598482218734555e-29
5.8345404529487394e20	79.9092116174698	1.5503548798283959e-21	2.895767909325061e-24	1.0786716979785685e-22	-2.7381640622419063e-24	-1.0105931024762375e-21	-6.744813323470428e-22	0.	-1.6071488687182287e-29
6.527144908386418e20	77.19542317733169	1.564793688106027e-21	3.556590065834197e-24	1.0835939103236607e-22	-2.8306260912325308e-24	-1.0286138968921384e-21	-6.723631409184648e-22	0.	-1.914638036738541e-29
7.219748453833996e20	74.63982918026299	1.5772734667180635e-21	4.3477900144451225e-24	1.088894397989613e-22	-2.9175319915265722e-24	-1.0450873928030327e-21	-6.702310325845578e-22	0.	-2.2570551127642904e-29
7.912351130768724e20	72.32361387610436	1.5879580397137218e-21	5.285966623090451e-24	1.0940899492474466e-22	-2.9994900873313175e-24	-1.060352950728264e-21	-6.681033548835366e-22	0.	-2.632712667658657e-29
8.604952951069242e20	70.15437215042114	1.597404561563475e-21	6.411371954354459e-24	1.0982180809546796e-22	-3.0801980473623647e-24	-1.0755224435826127e-21	-6.660450078042075e-22	0.	-3.060747270501626e-29
9.297553879716666e20	68.09646236664057	1.6059078529337467e-21	7.821613955809376e-24	1.101398216156591e-22	-3.1628826782410433e-24	-1.0912165274101499e-21	-6.640853736044656e-22	0.	-3.5631918537004745e-29
9.990154021472324e20	66.1417389010191	1.6134046088372209e-21	1.004724047217881e-23	1.105680691155431e-22	-3.2314213388129406e-24	-1.1034568856655197e-21	-6.619754075181233e-22	0.	-4.159552355501758e-29
1.0405713981006447e21	65.03382374668121	1.6125109273252023e-21	1.1241228511412444e-23	1.1146350379187164e-22	-3.2557808503745006e-24	-1.1053328544182616e-21	-6.604068632799052e-22	0.	-4.528989182639772e-29
1.0959795021905293e21	63.594839875668285	1.5984034238001933e-21	1.3850728171486537e-23	1.1246752832212159e-22	-3.2252455542045336e-24	-1.0953535342940813e-21	-6.57581748430459e-22	0.	-5.072086544187998e-29
1.1652401519836474e21	61.87260075289291	1.5531757243241969e-21	1.598731005738514e-23	1.1497537696220363e-22	-3.085179088521873e-24	-1.057669583609439e-21	-6.524998911649448e-22	0.	-5.724124253679754e-29
1.2345018332220128e21	60.26245510971546	1.4928907698006551e-21	1.586438615876924e-23	1.183218343715258e-22	-2.898206712088407e-24	-1.006816169225107e-21	-6.464762505828675e-22	0.	-6.291210614798768e-29
1.303764745677839e21	58.725733498215675	1.4154480188990425e-21	1.543021987643184e-23	1.223255202414763e-22	-2.661449807832622e-24	-9.415560473701763e-22	-6.391791547839266e-22	0.	-6.822233945599715e-29
1.345323219264597e21	57.82231862973736	1.3593741897292532e-21	1.5236833935649706e-23	1.2543729308789519e-22	-2.499337331166936e-24	-8.945805880016265e-22	-6.339542266919669e-22	0.	-7.138374108314292e-29
1.4145885471099975e21	56.414015080213545	1.2588244149947444e-21	1.4820535694054712e-23	1.2979178996640828e-22	-2.205430559983187e-24	-8.096575224139455e-22	-6.239690110598193e-22	0.	-7.545823286181852e-29
1.4838554322966827e21	55.06941361403465	1.1607334854431992e-21	1.4448233830133286e-23	1.3393358030625488e-22	-1.9416329989432107e-24	-7.278347853892884e-22	-6.130145232289366e-22	0.	-7.961143598222094e-29
1.5531236314239108e21	53.7863501021862	1.0796872623318926e-21	1.405788451759532e-23	1.3673146731823478e-22	-1.739711168163804e-24	-6.610773778949873e-22	-6.022154868861295e-22	0.	-8.482478650917079e-29
1.6223927864374295e21	52.562849245078866	1.020165449658766e-21	1.364169897850748e-23	1.37864132238772e-22	-1.603902204829434e-24	-6.128006135624356e-22	-5.922306477737795e-22	0.	-9.185061736428824e-29
1.626722134673333e21	52.491043067224325	1.016110711296163e-21	1.3689486571062273e-23	1.3864593275324932e-22	-1.6046671174643357e-24	-6.103911650086007e-22	-5.916064630563531e-22	0.	-9.224202788998649e-29
1.635380837809705e21	52.34742795351147	1.0103340010123614e-21	1.3628592213634118e-23	1.385970552812515e-22	-1.591681918051165e-24	-6.056966541951675e-22	-5.904297283011513e-22	0.	-9.31614872659686e-29
1.6526982686285952e21	52.06020324209332	9.995694699189328e-22	1.3504786768652538e-23	1.3842570275908698e-22	-1.567933342063577e-24	-5.9696810886103385e-22	-5.881071585824141e-22	0.	-9.516551754183874e-29
1.687333216320669e21	51.48575534427166	9.806785386598434e-22	1.3243574222146875e-23	1.3778337190954708e-22	-1.5278772050101753e-24	-5.816982869533518e-22	-5.83513682081333e-22	0.	-9.986734788857761e-29
1.7037848535416318e21	51.21289190411568	9.72472020163186e-22	1.3138653550274157e-23	1.3761980761788253e-22	-1.5148322461728757e-24	-5.754045709663565e-22	-5.813241256988248e-22	0.	-1.024435613444738e-28
1.736688183881509e21	50.70149437791109	9.58576682300754e-22	1.285635578491853e-23	1.3643826083150607e-22	-1.488123944519305e-24	-5.64207350878252e-22	-5.76937192785716e-22	0.	-1.072044362309237e-28
1.802495017199681e21	49.69071078320593	9.365207459337736e-22	1.2206968857884892e-23	1.3292169026677295e-22	-1.4507588814559787e-24	-5.463745418314974e-22	-5.677865832925113e-22	0.	-1.1903666235619654e-28
1.8717655506487557e21	48.69377086347342	9.187896193403497e-22	1.1404159650023252e-23	1.2777423648251497e-22	-1.432133060976844e-24	-5.322140675927003e-22	-5.570749914859826e-22	0.	-1.331303922906729e-28
1.9410362063596647e21	47.75328626018762	9.046410454353483e-22	1.0438306046222604e-23	1.207558596682458e-22	-1.4262434191391504e-24	-5.208306086653123e-22	-5.446988855787226e-22	0.	-1.4944651009686415e-28
2.0103069426527502e21	46.860875745683906	8.92561589639196e-22	9.328564001857525e-24	1.1194771566493663e-22	-1.4296520756653523e-24	-5.111177545144157e-22	-5.302920689644373e-22	0.	-1.6841644817427602e-28
2.0795777333512288e21	46.015135751724245	8.81461567195678e-22	8.129244644572287e-24	1.0167804402854521e-22	-1.4407028713144112e-24	-5.026108598911307e-22	-5.137626236583143e-22	0.	-1.9023813832970393e-28
2.148848561731725e21	45.223109292984006	8.707089716571272e-22	6.913704232135793e-24	9.047760841817452e-23	-1.4581186076231421e-24	-4.951572874670238e-22	-4.953241173499278e-22	0.	-2.145194351132321e-28
2.218119416915901e21	44.485390229523176	8.59917308438367e-22	5.7552462219114085e-24	7.897707968338716e-23	-1.4807967693888834e-24	-4.8879618947716715e-22	-4.754797972739657e-22	0.	-2.411386667923219e-28
2.2873902917056518e21	43.78924924266338	8.488814430256673e-22	4.708748548252789e-24	6.77966881490261e-23	-1.5068344428675021e-24	-4.833966361076012e-22	-4.549123240204379e-22	0.	-2.7123860936953917e-28
2.3566611812317885e21	43.133682691603894	8.375824258301377e-22	3.804197847297172e-24	5.741233379453628e-23	-1.5344932478950737e-24	-4.788413734540061e-22	-4.343655759195774e-22	0.	-3.0531532202305963e-28
2.4259320820954856e21	42.51970805931091	8.261237377776314e-22	3.0478994285658735e-24	4.8115956918647917e-23	-1.5617921087383452e-24	-4.749221561257932e-22	-4.145214587459555e-22	0.	-3.437658959589661e-28
2.4952029918523965e21	41.95607662153244	8.147895099756961e-22	2.4304382848201654e-24	4.002771372031774e-23	-1.5873512628844953e-24	-4.715099184921023e-22	-3.9593358661601504e-22	0.	-3.854592774552685e-28
2.5644739086700684e21	41.42780521130562	8.034740449366992e-22	1.933695084067585e-24	3.3141756168216445e-23	-1.6084903263138822e-24	-4.68117657997138e-22	-3.789124236537237e-22	0.	-4.3324865796065755e-28
2.6337448312012365e21	40.93346438035369	7.921411710137103e-22	1.537824332366158e-24	2.736858299668926e-23	-1.623980899546121e-24	-4.645116880449124e-22	-3.636174354775608e-22	0.	-4.881995559644331e-28
2.703015758414911e21	40.471537421263754	7.80748689236626e-22	1.2238951016111736e-24	2.2581984186271607e-23	-1.6325270096193675e-24	-4.6041938770970665e-22	-3.500623352033012e-22	0.	-5.515363735725146e-28
2.772286689514539e21	40.05019880610704	7.694744155787088e-22	9.75682197832734e-25	1.8640975038609935e-23	-1.6347982460994525e-24	-4.559419554533167e-22	-3.3820457430284133e-22	0.	-6.213619584318065e-28
2.841557623840171e21	39.65947566127777	7.580499351417489e-22	7.793170775699707e-25	1.541331274424088e-23	-1.6289046785225008e-24	-4.5062536734867745e-22	-3.2784910842096903e-22	0.	-7.012329358018802e-28
2.9108285608931177e21	39.295722332149744	7.461728538999608e-22	6.238594704331674e-25	1.2779693610956113e-23	-1.6148614953184802e-24	-4.44374938681612e-22	-3.1881922140072195e-22	0.	-7.935772317402146e-28
2.9800995002763004e21	38.95773217664659	7.336763519537893e-22	5.005486435240735e-25	1.0632605273745701e-23	-1.5924565145179246e-24	-4.370348998895366e-22	-3.109033099805304e-22	0.	-9.005365494179995e-28
3.049370441661643e21	38.649210817337035	7.206553597789997e-22	4.0255822880429264e-25	8.88427353559843e-24	-1.5631750406539461e-24	-4.287893819425573e-22	-3.0395165398401726e-22	0.	-1.0212203540041597e-27
3.090933007411058e21	38.477719776034355	7.12605197277727e-22	3.5360498847516853e-25	7.994370502703572e-24	-1.5432792430238951e-24	-4.234044911914516e-22	-3.0015477523800173e-22	0.	-1.1004209836198836e-27
3.160203951389702e21	38.20400188939273	6.980401871880887e-22	2.852166803869671e-25	6.73238756097498e-24	-1.5005005115574623e-24	-4.1308987816018487e-22	-2.9430337293974057e-22	0.	-1.2534350198094284e-27
3.229474896689262e21	37.95534183549881	6.826260194968809e-22	2.3040988168601455e-25	5.702734906582842e-24	-1.452607256056813e-24	-4.0172908653453707e-22	-2.8896119270900354e-22	0.	-1.4269301797460656e-27
3.298745843088569e21	37.7285428583622	6.662346453383936e-22	1.863367878571077e-25	4.8644372960405465e-24	-1.3989451408587045e-24	-3.892194648512844e-22	-2.8400140482272953e-22	0.	-1.6247798196535448e-27
3.368016790383858e21	37.518289978504185	6.483613270532989e-22	1.507605084867946e-25	4.1751534442071114e-24	-1.3389210216434695e-24	-3.7528282587651953e-22	-2.7924125925131667e-22	0.	-1.856076891548048e-27
3.437287738396212e21	37.32355202990771	6.289007226473729e-22	1.2198460443487289e-25	3.612306280994236e-24	-1.273069244962092e-24	-3.5987906520372063e-22	-2.74580653399035e-22	0.	-2.126879541061752e-27
3.5065586869377476e21	37.14473153549432	6.080472888389035e-22	9.869198509107155e-26	3.1469273312057396e-24	-1.2027246450834116e-24	-3.431472373423283e-22	-2.699228215707177e-22	0.	-2.4404093276287026e-27
3.5758296358196845e21	36.98301942545176	5.863400739055985e-22	7.987511872815101e-26	2.7635427985850202e-24	-1.1308836558331671e-24	-3.2565626642661943e-22	-2.6527998083442847e-22	0.	-2.7937128414453168e-27
3.6451005848536964e21	36.83318516892194	5.630000895667165e-22	6.462154690573117e-26	2.4464156907418505e-24	-1.055484196125401e-24	-3.068045029989322e-22	-2.604559582793115e-22	0.	-3.207457730208315e-27
3.68666315421976e21	36.747075313329695	5.478027002619415e-22	5.687160746702864e-26	2.2819005217264676e-24	-1.0078821995910909e-24	-2.945297369284664e-22	-2.5736838049378643e-22	0.	-3.497559718169952e-27
3.7559341030638354e21	36.61772371554375	5.22740789213248e-22	4.601502987253567e-26	2.046722381240635e-24	-9.311321846118965e-25	-2.7438814281455367e-22	-2.5222157263848435e-22	0.	-4.0149465815400736e-27
3.825205051508462e21	36.497167973816396	4.963093823948774e-22	3.721935535673765e-26	1.8497231290717147e-24	-8.537673645160793e-25	-2.5328708745787043e-22	-2.467157502777908e-22	0.	-4.620404035115889e-27
3.8944759992914815e21	36.3849280257225	4.687052454958011e-22	3.009767610795947e-26	1.684209517481715e-24	-7.766442125701741e-25	-2.314698745864864e-22	-2.4079454430685096e-22	0.	-5.328891956982448e-27
3.963746946106594e21	36.280702166020866	4.401828679849165e-22	2.4335721843473467e-26	1.5444237699832587e-24	-7.008862374519505e-25	-2.0923268112044586e-22	-2.3440749639281565e-22	0.	-6.157662577209638e-27
4.03301789159075e21	36.18707041668892	4.123212309351279e-22	1.9706278058385755e-26	1.425815944335269e-24	-6.3075063105485455e-25	-1.8789785715368869e-22	-2.27800126536618e-22	-1.2359305277267753e-27	-7.080894124338524e-27
4.102288835402502e21	36.09998632788658	3.84149789461047e-22	1.5963816564198834e-26	1.3253197929964521e-24	-5.6348478926792805e-25	-1.6676792111885424e-22	-2.2069924688971297e-22	-1.4167838724706806e-27	-8.15377119522616e-27
4.1715597770585816e21	36.01838232004642	3.5591786707393286e-22	1.2939742783009673e-26	1.23910510971679e-24	-4.9965173677137435e-25	-1.4612437838854636e-22	-2.1306662442905346e-22	-1.6127479917193507e-27	-9.402384962709087e-27
4.2408307159627837e21	35.94167430967092	3.279460761144426e-22	1.049818244935394e-26	1.1647318564864215e-24	-4.398164144320225e-25	-1.2629478483365522e-22	-2.04891448414231e-22	-1.822609074945369e-27	-1.0854036721647534e-26
4.310101651377982e21	35.871833693206305	3.013969025824391e-22	8.538536929268458e-27	1.1007347663634997e-24	-3.860887282217912e-25	-1.0816157637582058e-22	-1.964495670718968e-22	-2.0505268099388993e-27	-1.2482252039174848e-26
4.3793725825451337e21	35.80630229306221	2.760006063643047e-22	6.960972204866819e-27	1.0452001027653675e-24	-3.3736343949585093e-25	-9.154801251540143e-23	-1.8764657198358882e-22	-2.294956003648778e-27	-1.433238406446796e-26
4.4486435084753143e21	35.74489728587866	2.515364321342948e-22	5.687513835815731e-27	9.965076903062005e-25	-2.9282084082578696e-25	-7.633522776512952e-23	-1.7837928733768185e-22	-2.5523577525760572e-27	-1.6464676395906342e-26
4.5179144278443263e21	35.6873216778338	2.2821070862887097e-22	4.659931634736772e-27	9.535390610720611e-25	-2.5249875328517675e-25	-6.267646832750442e-23	-1.686987282381519e-22	-2.8205395007912702e-27	-1.8915915422466917e-26
4.5871853389911446e21	35.63283254718781	2.0653805810704527e-22	3.833387265775432e-27	9.15592565583872e-25	-2.169110477340623e-25	-5.084939856544112e-23	-1.588417296076003e-22	-3.103601203605576e-27	-2.167591768240201e-26
4.6564562400281085e21	35.58245426845551	1.8677423807489806e-22	3.1695552737235012e-27	8.820063138376875e-25	-1.8604357722759795e-25	-4.0897443740412646e-23	-1.4901853273574445e-22	-3.409644299160384e-27	-2.4730107302631648e-26
4.725727128864669e21	35.53438108482956	1.6828656631203347e-22	2.63264757870786e-27	8.515753320886907e-25	-1.585371254131542e-25	-3.239936371815078e-23	-1.3901786568683476e-22	-3.728122776089125e-27	-2.820547089409352e-26
4.794998002584453e21	35.48844499361515	1.511234478892579e-22	2.1982258335611654e-27	8.236754680145971e-25	-1.3422114674636248e-25	-2.529314145663935e-23	-1.289495263154362e-22	-4.042233492294243e-27	-3.2148493002232105e-26
4.864268857722428e21	35.44469987434149	1.3533615186441595e-22	1.846660732789774e-27	7.977954179600302e-25	-1.129286518770406e-25	-1.9485912932641568e-23	-1.1895714475366413e-22	-4.339715215592388e-27	-3.65973687736066e-26
4.933539690381902e21	35.40473017191887	1.2145373296671286e-22	1.5641070801884713e-27	7.740941220207398e-25	-9.510190474976806e-26	-1.50004786240553e-23	-1.0954673487719793e-22	-4.6325117235331444e-27	-4.138847674471331e-26
5.002810497627076e21	35.365867172002794	1.0869851020232591e-22	1.3342710263316843e-27	7.51517218898652e-25	-7.947100585994996e-26	-1.1414061920049697e-23	-1.003632898678894e-22	-4.8985361656045885e-27	-4.677120801170498e-26
5.072081275552438e21	35.32836416924	9.704207105017316e-23	1.1470380112378908e-27	7.2929488454337115e-25	-6.584303099010644e-26	-8.596790854737294e-24	-9.150787343602519e-23	-5.10996964645058e-27	-5.279872310219686e-26
5.141352020923182e21	35.29240864254535	8.644100431660099e-23	9.94230821933939e-28	7.085562196427441e-25	-5.400766359612897e-26	-6.418535033263239e-24	-8.306776023083899e-23	-5.267473915574069e-27	-5.952539513094161e-26
5.210622732027405e21	35.25787234246731	7.715537482417334e-23	8.701744965835679e-28	6.896956754861409e-25	-4.409365649384147e-26	-4.808100220472442e-24	-7.537467846332819e-23	-5.3684026789902916e-27	-6.673035878284825e-26
5.279893410441496e21	35.22511388218403	6.881426521423142e-23	7.685091770116052e-28	6.716405756768033e-25	-3.554903455009488e-26	-3.591513862888081e-24	-6.823204737923562e-23	-5.403008438795921e-27	-7.460577778855537e-26
5.349164059151912e21	35.193600235462185	6.125604840668838e-23	6.84712573766458e-28	6.549676479405548e-25	-2.8097837236117285e-26	-2.669325130146588e-24	-6.157732840336118e-23	-5.3813177876564476e-27	-8.327910257424718e-26
5.418434682983589e21	35.16302952058613	5.443257696655516e-23	6.154339618203109e-28	6.398089344623146e-25	-2.1607953185312536e-26	-1.9765612580131322e-24	-5.542779728349484e-23	-5.30239019888787e-27	-9.27975012031459e-26
5.48770528842593e21	35.13309776234627	4.8412373587018244e-23	5.582635466435236e-28	6.26718490696744e-25	-1.6068233796115407e-26	-1.4691208251246071e-24	-4.9896785811763865e-23	-5.190016379432411e-27	-1.0299340397167127e-25
5.5569758828752e21	35.10449132323265	4.3115733714203393e-23	5.109275445373845e-28	6.156019974101513e-25	-1.1335400560816216e-26	-1.0979102560707296e-24	-4.4953720753335327e-23	-5.056901349520748e-27	-1.1385589996732432e-25
5.626246473102627e21	35.07695475411415	3.833607880040493e-23	4.712875150702155e-28	6.060326849761783e-25	-7.16929315876256e-27	-8.191769180799566e-25	-4.0435228127969156e-23	-4.898852824988213e-27	-1.2572921014231568e-25
5.695517064754155e21	35.05029176709056	3.4035977806338566e-23	4.3796212253174515e-28	5.978636610389244e-25	-3.5017518112240734e-27	-6.10782396192201e-25	-3.6325818842951345e-23	-4.728251250989305e-27	-1.3870979585338392e-25
5.764787662391546e21	35.02419682633877	3.0203324090918344e-23	4.0989002976107305e-28	5.909371136085895e-25	-2.9344890796795997e-28	-4.564098422782325e-25	-3.2629558667214023e-23	-4.554653971191037e-27	-1.5280508394694444e-25
5.834058269318872e21	34.99883519810439	2.6890400699342215e-23	3.8637555857692663e-28	5.851861746606448e-25	2.435047305383222e-27	-3.4506956956453057e-25	-2.9410007545881866e-23	-4.39127796980745e-27	-1.6762927808007558e-25
5.903328887334197e21	34.974007461130626	2.3905148622570548e-23	3.6630856171083464e-28	5.801800933100887e-25	4.8650080613203445e-27	-2.609697794062784e-25	-2.6489953288436625e-23	-4.227553664326878e-27	-1.8387167146115635e-25
5.972599517766144e21	34.94971570387482	2.122247928346861e-23	3.4910654482635675e-28	5.757913962847035e-25	7.028785715658412e-27	-1.9757451414875153e-25	-2.3850602139134407e-23	-4.066749248989154e-27	-2.0167486396262423e-25
6.041870161302796e21	34.92592486232519	1.881759640107147e-23	3.3429219454055482e-28	5.719032481084207e-25	8.955946816683452e-27	-1.4984204895490109e-25	-2.1471949283865224e-23	-3.9113280799362726e-27	-2.2119460111135944e-25
6.111140818143712e21	34.90213375985623	1.674326710418728e-23	3.216770256730687e-28	5.685438672308799e-25	1.0609405046542444e-26	-1.1510486762251487e-25	-1.9410088786475464e-23	-3.7728272294188544e-27	-2.4175508435489e-25
6.180411487642477e21	34.879481475949284	1.4888481419169975e-23	3.1072030691755557e-28	5.654914600819393e-25	1.2084413754737604e-26	-8.873489253732432e-26	-1.755770370415377e-23	-3.642272256214606e-27	-2.6415560927720994e-25
6.249682169399666e21	34.857563028544185	1.3221763421404083e-23	3.011293622260555e-28	5.626892220394121e-25	1.34118462993806e-26	-6.856591657036516e-26	-1.5885133801795745e-23	-3.518461248358295e-27	-2.8872241805726924e-25
6.318952862949891e21	34.83607289862633	1.1727582187588303e-23	2.9269523583125974e-28	5.6007651641698765e-25	1.4605490205770622e-26	-5.313967001915539e-26	-1.437806146642928e-23	-3.4023712036929394e-27	-3.15653414561434e-25
6.388223567717449e21	34.81458380866051	1.0421877378581499e-23	2.853414654608703e-28	5.578367313472434e-25	1.5651905299511792e-26	-4.158913761477247e-26	-1.305408378472257e-23	-3.297689553712776e-27	-3.444031338356251e-25
6.457494282820964e21	34.79373419141769	9.271861619560455e-24	2.788761144955665e-28	5.55604229093763e-25	1.6577823728505493e-26	-3.281252299253992e-26	-1.1880733496203781e-23	-3.2029474264064127e-27	-3.752373353976356e-25
6.526765007459976e21	34.77301256895065	8.238003395357501e-24	2.7309857084141837e-28	5.534845568733279e-25	1.7417329908526813e-26	-2.597303491090121e-26	-1.081855113405204e-23	-3.115663545580999e-27	-4.089740140659008e-25
6.59603574104086e21	34.752465355873106	7.310672404079006e-24	2.6791522165110135e-28	5.514484326857542e-25	1.8176957859728126e-26	-2.0639214433091928e-26	-9.858444399033554e-24	-3.0361033209744842e-27	-4.458456635551231e-25
6.665306482979928e21	34.732511200904845	6.489338794708921e-24	2.6327870009466956e-28	5.494976106634043e-25	1.8856491672146683e-26	-1.6512756204675847e-26	-9.000238078404927e-24	-2.9651341436501695e-27	-4.856124674711507e-25
6.734577232562753e21	34.713266388833524	5.776672112706819e-24	2.59166296460067e-28	5.46834535259207e-25	1.945376751787045e-26	-1.3359037177632813e-26	-8.246350445245823e-24	-2.903619337704917e-27	-5.274215105640262e-25
6.803847988986743e21	34.69407970136404	5.135574716740679e-24	2.5543020421259637e-28	5.454510356670105e-25	1.9997919998384328e-26	-1.0854098422521649e-26	-7.561722435252616e-24	-2.8488774952074575e-27	-5.729352095921474e-25
6.873118751709736e21	34.6748935303092	4.5601174494089056e-24	2.5201189992539502e-28	5.436551958769405e-25	2.0494516422937813e-26	-8.852706513797622e-27	-6.93761841124455e-24	-2.8005007597266573e-27	-6.223099229533225e-25
6.942389520236945e21	34.65572881905082	4.044526358953437e-24	2.4887517582640074e-28	5.4185459576788955e-25	2.094728804611193e-26	-7.250571674162434e-27	-6.368855442516758e-24	-2.758398833234411e-27	-6.757543181308168e-25
7.011660294062254e21	34.63807806646824	3.6017783778670756e-24	2.4607809953287213e-28	5.401367564947966e-25	2.134220440635427e-26	-6.012993364691902e-27	-5.870924683298038e-24	-2.723893426177328e-27	-7.3087691563801465e-25
7.080931072494949e21	34.619879631996156	3.2040733056867217e-24	2.434873188708482e-28	5.383906342603036e-25	2.1707045958654219e-26	-5.004856732714295e-27	-5.4136777220572516e-24	-2.6946003332183626e-27	-7.900549282655279e-25
7.150201855094039e21	34.601775592267515	2.8467715324966416e-24	2.410743225316386e-28	5.366154848770671e-25	2.2042186809800685e-26	-4.1791915894565005e-27	-4.9923369689521984e-24	-2.6702262322081747e-27	-8.53483509013029e-25
7.191764326904586e21	34.591183509767056	2.6516231185673897e-24	2.3971200445884747e-28	5.356818096074239e-25	2.2217538469326945e-26	-3.759512935322115e-27	-4.757122099623018e-24	-2.6579922230245565e-27	-8.932966876293458e-25
7.261035115275614e21	34.57353175592422	2.359172513843127e-24	2.3758619591697903e-28	5.33762812531405e-25	2.251609979183857e-26	-3.1690365183558392e-27	-4.39530544513928e-24	-2.641348428810359e-27	-9.615505369893367e-25
7.330305906619229e21	34.55618956851959	2.0963906886985794e-24	2.3558141298049564e-28	5.3192823505630785e-25	2.2782818205060706e-26	-2.6775703071606716e-27	-4.059099540657655e-24	-2.6286823809398623e-27	-1.0338923348789591e-24
7.399576700580165e21	34.53930554073304	1.8607566002868877e-24	2.3368139377904017e-28	5.300357222844612e-25	2.3031524842595418e-26	-2.2668384440719977e-27	-3.745983148188907e-24	-2.6192904905817076e-27	-1.1101297570334266e-24
7.468847496781136e21	34.5224209985733	1.655831563352805e-24	2.3192065381311746e-28	5.2815334003694925e-25	2.3256594530695593e-26	-1.9319836718826388e-27	-3.4623860589481516e-24	-2.6134812252328987e-27	-1.1874717459108966e-24
7.538118294797583e21	34.50614867991209	1.4741965613042157e-24	2.30254351304985e-28	5.262302829951141e-25	2.3464721326716507e-26	-1.6518219924373927e-27	-3.1999224944076317e-24	-2.610647987062806e-27	-1.2668478223581067e-24
7.607389094290639e21	34.490031862437725	1.3108519889827755e-24	2.286477325101597e-28	5.2423140033213875e-25	2.366212614729267e-26	-1.412715094950145e-27	-2.9527707506516473e-24	-2.610394224526048e-27	-1.3490760782600407e-24
7.676659894914013e21	34.47391555839776	1.164261535485164e-24	2.270922662416651e-28	5.221767295786987e-25	2.3849128197317128e-26	-1.2082127358190063e-27	-2.7199277687253786e-24	-2.6124689543547833e-27	-1.4336434979164247e-24
7.74593069633434e21	34.4577982262373	1.034994232099309e-24	2.2560392264438025e-28	5.20071002973807e-25	2.4023094311831847e-26	-1.0357126901222449e-27	-2.5040827021497124e-24	-2.6165827069203166e-27	-1.5184448394737422e-24
7.815201498219287e21	34.44236324644089	9.220812418900662e-25	2.2418925998785783e-28	5.179696783965602e-25	2.4183326208550014e-26	-8.910994325322412e-28	-2.3059293763295413e-24	-2.6224056244138836e-27	-1.6018715384738388e-24
7.884472300251375e21	34.42656459128857	8.204419453382816e-25	2.228001673687938e-28	5.157906782380418e-25	2.433761396977897e-26	-7.656550738595501e-28	-2.11832291217038e-24	-2.6298006037178966e-27	-1.685916157033237e-24
7.953743102132655e21	34.41088234424591	7.291595237973893e-25	2.2143360784255942e-28	5.135461005738899e-25	2.448465975846844e-26	-6.569377116491259e-28	-1.941104182424818e-24	-2.6386542177407773e-27	-1.769839951237261e-24
8.02301390356325e21	34.39629943555594	6.476023637280981e-25	2.2009192179079998e-28	5.112477409330862e-25	2.4624806876140488e-26	-5.631496310165342e-28	-1.774708768195439e-24	-2.6488700741792444e-27	-1.852589191926335e-24
8.092284704242707e21	34.38096584534645	5.773214777591416e-25	2.188315329228844e-28	5.093650968290501e-25	2.4752774471395277e-26	-4.857313383093447e-28	-1.625296955685705e-24	-2.6608434475530207e-27	-1.930494267654222e-24
8.16155550390412e21	34.36613567060232	5.140291229300495e-25	2.1757664699048447e-28	5.070439096687046e-25	2.4875250666258924e-26	-4.178855919928882e-28	-1.483951025783921e-24	-2.6735042129203855e-27	-2.006396310106934e-24
8.230826302264054e21	34.35155276364088	4.571397670011682e-25	2.163369068476556e-28	5.047003737144259e-25	2.499293966037752e-26	-3.5903402633017265e-28	-1.3514332057610899e-24	-2.687643644636438e-27	-2.079835607598511e-24
8.300097099029106e21	34.33697164881975	4.060899177974818e-25	2.1511381127641274e-28	5.023222901770231e-25	2.5105318747536656e-26	-3.081545747969371e-28	-1.2277251110964457e-24	-2.7034335911026293e-27	-2.1502533981047682e-24
8.369367893900283e21	34.322390022039414	3.618298596910045e-25	2.139546201410363e-28	5.000006496284639e-25	2.5207082741127148e-26	-2.658853023468571e-28	-1.1168272842907684e-24	-2.7207473370138323e-27	-2.2146894956415656e-24
8.438638686591747e21	34.308397184848786	3.2237740939025357e-25	2.1283289900927197e-28	4.9773799643955295e-25	2.5301533353289815e-26	-2.299100979313551e-28	-1.0151693161626546e-24	-2.7403831215564366e-27	-2.2752103256298952e-24
8.507909476873856e21	34.294583791583776	2.8687662132428656e-25	2.117263695138552e-28	4.954259183205611e-25	2.53920072585549e-26	-1.9868691289885766e-28	-9.20703537845803e-25	-2.762098707432771e-27	-2.3318594737972748e-24
8.577180264444132e21	34.280768353819845	2.549971777762364e-25	2.1064650141960508e-28	4.931107220116043e-25	2.5476912639859178e-26	-1.718880269458848e-28	-8.337332876769858e-25	-2.7866951702166768e-27	-2.3846519860915185e-24
8.646451048994064e21	34.26695393884182	2.269860112203753e-25	2.0962267458047706e-28	4.9082202356742595e-25	2.5553463547155453e-26	-1.4949553499201476e-28	-7.558018558261398e-25	-2.8142108683251188e-27	-2.4323045098360386e-24
8.715721830260836e21	34.25379843819141	2.023676097336625e-25	2.0865835880357445e-28	4.886162963664762e-25	2.5621828072248362e-26	-1.3081855440830064e-28	-6.862328548841783e-25	-2.8449627472479158e-27	-2.4750688354774514e-24
8.784992608016329e21	34.240751490712164	1.8019530401677002e-25	2.07723445330084e-28	4.863491821043082e-25	2.5686028522976113e-26	-1.147256842617667e-28	-6.224486136058588e-25	-2.879605403853271e-27	-2.514182461806746e-24
8.854263381952687e21	34.22770505306125	1.6026845616418772e-25	2.0683077400596332e-28	4.841904236702143e-25	2.574444803227201e-26	-1.0103150023217313e-28	-5.645103805218007e-25	-2.91908487909762e-27	-2.5500721125661842e-24
8.923534151758025e21	34.214657595753664	1.4251973946145927e-25	2.059877762130393e-28	4.82093172846388e-25	2.5796622488907554e-26	-8.946153160484635e-29	-5.12384434624899e-25	-2.9635050697729854e-27	-2.5823741998330128e-24
8.992804917161697e21	34.20161064726115	1.2714748051233298e-25	2.0522538616320196e-28	4.801059094783996e-25	2.5840417602459634e-26	-8.003751220461799e-29	-4.67064594512609e-25	-3.0123043663213813e-27	-2.6103449660763663e-24
9.062075678003663e21	34.188563699781895	1.1328734931617415e-25	2.0450357946877183e-28	4.7816684473396025e-25	2.587949449341716e-26	-7.194553368139532e-29	-4.258575276816755e-25	-3.0671198663785877e-27	-2.635747923243885e-24
9.131346433995233e21	34.175779453635215	1.0081890263299634e-25	2.03825114939562e-28	4.76279808414732e-25	2.5913886588565753e-26	-6.501715712350012e-29	-3.8851165675608366e-25	-3.1285442895745996e-27	-2.658719934248523e-24
9.200617184860127e21	34.1635001013428	8.962615122519584e-26	2.031925189266456e-28	4.744762778190311e-25	2.594400854534644e-26	-5.910375017614652e-29	-3.5476798051523345e-25	-3.197205011809934e-27	-2.6794350265184002e-24
9.269887930338067e21	34.15122151184082	7.994831732533084e-26	2.026379983834592e-28	4.727812023894007e-25	2.5968077225616874e-26	-5.432406584792973e-29	-3.256171812886377e-25	-3.271507639308155e-27	-2.6971700265012495e-24
9.339158670372216e21	34.13894203186035	7.127697634690577e-26	2.0212998348518565e-28	4.711363062082212e-25	2.5988029393807565e-26	-5.025370849181196e-29	-2.993452501608499e-25	-3.3535715693629106e-27	-2.7130689675283164e-24
9.408429404776095e21	34.12699715915322	6.347000239074948e-26	2.0166443117951332e-28	4.695798636480288e-25	2.600434165329756e-26	-4.6767004623924915e-29	-2.75530486313713e-25	-3.444443974507491e-27	-2.727451213550775e-24
9.47770013336329e21	34.11538230872899	5.645375278817364e-26	2.0124150792681334e-28	4.681085781661627e-25	2.601761526952778e-26	-4.3790316692238965e-29	-2.5397282048568013e-25	-3.544855754902446e-27	-2.7404308542100638e-24
9.546970855977116e21	34.10310359096527	5.0308503188862646e-26	2.0087760302782307e-28	4.66719376940385e-25	2.602687440915884e-26	-4.136710854085492e-29	-2.350597201712776e-25	-3.653301739329845e-27	-2.7517164120519193e-24
9.616241572626186e21	34.09146010404825	4.4877600038117624e-26	2.0056425892443442e-28	4.654350355569481e-25	2.603152295466919e-26	-3.937841333813454e-29	-2.18284095031048e-25	-3.770700895204994e-27	-2.76166370581538e-24
9.685512283317154e21	34.079947075277566	3.998397127409736e-26	2.0028740563412086e-28	4.64212162409972e-25	2.603437032312531e-26	-3.7693466240207453e-29	-2.030257490987571e-25	-3.899501682762041e-27	-2.7706818085888817e-24
9.75478298799904e21	34.06860649882257	3.558348211687503e-26	2.000468245332467e-28	4.630671121135658e-25	2.60348300631424e-26	-3.628236339180047e-29	-1.8917360745117505e-25	-4.040602595282563e-27	-2.778847129925502e-24
9.824053686663312e21	34.057862461328504	3.167737876350438e-26	1.9984759312438976e-28	4.6200600631391535e-25	2.6032692641494577e-26	-3.515008697464243e-29	-1.767988598864788e-25	-4.193416792261409e-27	-2.7860978537194345e-24
9.893324379401723e21	34.04641205322743	2.827414980145884e-26	1.996961849909897e-28	4.610456753705235e-25	2.6028165164690215e-26	-3.4311097835799527e-29	-1.6601390674946586e-25	-4.3558012742500595e-27	-2.792350225353622e-24
9.962595066432616e21	34.03537438547612	2.5204735282507328e-26	1.9957380829666172e-28	4.601483230059158e-25	2.6020774921733707e-26	-3.364613044414685e-29	-1.5617742340772707e-25	-4.532865803820364e-27	-2.798032840157816e-24
1.0031865747852107e22	34.024628825545314	2.24423264407764e-26	1.9947968895315367e-28	4.593120234889946e-25	2.6012091584921026e-26	-3.314255220401121e-29	-1.4722791728580126e-25	-4.72571995651835e-27	-2.8031764853980744e-24
1.0101136423796922e22	34.013884755536914	1.9961120894592962e-26	1.9941303481131074e-28	4.585450637068177e-25	2.600202087805332e-26	-3.278993140791363e-29	-1.391073576179809e-25	-4.9355566680275664e-27	-2.8078233468873442e-24
1.017040709444148e22	34.00313973474503	1.782316251736631e-26	1.9938613098983485e-28	4.578550398363984e-25	2.5989392958714656e-26	-3.264844120336726e-29	-1.3215180869678152e-25	-5.15529475438415e-27	-2.811712096064587e-24
1.0239677760150142e22	33.992395189762114	1.5896695248409832e-26	1.993812522720373e-28	4.572237696247479e-25	2.597534803270974e-26	-3.262260758968637e-29	-1.2582503265897827e-25	-5.393516513648544e-27	-2.815221251386892e-24
1.0308948421134971e22	33.981961313009265	1.4161566875410982e-26	1.9939699644556635e-28	4.5665481276191645e-25	2.595997414326968e-26	-3.270485632830221e-29	-1.2007755429228335e-25	-5.6518888315774475e-27	-2.8183815050177396e-24
1.0378219077628823e22	33.97190685883909	1.2601845532509609e-26	1.9943185746495635e-28	4.561187584862883e-25	2.594377580977204e-26	-3.288796295326024e-29	-1.148719758482078e-25	-5.931848436569958e-27	-2.8211785265689405e-24
1.0447489729887876e22	33.961161553978926	1.12401275360869e-26	1.9949173035256284e-28	4.556384006909137e-25	2.5926452952417427e-26	-3.3204778103390855e-29	-1.1036582358807405e-25	-6.2271386558522214e-27	-2.8235252148315578e-24
1.0516760378257191e22	33.95103007978201	1.0030234925691871e-26	1.9956992042829196e-28	4.552216374304425e-25	2.590699178729895e-26	-3.3622960261276675e-29	-1.0637573291570312e-25	-6.542394204021163e-27	-2.825538601844817e-24
1.0586031023032495e22	33.94105300229788	8.939702370013431e-27	1.9966146433857665e-28	4.548341162736615e-25	2.5887446276339304e-26	-3.411864542296318e-29	-1.0277185176087477e-25	-6.883107674426251e-27	-2.827283542961821e-24
1.06553016644774e22	33.93107491314411	7.958727417976245e-27	1.9976554278342862e-28	4.544667359839575e-25	2.5867244608090217e-26	-3.469017490942288e-29	-9.953503575947827e-26	-7.251079989704333e-27	-2.8287744635498212e-24
1.0724572302862967e22	33.921098846554756	7.091089969061818e-27	1.9988356428952768e-28	4.541403893337066e-25	2.5846069668521957e-26	-3.5348880696707204e-29	-9.671531061815015e-26	-7.642370858917339e-27	-2.8299708966615212e-24
1.079384293848269e22	33.91180470991135	6.330993213147943e-27	2.0001535801824835e-28	4.538640004493123e-25	2.5823919746501922e-26	-3.60979358187479e-29	-9.431402639508483e-26	-8.053781953833171e-27	-2.8308820975260052e-24
1.0863113571630282e22	33.90214570173622	5.64536178221856e-27	2.001548435086468e-28	4.535981419730096e-25	2.580209728348236e-26	-3.690633507049809e-29	-9.217543383303969e-26	-8.49714111481368e-27	-2.831584520336628e-24
1.0932384202551122e22	33.89238498432935	5.028099761847226e-27	2.0030150061746443e-28	4.533738175829582e-25	2.5779223950545557e-26	-3.777400678014444e-29	-9.028809539885181e-26	-8.974639499271894e-27	-2.8320997206613512e-24
1.1001654831487505e22	33.88317587924004	4.474731619351661e-27	2.0045457481436714e-28	4.531535690725012e-25	2.5755693922142844e-26	-3.869925456558266e-29	-8.864468183904206e-26	-9.487425600707413e-27	-2.832410250223365e-24
1.107092545868001e22	33.87396626925469	3.996966656581196e-27	2.0061690753977505e-28	4.529710597861851e-25	2.5732177033588077e-26	-3.9702984333887597e-29	-8.733391158262906e-26	-1.0018287015614866e-26	-2.832473909591735e-24
1.1140196084370314e22	33.86475665926933	3.565584640883564e-27	2.0078299539640265e-28	4.5280348615669195e-25	2.5708301843195367e-26	-4.075416813178858e-29	-8.620374969912392e-26	-1.0589243018292914e-26	-2.8323848625956596e-24
1.1209466708767925e22	33.855834794521336	3.176956600129859e-27	2.0095188315612054e-28	4.5263331165158845e-25	2.5684128418818688e-26	-4.1848848931210306e-29	-8.524390269544863e-26	-1.1202858972147733e-26	-2.8321179423910367e-24
1.1278737332078595e22	33.8473375646323	2.8275623939558484e-27	2.0112353096622322e-28	4.524922335328466e-25	2.566004253481762e-26	-4.298858808227351e-29	-8.444839686894646e-26	-1.1861919555289269e-26	-2.831707217756341e-24
1.1320299705664706e22	33.84181167244911	2.6451544061550995e-27	2.0122959679779587e-28	4.52418235652724e-25	2.5641085202119622e-26	-4.3706879926162417e-29	-8.410634580229303e-26	-1.2259791350545574e-26	-2.831353960484855e-24
1.1389570327635108e22	33.83288421520591	2.356831037983207e-27	2.014052951213588e-28	4.522965364578105e-25	2.5621110581550856e-26	-4.492059221094171e-29	-8.358595479014913e-26	-1.2980426321811588e-26	-2.830683021015741e-24
1.1458840949007153e22	33.824391570020474	2.0976147471946447e-27	2.0158178777094683e-28	4.521868301127012e-25	2.5596383845174734e-26	-4.617032449496345e-29	-8.319390409548817e-26	-1.375366335615549e-26	-2.829865515741286e-24
1.1528111569960587e22	33.815182841777805	1.872314076897013e-27	2.0176036383066428e-28	4.520906997541637e-25	2.557197955883309e-26	-4.7466734814855936e-29	-8.29700375190113e-26	-1.4556609851123864e-26	-2.8288965803833575e-24
1.1597382190638112e22	33.80655879580975	1.6708936235572514e-27	2.0193909321517117e-28	4.520184278813115e-25	2.554648099042394e-26	-4.879706150411247e-29	-8.285909664549951e-26	-1.5410328025110597e-26	-2.8278057780022317e-24
1.1666652811198214e22	33.79811766037345	1.4892929554377394e-27	2.021166447937094e-28	4.519284929834551e-25	2.5521743364935022e-26	-5.0151835658500784e-29	-8.283856615110712e-26	-1.632579474354859e-26	-2.8265618363637428e-24
1.1735923431800398e22	33.78979450587928	1.325888750687397e-27	2.022935913167454e-28	4.518775839545654e-25	2.54971846669318e-26	-5.15355696310211e-29	-8.290793250740877e-26	-1.7307093405583336e-26	-2.825217993273663e-24
1.1805194052598493e22	33.78212033426762	1.1820356428268555e-27	2.024693981727213e-28	4.517938869625608e-25	2.5472758857212825e-26	-5.2944325270321e-29	-8.307586995172301e-26	-1.833738587099262e-26	-2.8237135541435262e-24
1.1874464673722486e22	33.773790225207804	1.0552295600076581e-27	2.026443724355912e-28	4.517410666068104e-25	2.5449164000003908e-26	-5.438086750145125e-29	-8.333442433729159e-26	-1.9417855587365776e-26	-2.8221066351475298e-24
1.1943735295281354e22	33.76576997756958	9.408398130068194e-28	2.0281720602380498e-28	4.5168844955027405e-25	2.5424732786027714e-26	-5.583407851658735e-29	-8.365545289724886e-26	-2.0575205208430217e-26	-2.8203716899934597e-24
1.2013005917433255e22	33.75790543667972	8.378592035622759e-28	2.0298759365400997e-28	4.516270139118266e-25	2.5400802284384e-26	-5.730072968945859e-29	-8.403486563143286e-26	-2.181436533156322e-26	-2.8184971365718142e-24
1.2082276540311461e22	33.74946379709244	7.460038380354458e-28	2.0315588018625084e-28	4.515836581156993e-25	2.537714087126879e-26	-5.878317164472898e-29	-8.447513628379948e-26	-2.3130507640543816e-26	-2.8165070409818844e-24
1.2151547164046154e22	33.741746958732605	6.661893188981902e-28	2.0332237030130398e-28	4.515449436043243e-25	2.5352731309584252e-26	-6.028367300345223e-29	-8.498309581427225e-26	-2.449129337489641e-26	-2.8144167768353745e-24
1.2220817788702093e22	33.73407328894734	5.941388607875853e-28	2.034859738234757e-28	4.515155694363508e-25	2.5329433688595315e-26	-6.179147822718031e-29	-8.553335330061859e-26	-2.594725341069447e-26	-2.812198969030311e-24
1.2290088414423013e22	33.72639760816097	5.292258536571407e-28	2.0364656302383996e-28	4.514900065953023e-25	2.5306336071086768e-26	-6.330417454802168e-29	-8.612343851725318e-26	-2.7504435038324225e-26	-2.809847360216317e-24
1.2359359041332364e22	33.718723498264325	4.7084751513224215e-28	2.0380389995565237e-28	4.514607630441129e-25	2.5283400630246008e-26	-6.481817265800176e-29	-8.675022244680323e-26	-2.916924233267192e-26	-2.807348719681802e-24
1.2428629669580858e22	33.71104825758934	4.203051485105019e-28	2.0395892276410653e-28	4.514419718797104e-25	2.526056198949873e-26	-6.63416025580977e-29	-8.74224561127008e-26	-3.0882689110600634e-26	-2.80477051191461e-24
1.2497900299222946e22	33.7039362243414	3.749154696007342e-28	2.041107512259455e-28	4.51270153607417e-25	2.5237871046055775e-26	-6.786701987885118e-29	-8.812596575839966e-26	-3.2705521847113055e-26	-2.80207597702706e-24
1.2567170930365084e22	33.69669890761376	3.340042923817206e-28	2.04258816858392e-28	4.512484859902402e-25	2.5216190223437918e-26	-6.938197831813812e-29	-8.885330025752855e-26	-3.46500184377325e-26	-2.799206974986841e-24
1.2636441563133515e22	33.689122562192374	2.9720113476070968e-28	2.0440320925611398e-28	4.5122849502735815e-25	2.519455737175301e-26	-7.088810845148053e-29	-8.960461760348652e-26	-3.6724412724247563e-26	-2.7961790859898993e-24
1.2705712197659141e22	33.68221460133791	2.649287000561297e-28	2.045444531295508e-28	4.512088721595622e-25	2.517264138594499e-26	-7.238949373624625e-29	-9.038109253972568e-26	-3.888173179108542e-26	-2.793042797027357e-24
1.2774982834002034e22	33.6753073938489	2.363464150428113e-28	2.046823022226212e-28	4.511930681415086e-25	2.515184721935031e-26	-7.388183184449498e-29	-9.117777492792441e-26	-4.1140731637295655e-26	-2.7897830590116444e-24
1.2844253472241073e22	33.66839918258786	2.1056937180039803e-28	2.048163095521426e-28	4.511762032099848e-25	2.5131302287776874e-26	-7.535845040519422e-29	-9.199080333744306e-26	-4.3546648451714797e-26	-2.7863583064296023e-24
1.2913524112498883e22	33.66149197536706	1.873703940067296e-28	2.049464229326614e-28	4.511634476943301e-25	2.5111014560723403e-26	-7.681672076532753e-29	-9.281870656527469e-26	-4.610631319155307e-26	-2.7827625313264498e-24
1.2982794754897415e22	33.654585770845415	1.6677074761456277e-28	2.0507263713325625e-28	4.51145616127405e-25	2.5090990801503766e-26	-7.825495584220059e-29	-9.365867788494601e-26	-4.879378482914451e-26	-2.7790090651208074e-24
1.3052065399519494e22	33.6476785633564	1.4878256413415919e-28	2.0519567573393945e-28	4.511313257112409e-25	2.5071176433679377e-26	-7.967972558020361e-29	-9.450969578163302e-26	-5.156266612927657e-26	-2.775166990505676e-24
1.312133604639257e22	33.64124220767617	1.3255191024196159e-28	2.0531457226856596e-28	4.51117539581149e-25	2.505165409306056e-26	-8.107772333438319e-29	-9.536883310951127e-26	-5.450161190470172e-26	-2.7711375603727144e-24
1.3190606695631285e22	33.634863646745686	1.17938615375988e-28	2.0542926051143874e-28	4.511019698311678e-25	2.5033083041286595e-26	-8.244613643770339e-29	-9.623458985099153e-26	-5.761682563354355e-26	-2.766914539132764e-24
1.3259877347346914e22	33.627961646480486	1.048079679200986e-28	2.05539701116799e-28	4.510863860463603e-25	2.5014904540217963e-26	-8.378236465185935e-29	-9.710545285735738e-26	-6.091412586887081e-26	-2.7624933163749746e-24
1.3329148001645828e22	33.62182198476791	9.348365421403746e-29	2.056473874998482e-28	4.510779415203621e-25	2.499619505905937e-26	-8.510352510810193e-29	-9.797836782513462e-26	-6.425833881505057e-26	-2.758036443569965e-24
1.3398418658499729e22	33.61514252483845	8.327101582918923e-29	2.0575040043973494e-28	4.510603704277814e-25	2.4978892811216362e-26	-8.638360979270371e-29	-9.885015906701686e-26	-6.778921447026357e-26	-2.7533557628410405e-24
1.3467689318009138e22	33.608542504310606	7.407313814184173e-29	2.058491014894244e-28	4.510369688376058e-25	2.4961179082149744e-26	-8.762494479569996e-29	-9.972177174193201e-26	-7.151444683838856e-26	-2.7484702622971448e-24
1.3536959980270105e22	33.60240301462263	6.5806528454453e-29	2.059434791220666e-28	4.510194700164313e-25	2.494391165443178e-26	-8.88254523830261e-29	-1.0059168972814973e-25	-7.543745787970825e-26	-2.74337916828143e-24
1.3606230645374162e22	33.59626302433014	5.858867842797764e-29	2.0603457677501487e-28	4.509988450647067e-25	2.492752929585811e-26	-8.999741514043094e-29	-1.0145549227659458e-25	-7.944522390541399e-26	-2.7382058695610747e-24
1.3675501313309773e22	33.59073287338018	5.217020046869657e-29	2.061217588615545e-28	4.509785150293929e-25	2.491145596430738e-26	-9.113066156039853e-29	-1.0231244179287181e-25	-8.359990560045617e-26	-2.7328794659815683e-24
1.3744771984115515e22	33.58498354387283	4.638848580369465e-29	2.062045298195479e-28	4.509565265164324e-25	2.489658105539256e-26	-9.221671319763011e-29	-1.0316229161464732e-25	-8.795774716705944e-26	-2.7273415238490147e-24
1.3814042657869259e22	33.57884430414438	4.1190530479602405e-29	2.0628927263039827e-28	4.511396103410657e-25	2.48812387304451e-26	-9.333479463900906e-29	-1.0404055468886866e-25	-9.252636058667625e-26	-2.7219629306789006e-24
1.3883313334597108e22	33.57270406341553	3.6596926782975527e-29	2.063639102203735e-28	4.511143738575516e-25	2.486618542568553e-26	-9.433162454911928e-29	-1.0486973477405817e-25	-9.721666942263915e-26	-2.7160836772793527e-24
1.3952584014351754e22	33.56724378299713	3.257015245885698e-29	2.06435368443071e-28	4.51091251867776e-25	2.4851388285611465e-26	-9.529384203857716e-29	-1.0568478990826672e-25	-1.0198363055331778e-25	-2.7101340912032194e-24
1.4021854697102143e22	33.561424583435056	2.8941642124603494e-29	2.065027039114794e-28	4.5107123481328865e-25	2.4837876525158622e-26	-9.620640150255656e-29	-1.0648795693663178e-25	-1.0695181820763597e-25	-2.7039927219309242e-24
1.4063417108624923e22	33.557740739345554	2.690576275866577e-29	2.065402534437541e-28	4.5105515924263465e-25	2.4826497686342453e-26	-9.671706258868349e-29	-1.069622576526473e-25	-1.1008453915829239e-25	-2.7001350552108026e-24
1.4132687796321791e22	33.5522758744359	2.392627081178174e-29	2.0660188033315246e-28	4.510254453045734e-25	2.481592126097034e-26	-9.756046772986282e-29	-1.0773822680120457e-25	-1.1523081921710093e-25	-2.693813341393963e-24
1.4201958487054126e22	33.54690260186791	2.1242530338409856e-29	2.066592720990432e-28	4.509932644598079e-25	2.4803244102849428e-26	-9.834941616959027e-29	-1.0849736936047239e-25	-1.2056849658830993e-25	-2.6872978990467996e-24
1.4271229180862112e22	33.541531329035756	1.8830544898203723e-29	2.067123134003087e-28	4.509523904220673e-25	2.4791068897368095e-26	-9.908097268532372e-29	-1.0923701405022108e-25	-1.260903819958967e-25	-2.6805852700074125e-24
1.434049987777656e22	33.5361590565443	1.6675849954684227e-29	2.0676178242422217e-28	4.509145830947387e-25	2.4779205288238147e-26	-9.976511871066714e-29	-1.0995850259893284e-25	-1.3176482718094026e-25	-2.6737378424873814e-24
1.4409770577804434e22	33.53078678405285	1.4812706867349525e-29	2.068093064188244e-28	4.508755807278902e-25	2.476750259374465e-26	-1.0042570316365089e-28	-1.1065777829310822e-25	-1.3738909971114467e-25	-2.6669507942228956e-24
1.4479041280833581e22	33.52541451114416	1.313486170232451e-29	2.068530705851176e-28	4.5083895193953205e-25	2.4756128848462026e-26	-1.010345438190937e-28	-1.1133698326222857e-25	-1.4317676798618736e-25	-2.660009375559334e-24
1.4548311986879402e22	33.52004223865271	1.1627209508850098e-29	2.0689314455737923e-28	4.507997498833776e-25	2.474507879243282e-26	-1.0159195597686997e-28	-1.1199486892648296e-25	-1.4911706133701094e-25	-2.6529227594193616e-24
1.4617582695948562e22	33.51471773800626	1.0275208583857916e-29	2.0692962005576597e-28	4.50759243282776e-25	2.4734346095763997e-26	-1.0209849951582386e-28	-1.1263031307306534e-25	-1.5519814153189745e-25	-2.6457011643044318e-24
1.4686853408039213e22	33.510112308502194	9.1027219945252e-30	2.069647670687849e-28	4.507193401888256e-25	2.4723793133980028e-26	-1.0258793396698846e-28	-1.1324402359546774e-25	-1.6119976152153566e-25	-2.638580726346874e-24
1.47561241230343e22	33.50492542076111	8.057327340292823e-30	2.069971754512698e-28	4.506778414573645e-25	2.4714478470392473e-26	-1.0303848624932625e-28	-1.1383587156875862e-25	-1.6727017534287994e-25	-2.6314057317707487e-24
1.4825394840899015e22	33.49990269851685	7.11815749782489e-30	2.0702636280540064e-28	4.506357524318042e-25	2.4704645047755384e-26	-1.0344227294541687e-28	-1.1440465102640348e-25	-1.7345086876791036e-25	-2.6241264860013305e-24
1.4894665561619825e22	33.495298891603944	6.276201891661843e-30	2.070525842409633e-28	4.505917786801825e-25	2.4695303894769074e-26	-1.0380269521382957e-28	-1.149506826930262e-25	-1.7972743558555343e-25	-2.616763574555316e-24
1.4963936285175591e22	33.49069308817387	5.538257762498249e-30	2.0707745611599557e-28	4.505481291179068e-25	2.4686662416255817e-26	-1.041441849627592e-28	-1.1547587615795307e-25	-1.8594430914619274e-25	-2.6094804761383662e-24
1.5033207011473497e22	33.48608828318119	4.889606911684058e-30	2.0710103881554897e-28	4.505047484703954e-25	2.467813212602606e-26	-1.0446748014439078e-28	-1.1598094877893056e-25	-1.9210002717187083e-25	-2.602277790344218e-24
1.5102477740425429e22	33.48148248010874	4.307176958443231e-30	2.071221011049267e-28	4.504600271292416e-25	2.4669829724568006e-26	-1.0475335628403997e-28	-1.1646434314130785e-25	-1.9831855568136765e-25	-2.595025046013068e-24
1.5171748472002678e22	33.47687767529487	3.7855486033835356e-30	2.0714083821359812e-28	4.504146837643393e-25	2.4661735450078554e-26	-1.0500453623357161e-28	-1.1692623436356586e-25	-2.0458166294489342e-25	-2.5877398091819255e-24
1.5241019206169453e22	33.47227386784554	3.3232503473566105e-30	2.0715963925650303e-28	4.503134686191002e-25	2.4653624475135979e-26	-1.0525887856528545e-28	-1.1738012527510373e-25	-2.1082636045808527e-25	-2.5805941774750842e-24
1.5310289942863856e22	33.46766906285286	2.923014672546925e-30	2.071771903841799e-28	4.502692079494832e-25	2.464563682877075e-26	-1.05493927701568e-28	-1.1780771323264148e-25	-2.1686670102637447e-25	-2.5735751522918007e-24
1.5379560681952544e22	33.46306525504589	2.56409583144381e-30	2.0719286668996144e-28	4.5022436831159315e-25	2.4637817281390364e-26	-1.0570080959517296e-28	-1.18216100354414e-25	-2.2292153420487763e-25	-2.566554824533682e-24
1.544883142339645e22	33.45871720775962	2.2430700243943208e-30	2.072068945434889e-28	4.501787854693879e-25	2.463014826001954e-26	-1.0588289621215426e-28	-1.1860611021654054e-25	-2.2897399077193773e-25	-2.5595515547216786e-24
1.5518102167151192e22	33.45485464751721	1.9566517030838354e-30	2.072194659212779e-28	4.501332762790813e-25	2.4622966105509484e-26	-1.0604304416403588e-28	-1.1897844262002976e-25	-2.3500754094825674e-25	-2.552581275489606e-24
1.5587372913167744e22	33.45024984252453	1.7103634280020563e-30	2.0723324272844836e-28	4.500894099123991e-25	2.4616345697142896e-26	-1.0622282401224343e-28	-1.193415074065946e-25	-2.4078199058579557e-25	-2.545897752149297e-24
1.5656643661309344e22	33.44620419764519	1.4909319413290003e-30	2.0724598493204857e-28	4.500460050201668e-25	2.460878911108171e-26	-1.0638718549962011e-28	-1.1968937842868887e-25	-2.4650394723600743e-25	-2.5392798166809154e-24
1.5725914411521806e22	33.442366860151296	1.2950170383227708e-30	2.0725765730564137e-28	4.500016239870194e-25	2.460210520980314e-26	-1.0653550430086622e-28	-1.2002263482262375e-25	-2.521871305958719e-25	-2.532717688838442e-24
1.5795185163758037e22	33.4385297717601	1.1205624275993362e-30	2.072683859897006e-28	4.49957444825375e-25	2.459579605891409e-26	-1.0666967847293275e-28	-1.20341831345674e-25	-2.578180055513166e-25	-2.526221976636163e-24
1.5864455917968049e22	33.4346921851635	9.691659928172809e-31	2.0727992477587576e-28	4.499142893944695e-25	2.4589411763527907e-26	-1.068172444763124e-28	-1.2065355144022567e-25	-2.6324175870003522e-25	-2.5199559207424656e-24
1.5933726674049927e22	33.43085484737158	8.364257583930572e-31	2.072916852143381e-28	4.4987217282777575e-25	2.4583005383159675e-26	-1.0696896616211716e-28	-1.2095646847071987e-25	-2.6851351401507135e-25	-2.5138596564329518e-24
1.6002997431925043e22	33.42701750987768	7.182362092798342e-31	2.0730272074369048e-28	4.4983020171237345e-25	2.4576665062455783e-26	-1.0710992423297087e-28	-1.2124771486799127e-25	-2.7372226485555013e-25	-2.5078395658380552e-24
1.6072268191547729e22	33.42318067036569	6.133296572522749e-31	2.0731319342883547e-28	4.497882456928564e-25	2.4570375616061056e-26	-1.072426303886965e-28	-1.2152829063327915e-25	-2.7885732797862964e-25	-2.5019074841764366e-24
1.614153895287022e22	33.419342834591866	5.214979788879357e-31	2.073271230012456e-28	4.49873230169943e-25	2.4563789998268014e-26	-1.0742542280416555e-28	-1.2182270965473435e-25	-2.838539970225819e-25	-2.496310544515478e-24
1.621080971581285e22	33.41550549709797	4.424514283988247e-31	2.073358594969033e-28	4.497948900103668e-25	2.4557651073976305e-26	-1.0753447276661415e-28	-1.2207095154241412e-25	-2.885949788202891e-25	-2.490614092362693e-24
1.6280080480290558e22	33.41213452768326	3.7229861489213805e-31	2.0734744593373725e-28	4.497599090839533e-25	2.455125684460874e-26	-1.0768647996918208e-28	-1.223333531371886e-25	-2.9328073413179685e-25	-2.4851876670900288e-24
1.6349351246262998e22	33.408831817656754	3.1030139953227976e-31	2.0735847155023226e-28	4.497218737560765e-25	2.4545560263604246e-26	-1.0783040076067537e-28	-1.2258631564064568e-25	-2.9788581050755727e-25	-2.479844623972364e-24
1.6418622013687948e22	33.40499416920089	2.5574983517230808e-31	2.0736553400890465e-28	4.496426392386768e-25	2.4540316372632353e-26	-1.0791483902652417e-28	-1.2280618811015078e-25	-3.023851598939762e-25	-2.474398664422584e-24
1.6487892782530809e22	33.40192491745949	2.095224086457609e-31	2.073860307835148e-28	4.495550942614448e-25	2.4533084876407765e-26	-1.0820869792586186e-28	-1.231108968601222e-25	-3.0668486326984365e-25	-2.4698933688913524e-24
1.6557163552679209e22	33.39831880933047	1.6887155820324972e-31	2.0739698827111725e-28	4.495161967713986e-25	2.4527809950500084e-26	-1.0835414445003708e-28	-1.233419714893065e-25	-3.108410301522771e-25	-2.4649655293263872e-24
1.6626434324102493e22	33.39478418207169	1.3318980519225151e-31	2.074079816643073e-28	4.494778093179317e-25	2.452178544835105e-26	-1.085006064881095e-28	-1.2356899305744133e-25	-3.1492314727289482e-25	-2.460146732552194e-24
1.66957050967646e22	33.39171505847574	1.0200523353914847e-31	2.0741896573500233e-28	4.49439764244785e-25	2.451586019272563e-26	-1.0864740842139697e-28	-1.237917479786107e-25	-3.189281041044719e-25	-2.4554343391688576e-24
1.6764975870627268e22	33.3886454372406	7.556160928416605e-32	2.074312183968396e-28	4.494032703791696e-25	2.451046290015104e-26	-1.088150318214583e-28	-1.240159263729053e-25	-3.227342700526818e-25	-2.450948582445802e-24
1.683424664562213e22	33.38557556724548	5.279412692254171e-32	2.0744347060695087e-28	4.49372623905701e-25	2.450506368323887e-26	-1.0898346166522405e-28	-1.2423514081839445e-25	-3.264188369131287e-25	-2.446584973622008e-24
1.6903517421703342e22	33.38250669205189	3.301898181884338e-32	2.0745692415082046e-28	4.493330398626651e-25	2.4499552476760456e-26	-1.0917098079155222e-28	-1.2445994530192194e-25	-3.3005199049820626e-25	-2.4423831456693047e-24
1.6972788198842049e22	33.379435827016835	1.5969540900583276e-32	2.074678961634312e-28	4.492959027396717e-25	2.4494271286556905e-26	-1.0932044616688937e-28	-1.246636929674526e-25	-3.336016190491219e-25	-2.438143796202354e-24
1.7042058977008708e22	33.37636595702171	1.557140104708282e-33	2.074803064861934e-28	4.4926092826890185e-25	2.448885305299927e-26	-1.094931387158985e-28	-1.2487317184300686e-25	-3.370321220849611e-25	-2.434105022401694e-24
1.7111329756156527e22	33.37329608678817	-1.0489888556275293e-32	2.074935081010788e-28	4.492266992251342e-25	2.448336156171874e-26	-1.0967918825151641e-28	-1.2508323722395864e-25	-3.4031519100262515e-25	-2.430239808801466e-24
1.7180600536232075e22	33.37066966259479	-2.07504075752192e-32	2.0750604665157197e-28	4.491925310062676e-25	2.4477930737161323e-26	-1.098553299914305e-28	-1.252863766054032e-25	-3.4354835494995504e-25	-2.4264256144692642e-24
1.7249871317218357e22	33.368156346797946	-2.943697510204744e-32	2.0752441147401314e-28	4.49267304951992e-25	2.4472590879419142e-26	-1.1012035822823927e-28	-1.2552882060221866e-25	-3.467739506914351e-25	-2.423008477247075e-24
1.7319142099080173e22	33.36508647680283	-3.660407846683953e-32	2.0753046908530727e-28	4.4912995043402035e-25	2.4468516332465495e-26	-1.101988401627102e-28	-1.256815959949713e-25	-3.4986096847002704e-25	-2.4190258980303545e-24
1.7388412881809512e22	33.362762454926965	-4.236469187374147e-32	2.0754626140709794e-28	4.491665813051003e-25	2.4462790596479256e-26	-1.1042642209884267e-28	-1.2589816067393228e-25	-3.528345954451548e-25	-2.4156985230304803e-24
1.745768366534283e22	33.35994673657417	-4.7062360772546824e-32	2.0755652101724375e-28	4.491281150418467e-25	2.4458605096064643e-26	-1.1056914983084e-28	-1.2607365356360634e-25	-3.557426823402511e-25	-2.4121520173437203e-24
1.7526954449673648e22	33.35715764993429	-5.085041403507475e-32	2.0757069721882395e-28	4.490979422376323e-25	2.4453370244627548e-26	-1.1077400986740673e-28	-1.262768184180808e-25	-3.5866000578432377e-25	-2.4088921531511067e-24
1.7596225234780954e22	33.35485425329208	-5.380150396333998e-32	2.075809186931561e-28	4.490638247652275e-25	2.444854007353962e-26	-1.1091690232887553e-28	-1.264497602359741e-25	-3.6151898842550547e-25	-2.4054949474287342e-24
1.7665496020648366e22	33.3525528447628	-5.597203165886276e-32	2.075914528887271e-28	4.490902206568107e-25	2.444436588804776e-26	-1.110637549495883e-28	-1.2662014730535075e-25	-3.6423816906024488e-25	-2.40223055020363e-24
1.7734766807234753e22	33.35025044226646	-5.754333249795196e-32	2.07603584542121e-28	4.4899583058096835e-25	2.4440023561335205e-26	-1.1123985013543481e-28	-1.2680262504285214e-25	-3.6695026179216855e-25	-2.399134934132606e-24
1.7804037594522686e22	33.347949033558365	-5.859254640306699e-32	2.076136346195206e-28	4.489599525190166e-25	2.4435883308394824e-26	-1.113816285972727e-28	-1.2696831555779572e-25	-3.696277321269737e-25	-2.395993938274536e-24
1.787330838249972e22	33.34564489182085	-5.919068285960824e-32	2.0762333955228774e-28	4.489266188041479e-25	2.443177664505216e-26	-1.1151808720033152e-28	-1.2713079184000188e-25	-3.7229375201990325e-25	-2.3929013978791534e-24
1.7942579171154014e22	33.343343234598635	-5.939839446130051e-32	2.07632821532068e-28	4.488970065936028e-25	2.4427687077000187e-26	-1.1165144677922593e-28	-1.2728929564538077e-25	-3.7488536654182002e-25	-2.3898887488710075e-24
1.8011849960460594e22	33.3410408321023	-5.928499245142247e-32	2.0764087958544344e-28	4.488604697653615e-25	2.4423732474983735e-26	-1.1176288106123623e-28	-1.274351961800334e-25	-3.7739788938793464e-25	-2.3868901718189726e-24
1.8081120750395552e22	33.33873743590713	-5.890622466073647e-32	2.0764924799176975e-28	4.488330415437608e-25	2.4419747758525847e-26	-1.1187933291530923e-28	-1.2758302231847733e-25	-3.7991557624140247e-25	-2.383970101299833e-24
1.8150391540950151e22	33.33662352122367	-5.828031005890338e-32	2.0764871627419057e-28	4.486139081518161e-25	2.4416561907053078e-26	-1.118597791798655e-28	-1.27666767065123e-25	-3.82374284931951e-25	-2.3806465222409807e-24
1.8219662332117398e22	33.335089082956316	-5.750733785378318e-32	2.0766249085238e-28	4.48765729425356e-25	2.4412365727883264e-26	-1.1205702741713095e-28	-1.278507844200508e-25	-3.8489880210090893e-25	-2.3781390188812067e-24
1.8288933123887515e22	33.332831221938136	-5.659984091134824e-32	2.076693724460359e-28	4.487335984612653e-25	2.4409587292549534e-26	-1.1215078814144672e-28	-1.279828377699245e-25	-3.8727438950453607e-25	-2.37537769640807e-24
1.8358203916230484e22	33.3310202062726	-5.557680435047519e-32	2.076753603380195e-28	4.487065925523506e-25	2.4405886318563944e-26	-1.1223047927549582e-28	-1.2810766446698733e-25	-3.8963792235555613e-25	-2.3726326175612568e-24
1.8427474709125611e22	33.329226416766645	-5.445113321219079e-32	2.076725885914852e-28	4.484872124996666e-25	2.4403594778823805e-26	-1.121761309176382e-28	-1.281687737428425e-25	-3.9192747232511775e-25	-2.3694986100434564e-24
1.8496745502573087e22	33.32694971528277	-5.328163689693119e-32	2.0767693203502247e-28	4.484519317524959e-25	2.4400694184236292e-26	-1.1222973160477594e-28	-1.282791495658913e-25	-3.9423833065378923e-25	-2.366804136749242e-24
1.8566016296553038e22	33.325414407849316	-5.213745745490726e-32	2.0768219600686556e-28	4.484197911721526e-25	2.4397034434995279e-26	-1.122991824410679e-28	-1.28391458412868e-25	-3.963840046268054e-25	-2.3642899258038866e-24
1.8635287091033328e22	33.32331920909882	-5.102202577381616e-32	2.076881707353407e-28	4.483890289394781e-25	2.4394338508802333e-26	-1.123807894540529e-28	-1.2850509514926014e-25	-3.984028653565322e-25	-2.3619281181046127e-24
1.8704557885972726e22	33.321672268867495	-4.962994587442515e-32	2.076874190672207e-28	4.483521958107888e-25	2.439149618341667e-26	-1.123520870800584e-28	-1.2858227719341943e-25	-4.009297635981591e-25	-2.3590433097974868e-24
1.8773828681468731e22	33.3208646196532	-4.7900651391687755e-32	2.0767851822390985e-28	4.483070134350047e-25	2.4390043075112287e-26	-1.1218975574159096e-28	-1.286156144441519e-25	-4.040890916220494e-25	-2.355505123935701e-24
1.8843099477639634e22	33.31978182727843	-4.7294620605883016e-32	2.0769409486732757e-28	4.482958792810739e-25	2.4387455896705024e-26	-1.1243096664490503e-28	-1.287694405581448e-25	-4.0501697282138056e-25	-2.3543062689372517e-24
1.8912370274035504e22	33.31869905041158	-4.665673025083455e-32	2.0770791069953367e-28	4.482814200214149e-25	2.4384651632222553e-26	-1.126439775498172e-28	-1.2891164322282318e-25	-4.0601336886765236e-25	-2.3530414805026926e-24
1.8981641070667807e22	33.317614535585044	-4.598503737172816e-32	2.077195945108586e-28	4.48264384613338e-25	2.4382046949922943e-26	-1.128228452412958e-28	-1.2903962608800708e-25	-4.070800839942315e-25	-2.3516894747636275e-24
1.9050911867548715e22	33.3165315105915	-4.527868229391757e-32	2.0772966464125733e-28	4.48243024909963e-25	2.4379591847406367e-26	-1.1297555430637832e-28	-1.291573365278288e-25	-4.0822947741916403e-25	-2.3502737128188624e-24
1.9120182664691263e22	33.31544699576497	-4.453535171132643e-32	2.077377079036473e-28	4.48222088610337e-25	2.4377328270013855e-26	-1.1309560471334413e-28	-1.292619454751181e-25	-4.094643973937013e-25	-2.348770554045218e-24
1.918945346210946e22	33.3143644670248	-4.3753406578083376e-32	2.0774398205882045e-28	4.481999989074749e-25	2.4375228983376192e-26	-1.1318683542136909e-28	-1.2935549622739526e-25	-4.107967628054533e-25	-2.347188923326305e-24
1.92587242598188e22	33.31328094577789	-4.29301762730801e-32	2.0774814065716267e-28	4.48178284002411e-25	2.4373331913850463e-26	-1.1324349874778655e-28	-1.2943557341566885e-25	-4.12233230118149e-25	-2.345506245128424e-24
1.932799505783623e22	33.31219643095135	-4.2063005043907397e-32	2.0775003899029845e-28	4.481544091584743e-25	2.4371646244561397e-26	-1.1326322932197846e-28	-1.2950137578957932e-25	-4.137850676482623e-25	-2.343709896439711e-24
1.939726585618038e22	33.31111390221119	-4.1148985558115154e-32	2.077495874916093e-28	4.481287340522096e-25	2.437018060447322e-26	-1.13244476993242e-28	-1.295525249553164e-25	-4.154659986205892e-25	-2.3417891584737256e-24
1.946653665487162e22	33.31003038096428	-4.018472330531244e-32	2.077466119143889e-28	4.481010280603147e-25	2.4368955599370757e-26	-1.1318436687474435e-28	-1.295880735596501e-25	-4.172918151084075e-25	-2.33972780574629e-24
1.9508099134310727e22	33.30938026714325	-3.9580398040670113e-32	2.07743481784069e-28	4.480831991269197e-25	2.4367743666387495e-26	-1.1312628851286903e-28	-1.2960109297953929e-25	-4.184639843346691e-25	-2.3384130041313793e-24
1.9577369933606547e22	33.308296745896335	-3.852739726256775e-32	2.0773600298308993e-28	4.480512262610608e-25	2.4367544333613998e-26	-1.1299246538058385e-28	-1.2960914206208454e-25	-4.205627794556113e-25	-2.3360840535622072e-24
1.9646640733315515e22	33.30721322464943	-3.741260756221235e-32	2.077252536155456e-28	4.4801808605970115e-25	2.436705051265022e-26	-1.1280518705103488e-28	-1.2959730174971918e-25	-4.228641234430187e-25	-2.3335492711626878e-24
1.9715911533469452e22	33.306129702329635	-3.623063304643289e-32	2.077112331412264e-28	4.479852871580024e-25	2.436686390497913e-26	-1.1256465947942416e-28	-1.295663926131199e-25	-4.2540446165867625e-25	-2.330794849187879e-24
1.978518233410483e22	33.30504618108272	-3.497403474081073e-32	2.0769293861900974e-28	4.479406229796123e-25	2.4367078940513477e-26	-1.1225486652728819e-28	-1.2950977690077252e-25	-4.282211042823453e-25	-2.327749315868736e-24
1.9854453135264052e22	33.30396265983581	-3.3635149546585097e-32	2.0767036902363357e-28	4.478967582799185e-25	2.436769629446991e-26	-1.1187581727841984e-28	-1.2942856234013316e-25	-4.31372132366686e-25	-2.3243894902833675e-24
1.9923723936997887e22	33.302952066063874	-3.229401442128828e-32	2.0764448007659278e-28	4.478440709010118e-25	2.4368624406237668e-26	-1.114444144431539e-28	-1.2932532879480353e-25	-4.346776681433183e-25	-2.3208424341252874e-24
1.999299473932469e22	33.302532728433604	-3.162094285517436e-32	2.0763682512083425e-28	4.478218944988304e-25	2.4367939480763493e-26	-1.1131243010898292e-28	-1.2931546796448843e-25	-4.363315589588941e-25	-2.3190427886028402e-24
2.0062265541953596e22	33.302111405789844	-3.092401540259314e-32	2.076266831497012e-28	4.477985111574038e-25	2.4368308792068023e-26	-1.1114083898276017e-28	-1.2928943720485332e-25	-4.381045421636372e-25	-2.3171168354817216e-24
2.0131536344901287e22	33.30169057935476	-3.0201811795187196e-32	2.076139601052168e-28	4.477708633285902e-25	2.4368918240462797e-26	-1.1092791278379722e-28	-1.2924664323643187e-25	-4.40010451588179e-25	-2.3150526795149795e-24
2.020080714818669e22	33.30126975291967	-2.945307213381881e-32	2.075989477017992e-28	4.477395810586615e-25	2.4369742504421672e-26	-1.1067857437982281e-28	-1.2918968187045752e-25	-4.420695441046007e-25	-2.312859528544225e-24
2.02700779518306e22	33.3008489266634	-2.86757037209503e-32	2.0758115037376047e-28	4.477059123729752e-25	2.4370827355745586e-26	-1.1038510909503911e-28	-1.2911516975212104e-25	-4.442958888980296e-25	-2.3105041991822434e-24
2.033934875585627e22	33.30042810022831	-2.786750163809058e-32	2.0756019878081703e-28	4.4767073316162715e-25	2.437220719735028e-26	-1.1004189279156346e-28	-1.290207508105164e-25	-4.467089586443325e-25	-2.3079585913649215e-24
2.0408619560289446e22	33.30000727379322	-2.702596255277332e-32	2.0753568517976373e-28	4.476248602996262e-25	2.437391928188357e-26	-1.0964289148623102e-28	-1.2890391621116451e-25	-4.493344116864589e-25	-2.3051902943949738e-24
2.047789036515963e22	33.299678762614725	-2.667728155275073e-32	2.075278455155738e-28	4.476064885239555e-25	2.437406968262265e-26	-1.0951370837472032e-28	-1.2887367355105483e-25	-4.504209922026424e-25	-2.3040301258288118e-24
2.0547161170213605e22	33.299351875066755	-2.633114971178411e-32	2.0751878778211834e-28	4.475904234656652e-25	2.4374461418287117e-26	-1.0936577834796909e-28	-1.2883439241443611e-25	-4.515316598960193e-25	-2.3028533186030375e-24
2.061643197545271e22	33.29902498757839	-2.5978364526989674e-32	2.0750817197800124e-28	4.475736010370611e-25	2.4375000986011245e-26	-1.091935675472201e-28	-1.287842384023077e-25	-4.526993913833844e-25	-2.301627298395662e-24
2.06857027808833e22	33.299	-2.5822469025308504e-32	2.0750398858783094e-28	4.4756645064896715e-25	2.437493843472751e-26	-1.0912537827694015e-28	-1.2876605961744556e-25	-4.5321494377663445e-25	-2.3010815845826014e-24
2.0754973586399225e22	33.298999007612466	-2.5734681399954033e-32	2.0750135603794118e-28	4.475623151704864e-25	2.4375150092194415e-26	-1.0908269111486463e-28	-1.287537576454294e-25	-4.535111542071336e-25	-2.300770565970137e-24
2.077229128779213e22	33.299	-2.572257647808039e-32	2.07490615178752e-28	4.47561436575026e-25	2.4376153481435695e-26	-1.0891721421896652e-28	-1.286989961014065e-25	-4.536137067400492e-25	-2.3007289710653327e-24