# N(H) (cm^-2)	Tgas[K]	H (cm^-3)	H2(cm^-3)	C(cm^-3)	CO(cm^-3)	AV (perpendicular) for comparison
0.	371.29962188157623	0.9998625967256958	1.7276003215001198e-8	5.5827237464008705e-12	6.3560582548626e-19	0.
9.998626341466792e8	371.3295360220445	0.9998625950804484	1.7275840819233704e-8	5.58432718634505e-12	6.377347981504232e-19	8.019968115140474e-13
2.9995878974661756e9	371.32105349781546	0.9998625966134412	1.727650570389504e-8	5.584368784602506e-12	6.3836981683244e-19	2.4059904305525724e-12
6.999038423919294e9	371.3187045505129	0.9998625970393386	1.727654736478247e-8	5.584380207520842e-12	6.389031397151135e-19	5.6139776684805325e-12
1.4997939477848894e10	371.31706469587755	0.9998625973366678	1.7276576235016898e-8	5.584388182341385e-12	6.3941943274414585e-19	1.2029952145157298e-11
3.0995741587134502e10	371.3168085628451	0.9998625973831082	1.7276580802480634e-8	5.584389429190113e-12	6.399485121164033e-19	2.4861901099654957e-11
6.299134580761739e10	371.31731726332896	0.9998625972908693	1.7276572264449998e-8	5.584386958355669e-12	6.405038417312387e-19	5.052579901018366e-11
1.2698255424774031e11	371.3171649553714	0.9998625973184885	1.7276574573466597e-8	5.584387703867938e-12	6.410936223528678e-19	1.0185359483056497e-10
2.549649711246418e11	371.317226129785	0.9998625973073939	1.7276573797714645e-8	5.5843874168798784e-12	6.417237365128652e-19	2.045091864686451e-10
5.109298048807965e11	371.31726699905295	0.9998625972999824	1.7276573225118507e-8	5.584387238794955e-12	6.423989612048049e-19	4.098203697466917e-10
1.0228594723911675e12	371.31724885808006	0.9998625973032695	1.727657382402e-8	5.584387368311907e-12	6.431236044005708e-19	8.2044273630123e-10
2.046718807412929e12	371.3172494053195	0.999862597303164	1.72765745547725e-8	5.584387448372374e-12	6.439018022814426e-19	1.6416874694111242e-9
4.094437477455318e12	371.3172454604521	0.999862597303874	1.7276575385295157e-8	5.584387632516637e-12	6.447376795082858e-19	3.2841769356300033e-9
8.189874817540676e12	371.31725096409485	0.9998625973028614	1.7276577163199404e-8	5.584387935915508e-12	6.456354343309419e-19	6.569155868068227e-9
1.6380749497707697e13	371.31725573136845	0.9998625973019719	1.7276580451713196e-8	5.584388572801957e-12	6.465994005087144e-19	1.313911373294171e-8
3.276249885801821e13	371.3172687963093	0.9998625972995508	1.72765871271192e-8	5.584389829524564e-12	6.476341081819086e-19	2.6279029462669807e-8
6.552599757855154e13	371.3172958450279	0.9998625972945453	1.7276600155800727e-8	5.584392338303329e-12	6.487443562573464e-19	5.255886092205565e-8
1.3105299501928173e14	371.3173479258649	0.9998625972849136	1.7276624799751107e-8	5.584397364711909e-12	6.499353354896715e-19	1.0511852384055745e-7
2.6210698989940606e14	371.3174514989351	0.999862597265778	1.727667193143181e-8	5.5844074189873434e-12	6.5121284873024e-19	2.1023784967648942e-7
5.242149796543161e14	371.3176587250627	0.9998625972275239	1.7276762831991776e-8	5.5844275250541586e-12	6.525837197811227e-19	4.2047650134407117e-7
1.0484309591428978e15	371.31807175530605	0.9998625971513456	1.727693715029006e-8	5.584467739613502e-12	6.540565648756367e-19	8.409538046621992e-7
2.0968629180355135e15	371.3188954319166	0.9998625969995603	1.7277271368986772e-8	5.584548172641938e-12	6.556432578093173e-19	1.681908411230639e-6
4.193726835485049e15	371.32053556958095	0.9998625966975939	1.7277909106598754e-8	5.584709060835531e-12	6.5736170842511135e-19	3.3638176240982553e-6
8.38745466904904e15	371.3237018537347	0.9998625961147725	1.7279127586047286e-8	5.58501972024079e-12	6.592400898392844e-19	6.727636048762609e-6
1.6774910331009566e16	371.3299444603169	0.9998625949664204	1.7281454948173677e-8	5.585632750577842e-12	6.6132806518843245e-19	0.000013455272893946467
3.3549821634600704e16	371.34167599387814	0.9998625928077817	1.7285888328165274e-8	5.586781763738837e-12	6.637076719879063e-19	0.00002691054656800741
6.709964416549258e16	371.36394300914577	0.9998625887110777	1.72942656071693e-8	5.588965170803725e-12	6.665301374811194e-19	0.00005382109385493624
1.3419928893873032e17	371.405838421759	0.9998625810040789	1.7309982525420988e-8	5.593084909108893e-12	6.700631263097987e-19	0.00010764218819734913
2.6839857739565878e17	371.483419847484	0.9998625667290872	1.7339551987283618e-8	5.6007020529504476e-12	6.747736566644938e-19	0.00021528437600824163
5.367971502804676e17	371.62485252390275	0.9998625406978269	1.7394725198127858e-8	5.614593236384368e-12	6.81480545052363e-19	0.00043056874839829894
1.0735942813636745e18	371.88175560079054	0.9998624934097438	1.7496990317007392e-8	5.639902208617297e-12	6.916399968628599e-19	0.0008611374813983408
2.1471884901378785e18	372.3440375402118	0.9998624083229316	1.7685735507051017e-8	5.685694636332207e-12	7.078264294559364e-19	0.0017222749045721596
4.2943767155506755e18	373.15811190429554	0.9998622585041937	1.8032705414910247e-8	5.767143498316151e-12	7.346350573595476e-19	0.00344454959680648
8.588752489300934e18	374.5824473638754	0.9998619964398698	1.8684225649767354e-8	5.912650228510168e-12	7.813216338319488e-19	0.006889098438188258
1.5514895178197088e19	376.62068430962444	0.9998616216244011	1.9707708004356743e-8	6.1269726226566535e-12	8.517774013898184e-19	0.012444605927801246
2.244103526312374e19	378.471866180429	0.9998612815350125	2.0713887010885783e-8	6.325488721566663e-12	9.199216821717075e-19	0.018000111328752084
2.9367173022666682e19	380.1729445248649	0.9998609694182566	2.1694220563530146e-8	6.514692793507938e-12	9.876330756522154e-19	0.023555614864496383
3.6293308644596556e19	381.84072038960215	0.9998606642403415	2.266042044350354e-8	6.708174067833367e-12	1.0571454575133276e-18	0.029111116685646293
4.3219442170597335e19	383.3260824413363	0.9998603921241691	2.3627341646934678e-8	6.8840439395712094e-12	1.1260742349378473e-18	0.03466661682563682
5.0145573835298234e19	384.8232958376408	0.9998601186613414	2.4589763713030063e-8	7.069094504025462e-12	1.1980578779858416e-18	0.040222115472665694
5.707170362043229e19	386.2710483530285	0.9998598545099895	2.555979938497692e-8	7.2534613830146415e-12	1.2720710846261291e-18	0.045777612612080854
6.399783159306682e19	387.5925736871877	0.9998596130394843	2.6539860691843806e-8	7.425081803915309e-12	1.3465207811706833e-18	0.051333108297677475
7.092395791310529e19	388.92918839794356	0.999859369433173	2.75253204529616e-8	7.605448360970179e-12	1.4245924361996058e-18	0.05688860265771523
7.785008255977857e19	390.28702836068845	0.9998591225649421	2.8523068235113822e-8	7.795222356419737e-12	1.5066657057305512e-18	0.06244409567553507
8.477620551046678e19	391.5771406384177	0.9998588879022298	2.9537394514615434e-8	7.97977096447708e-12	1.5906625427835865e-18	0.06799958733299342
9.170232685316224e19	392.7416617282653	0.9998586754230576	3.05682106741822e-8	8.148640226678274e-12	1.6748837107606622e-18	0.07355507770066955
9.862844674360713e19	393.91749273878395	0.9998584613177758	3.161006084931243e-8	8.325177632901708e-12	1.7631862955283543e-18	0.07911056690348534
1.0555456516536731e20	395.10982728672815	0.9998582446331613	3.2669192373203955e-8	8.509893550512847e-12	1.855907961148196e-18	0.08466605492825884
1.1248068210070828e20	396.319448139456	0.9998580252449573	3.374653373010012e-8	8.703373569196137e-12	1.9534030498003167e-18	0.0902215417607651
1.1940679753105893e20	397.54716352432735	0.9998578030268725	3.484294564231163e-8	8.906260867386687e-12	2.056054247253845e-18	0.0957770273861081
1.2633291143699507e20	398.68100145153585	0.9998575971954724	3.5963632743148954e-8	9.096442086128977e-12	2.159871777913151e-18	0.10133251178870756
1.3325902393634559e20	399.69554813124074	0.9998574120498048	3.710578319308672e-8	9.268030438955652e-12	2.2635757379478316e-18	0.10688799506307486
1.4018513517333837e20	400.71823691522815	0.9998572257068594	3.826412122250042e-8	9.446535095440178e-12	2.3721781577842296e-18	0.1124434773248962
1.4711124513522064e20	401.75348882227934	0.9998570373524867	3.944488933775263e-8	9.632359411490708e-12	2.486023923758178e-18	0.11799895856394245
1.5403735380831057e20	402.80179969309694	0.9998568469096712	4.064882320771785e-8	9.825965644741076e-12	2.6054725041857465e-18	0.12355443876923937
1.6096346117840585e20	403.8636839381736	0.9998566542994061	4.18766471180205e-8	1.0027856001401257e-11	2.730912243893221e-18	0.1291099179293952
1.6788956723077176e20	404.93967484174084	0.9998564594407191	4.312907435061837e-8	1.0238577067651437e-11	2.8627638210108088e-18	0.13466539603259103
1.7481567195012514e20	406.0303283093674	0.9998562622500723	4.440681217592896e-8	1.0458724822119167e-11	3.001484123545155e-18	0.14022087306656822
1.817417753206168e20	407.1362251820881	0.9998560626410485	4.5710563994635606e-8	1.0688950356422953e-11	3.147570605005399e-18	0.14577634901861397
1.886678773258109e20	408.10904320583774	0.9998558856081865	4.7048743742613664e-8	1.0891825266343476e-11	3.2920538044464157e-18	0.15133182387554503
1.955939781276595e20	408.9784410285613	0.9998557261197858	4.8413165643474394e-8	1.1073926767905394e-11	3.436183820051266e-18	0.15688729776726423
2.025200778467607e20	409.8536224263241	0.9998555657310232	4.980061118796297e-8	1.126250057581548e-11	3.586862166993959e-18	0.16244277079050418
2.0944617647341945e20	410.73806925169254	0.9998554037961368	5.121741817431098e-8	1.145787716305382e-11	3.744502000738118e-18	0.16799824293748838
2.1637227399729768e20	411.6320838374217	0.9998552402686808	5.266436390494035e-8	1.1660433084684036e-11	3.9095265983065426e-18	0.17355371419992463
2.2329837040774473e20	412.5359814078518	0.9998550751006129	5.414224204373657e-8	1.18705733086503e-11	4.082391122983198e-18	0.1791091845692699
2.3022446569379194e20	413.4500863758045	0.9998549082430525	5.565185502416462e-8	1.2088733984698343e-11	4.263585733538265e-18	0.18466465403672624
2.3715055984414215e20	414.3747373204271	0.9998547396454003	5.7194023247310724e-8	1.2315385481695321e-11	4.453639120840945e-18	0.1902201225932321
2.4407665284715993e20	415.31028630297584	0.9998545692555412	5.876958306828259e-8	1.2551035830741712e-11	4.653122407915476e-18	0.19577559022945457
2.510027446908634e20	416.2570983326573	0.9998543970200242	6.037938443868847e-8	1.279623459029114e-11	4.862653511820968e-18	0.20133105693578288
2.5792883536291135e20	417.2155555002282	0.9998542228833673	6.202429838826104e-8	1.3051577165398633e-11	5.082902092331742e-18	0.20688652270231817
2.6485492485059147e20	418.1860566144451	0.9998540467882259	6.370521482635745e-8	1.331770971352129e-11	5.31459507038418e-18	0.21244198751886367
2.717810131408073e20	419.16901875142673	0.9998538686752076	6.542304412526761e-8	1.3595334680524488e-11	5.55852287504174e-18	0.2179974513749147
2.7870710022006417e20	420.0981979715199	0.999853699438342	6.718373381177879e-8	1.386174138381294e-11	5.807242714112424e-18	0.22355291425964716
2.856331861526971e20	420.82687150512567	0.9998535631372067	6.899522111622857e-8	1.4063674920173044e-11	6.041349418118118e-18	0.22910837622466448
2.9255927117242394e20	421.5558488059052	0.9998534268280983	7.083307964628257e-8	1.4271848738576476e-11	6.285540468513968e-18	0.2346638374574334
2.9948535527247046e20	422.2912767515568	0.999853289344241	7.271251793258505e-8	1.448651253936976e-11	6.540462210571099e-18	0.24021929795252037
3.06411438445247e20	423.0333298036256	0.9998531506578373	7.463465991442068e-8	1.4707975336849482e-11	6.806705243280298e-18	0.24577475770383758
3.133375206829892e20	423.7821858911523	0.9998530107408622	7.660066145850104e-8	1.4936566153078193e-11	7.08490034916987e-18	0.2513302167051572
3.202636019777552e20	424.5380283091323	0.9998528695647283	7.86117162420402e-8	1.517263565412773e-11	7.375721914437903e-18	0.256885674950109
3.271896823214202e20	425.3010476455898	0.9998527270999478	8.06690623293853e-8	1.54165579521926e-11	7.679891702018983e-18	0.2624411324321761
3.3411576170567284e20	426.0714405008563	0.9998525833164131	8.277398015770947e-8	1.5668732615067875e-11	7.998182932433715e-18	0.26799658914469177
3.4104184012201204e20	426.8494097800865	0.9998524381833818	8.492779461644641e-8	1.5929586873315723e-11	8.331424817790733e-18	0.27355204508083736
3.4796791756174216e20	427.6351652482422	0.9998522916694108	8.713187795790992e-8	1.6199578059811092e-11	8.680507577739193e-18	0.2791075002336379
3.5489399401596944e20	428.42892386723696	0.999852143742341	8.938765215897035e-8	1.6479196314544787e-11	9.046387983729614e-18	0.28466295459595975
3.618200694755958e20	429.2309123169854	0.9998519943688577	9.16965981968979e-8	1.6768967571946463e-11	9.430095576607976e-18	0.29021840816050526
3.6874614393131414e20	430.04136437770427	0.9998518435150564	9.406024969869058e-8	1.7069456919655652e-11	9.832739396893145e-18	0.2957738609198092
3.756722173736037e20	430.86052339277853	0.9998516911460285	9.648020206280436e-8	1.7381272303937018e-11	1.0255515631989959e-17	0.3013293128662347
3.8259828979272443e20	431.6886421220303	0.9998515372259588	9.895811362831217e-8	1.7705068685832295e-11	1.06997160319977e-17	0.3068847639919694
3.8952436117871126e20	432.52598374187056	0.9998513817180114	1.0149571035534401e-7	1.8041552682379216e-11	1.116673731262905e-17	0.31244021428902014
3.964504315213682e20	433.372822073768	0.9998512245843751	1.0409478752245686e-7	1.839148777498487e-11	1.1658091545351342e-17	0.3179956637492087
4.033765008102624e20	434.22944264825327	0.9998510657861691	1.067572125939877e-7	1.8755700153455508e-11	1.217541753530221e-17	0.3235511123641667
4.103025690347184e20	435.09614297645845	0.9998509052835794	1.0948491721946782e-7	1.9135085290098772e-11	1.2720492050519047e-17	0.3291065601253315
4.172286361838681e20	435.9033336578244	0.9998507540886598	1.1228664217631204e-7	1.949157229542797e-11	1.3271656361327251e-17	0.3346620070239856
4.310807682201272e20	437.0545168418382	0.9998505259856599	1.1798136974065876e-7	1.9989179800890158e-11	1.4295927472725275e-17	0.3457728990068954
4.587850251201776e20	439.39497447688774	0.9998500610682269	1.3020032767388042e-7	2.1067409778156766e-11	1.661693545879504e-17	0.3679946772196283
5.1419350944171996e20	444.3033733097167	0.9998490811755489	1.588641595202906e-7	2.362817470797025e-11	2.2666120147091127e-17	0.41243821000013636
5.8345404529487394e20	451.05809741096283	0.9998477236349754	2.060571344274633e-7	2.7895342344564373e-11	3.423264874445868e-17	0.4679925701902134
6.527144908386418e20	457.8537921194581	0.9998463057576432	2.7314916308793024e-7	3.319766414115173e-11	5.2391373111124096e-17	0.5235468579425002
7.219748453833996e20	464.10943187966865	0.9998448816064867	3.767181795182387e-7	3.909802270766108e-11	7.989112047843148e-17	0.5791010727038447
7.912351130768724e20	469.9452842979643	0.9998433321769106	5.650393838520724e-7	4.5566315547174537e-11	1.213318010778496e-16	0.6346552178011662
8.604952951069242e20	475.7721588189908	0.9998411585179576	1.0474866746670025e-6	5.2930299127205686e-11	1.8543913055706818e-16	0.6902092941872584
9.297553879716666e20	481.8233797566631	0.9998351349977207	3.41180553248077e-6	6.156683429946428e-11	2.8911763949071286e-16	0.7457632990532325
9.990154021472324e20	486.6117437242785	0.9997809152545243	0.00003008894638439708	7.182398072699852e-11	4.756132793046548e-16	0.8013172408020677
1.0405713981006447e21	487.4494422827857	0.9996508497430938	0.00009556443441933603	7.819502175023993e-11	6.327084737981004e-16	0.83464959578338
1.0959795021905293e21	483.88973825869476	0.9991872293100222	0.00032971672782574404	8.761762675043617e-11	9.883649122202702e-16	0.8790928235774164
1.1652401519836474e21	470.09841813464016	0.998093072479558	0.0008832442630256334	9.908338393218756e-11	1.6308228648520657e-15	0.9346472751595354
1.2345018332220128e21	451.53761518609224	0.9967080812083732	0.0015837784396744025	1.0921694403639153e-10	2.373537166676243e-15	0.9902025540711009
1.303764745677839e21	427.86228495471545	0.9947270604015475	0.0025840115920277244	1.1891493261898536e-10	3.435186344567001e-15	1.0457588205508024
1.345323219264597e21	410.9614312408452	0.9930381913649984	0.0034351472695794954	1.2481797560224592e-10	4.364519359264029e-15	1.0790931628591491
1.4145885471099975e21	380.7380860999375	0.989049908726121	0.005440725824560686	1.3277822340815865e-10	6.603911922462874e-15	1.1346513667397204
1.4838554322966827e21	352.05800613417733	0.9829170101755927	0.008517596025688096	1.4107879421973167e-10	1.0416403654006396e-14	1.190210819774628
1.5531236314239108e21	329.0657851843511	0.9737491423903083	0.01310956160780616	1.5134364090885875e-10	1.678206235227746e-14	1.2457713267304338
1.6223927864374295e21	312.8552096511397	0.9603834569795411	0.019797881433468466	1.648564585784735e-10	2.7265198158301056e-14	1.3013326004093186
1.626722134673333e21	312.07786630291906	0.9591556200999363	0.020412123570353255	1.6561744155560608e-10	2.8221417502591186e-14	1.3048052009071778
1.635380837809705e21	310.54185742881856	0.9570936059808502	0.021443635468212905	1.6737995186282855e-10	2.993947537691531e-14	1.3117504072485904
1.6526982686285952e21	307.7135617567605	0.952711787545713	0.023635470507659767	1.7120267599606146e-10	3.3706672556869455e-14	1.3256408396200512
1.687333216320669e21	302.88014954128124	0.9427317856296842	0.028627042003922326	1.8011198909750422e-10	4.2817791474776025e-14	1.3534217733877232
1.7037848535416318e21	300.957344180997	0.9372317192858136	0.03137772104144209	1.8497358068881285e-10	4.810347227148204e-14	1.36661774665925
1.736688183881509e21	297.64561852988925	0.9251505778371963	0.03741936003381342	1.9401511346739278e-10	6.007013679197836e-14	1.3930097380384419
1.802495017199681e21	292.8893935891047	0.8952041108866552	0.05239414642051899	2.1644186677594265e-10	9.352708563538953e-14	1.4457938592713069
1.8717655506487557e21	289.9698131167288	0.8539373449499065	0.07302859467753028	2.4339962777859934e-10	1.4656678779268299e-13	1.5013562386029915
1.9410362063596647e21	288.5575755299734	0.801954717534119	0.09902060620708879	2.7501806537490365e-10	2.254579136305726e-13	1.556918716001748
2.0103069426527502e21	288.30674562437747	0.7397209245730606	0.13013796924085602	3.1240186495085814e-10	3.4040673482660693e-13	1.6124812580360324
2.0795777333512288e21	288.9845217941774	0.6691902703091617	0.1654036161039573	3.562978312280451e-10	5.040715192230725e-13	1.6680438437092628
2.148848561731725e21	290.45120268829885	0.5936563685694206	0.20317079189514972	4.063890981862329e-10	7.313228738404685e-13	1.7236064596075031
2.218119416915901e21	292.55463524967087	0.5170601871788655	0.24146904529840957	4.628393351763744e-10	1.042848356901464e-12	1.7791690970051628
2.2873902917056518e21	295.08083639065785	0.44318922012045553	0.2784046498120778	5.282195987811732e-10	1.4694649982530508e-12	1.8347317501285905
2.3566611812317885e21	297.80739959339905	0.374898670110664	0.31255001707482166	6.038693893544404e-10	2.050107035410538e-12	1.8902944150721765
2.4259320820954856e21	300.50254618398435	0.31392182589081	0.34303851100903376	6.908867330882672e-10	2.8372998103166777e-12	1.9458570891096993
2.4952029918523965e21	303.01020107898796	0.2609462486902578	0.3695263562828961	7.871575650559691e-10	3.891957888443124e-12	2.001419770280531
2.5644739086700684e21	305.0631833744651	0.21585100520791428	0.39207402355424864	8.986197835435635e-10	5.316502057330174e-12	2.0569824571148483
2.6337448312012365e21	306.46187874511725	0.17801350529088594	0.4109928106155831	1.0276883408727538e-9	7.2325352036834315e-12	2.1125451485320013
2.703015758414911e21	307.0897552591819	0.14660628235550482	0.4266964526789073	1.1771674278418503e-9	9.793521231462514e-12	2.168107843705025
2.772286689514539e21	306.99563689761305	0.12073751222210287	0.4396308630445989	1.3430853101640026e-9	1.3158025538614013e-11	2.223670541995
2.841557623840171e21	306.0616094992328	0.0995354867615771	0.45023189698765104	1.5333141690177558e-9	1.7573499160640405e-11	2.279233242872574
2.9108285608931177e21	304.18832089462836	0.08222686557876964	0.45888622559373454	1.7534835387839364e-9	2.3341543616867602e-11	2.334795945937747
2.9800995002763004e21	301.37092519583535	0.0681133472620036	0.4659430001280119	2.0088500319571226e-9	3.083269473496496e-11	2.3903586508720185
3.049370441661643e21	297.7386652905417	0.05663335455331277	0.47168300951280445	2.297830842501124e-9	4.04626583620483e-11	2.4459213574122365
3.090933007411058e21	295.22420214621224	0.05076910494201335	0.4746151411480619	2.4880552356525216e-9	4.748751332769934e-11	2.4792589820728694
3.160203951389702e21	290.12845865365716	0.04252643115463463	0.4787364880747168	2.855894311027342e-9	6.187620721267138e-11	2.5348216906931924
3.229474896689262e21	284.3084632543753	0.03579389749435114	0.4821027632515836	3.2748450560677464e-9	8.022888241781112e-11	2.590384400373032
3.298745843088569e21	277.76664998385223	0.030328110335651134	0.48483566363007186	3.754930535927377e-9	1.03584905176811e-10	2.6459471109349857
3.368016790383858e21	270.36911041274277	0.0258471751032446	0.48707613665906374	4.319216024683172e-9	1.3335583033401977e-10	2.7015098222156126
3.437287738396212e21	262.13018728017823	0.022199151429418307	0.488900152583553	4.984195165795398e-9	1.7115384658447583e-10	2.7570725340714026
3.5065586869377476e21	253.22830105175572	0.01919662312269083	0.4904014193541821	5.760455815836022e-9	2.1885354681094731e-10	2.8126352463516535
3.5758296358196845e21	243.97297119478714	0.016738798667402473	0.4916303328100447	6.643446416589214e-9	2.7846762941521765e-10	2.868197958904942
3.6451005848536964e21	234.067506236095	0.014716955525141844	0.4926412541402675	7.688077077443311e-9	3.530107429504016e-10	2.923760671580211
3.68666315421976e21	227.66171038382183	0.013668692764234271	0.49316538454052306	8.427217377237035e-9	4.0644588225001805e-10	2.957098299141783
3.7559341030638354e21	217.22916548472662	0.012192460886148958	0.49390349767262665	9.759478354567768e-9	5.112394923908534e-10	3.012661011664703
3.825205051508462e21	206.3942178060423	0.010964593840453212	0.494517426474956	1.1340333318451934e-8	6.401949432522799e-10	3.068223723867222
3.8944759992914815e21	195.27494948995073	0.009945282597904238	0.4950270751492176	1.3219309624875522e-8	7.978701009938269e-10	3.123786435539061
3.963746946106594e21	184.00055856747284	0.00909753714617786	0.4954509382945352	1.5456020857859788e-8	9.894518725001956e-10	3.1793491464345354
4.03301789159075e21	173.20446508499995	0.008391893284499588	0.49580374817035056	1.7995632709687087e-8	1.2199945199350274e-9	3.23491185626244
4.102288835402502e21	162.4812149539772	0.007807340860269919	0.4960960088277664	2.1008011525318216e-8	1.4969762250392046e-9	3.290474564748898
4.1715597770585816e21	151.91623832804393	0.007319704085326876	0.49633980734456534	2.4594195371361314e-8	1.8276969607088906e-9	3.346037271506276
4.2408307159627837e21	141.61011033312295	0.006913372580187794	0.49654294789253334	2.886911375511309e-8	2.2199397784063074e-9	3.401599976056354
4.310101651377982e21	131.96302482226125	0.0065769407997640595	0.4967111330879429	3.379539532839865e-8	2.681827360724283e-9	3.4571626778078772
4.3793725825451337e21	122.83640238030239	0.0062984389068450695	0.4968503461869062	3.955735976487941e-8	3.222579315077753e-9	3.5127253761520127
4.4486435084753143e21	114.11894780891426	0.006068224107236509	0.49696540615774965	4.6409785314675107e-8	3.850775692800453e-9	3.5682880702955377
4.5179144278443263e21	105.85887733434923	0.005878948593939964	0.49705998446402405	5.4561291270786836e-8	4.573693245047523e-9	3.6238507591763027
4.5871853389911446e21	98.21821991293427	0.005724271115087293	0.49713725012345844	6.4083012391351e-8	5.397482348556376e-9	3.6794134414619886
4.6564562400281085e21	91.26947661039232	0.005598165800329692	0.4972002145850797	7.503487256077702e-8	6.326384394140205e-9	3.73497611563849
4.725727128864669e21	84.77559760034401	0.005495168361796591	0.4972516040401713	8.801683203147569e-8	7.356738271195042e-9	3.790538780028963
4.794998002584453e21	78.74718528155286	0.0054105562546022876	0.4972937757846904	1.0340051676385003e-7	8.478327802738454e-9	3.8461014322941622
4.864268857722428e21	73.1988391184373	0.005339940367631636	0.49732892127534495	1.2157199708244234e-7	9.671437443025601e-9	3.9016640696547635
4.933539690381902e21	68.31722897648505	0.005279275698889672	0.49735906967513926	1.4207753138605973e-7	1.091730584601605e-8	3.957226688985202
5.002810497627076e21	63.82468559233435	0.005225508887876857	0.4973857412524985	1.662388510587487e-7	1.2167095510680873e-8	4.012789287930652
5.072081275552438e21	59.70936594749517	0.005172245168663971	0.49741213843473325	1.94660866646759e-7	1.3371738369809454e-8	4.068351863358477
5.141352020923182e21	55.951285706668365	0.005126610486365287	0.49743470838681747	2.2802601681836486e-7	1.4479482869258642e-8	4.123914412674015
5.210622732027405e21	52.65331104832858	0.005087519014994266	0.49745401815479806	2.6562758007515457e-7	1.5470915726917653e-8	4.179476934504136
5.279893410441496e21	49.66888876841126	0.005049669325674388	0.4974727287944633	3.0887111878145425e-7	1.6305637387766195e-8	4.235039430113274
5.349164059151912e21	46.941734086817796	0.005018336610099627	0.49748821584799363	3.590105997945759e-7	1.696434838983732e-8	4.290601901896887
5.418434682983589e21	44.45279304891212	0.0049945149983986435	0.4974999942725362	4.169706944858766e-7	1.745433072291648e-8	4.346164353725088
5.48770528842593e21	42.22749799951552	0.0049808708939944775	0.49750673730937	4.823324577447642e-7	1.781446910234527e-8	4.4017267908030755
5.5569758828752e21	40.238445172647815	0.004977117426542495	0.4975085838536808	5.555299856998625e-7	1.807091847320013e-8	4.457289219063443
5.626246473102627e21	38.409452087148175	0.004982724721740007	0.49750579072880563	6.395334917282926e-7	1.8225451763430108e-8	4.512851643937441
5.695517064754155e21	36.7277649267217	0.004996817594889194	0.49749878769215966	7.358712383262095e-7	1.830047427551836e-8	4.56841406995372
5.764787662391546e21	35.191617714835346	0.0050178344461598275	0.49748834646874723	8.454694733402175e-7	1.8319161043243218e-8	4.6239765007713025
5.834058269318872e21	33.82806835663491	0.005043213850850802	0.4974757369003348	9.659599591305126e-7	1.8312305841952047e-8	4.679538939040405
5.903328887334197e21	32.56310206692408	0.005072836857074419	0.49746101509389107	1.103708788908328e-6	1.8265620741571778e-8	4.735101386203271
5.972599517766144e21	31.389783247575544	0.005105679152089068	0.4974446885856592	1.2610843566271384e-6	1.819093217110702e-8	4.7906638433255955
6.041870161302796e21	30.301474578718846	0.005140776655615266	0.4974272358968039	1.4407399298445388e-6	1.8098413136757592e-8	4.846226310959295
6.111140818143712e21	29.32897221353856	0.005175860286145953	0.4974097854611309	1.637399744236824e-6	1.8009728814283173e-8	4.901788789264439
6.180411487642477e21	28.426657549254845	0.005211491388649866	0.4973920584014936	1.8596597835752244e-6	1.7917019176107438e-8	4.957351277722532
6.249682169399666e21	27.58370940124307	0.005247629309467292	0.49737407456582067	2.112245656033536e-6	1.7824858444733438e-8	5.012913776013192
6.318952862949891e21	26.79663525378387	0.005283657643996537	0.4973561414081172	2.398896922127694e-6	1.773933567797032e-8	5.068476283763129
6.388223567717449e21	26.079683225775582	0.005319821299496277	0.4973381341351286	2.7152483212787345e-6	1.76697776319573e-8	5.124038800510567
6.457494282820964e21	25.420763541560422	0.005353205040716459	0.4973215110921379	3.065498726654702e-6	1.761657670873118e-8	5.179601325548548
6.526765007459976e21	24.80181622020221	0.005386040602340721	0.49730515784676704	3.46064378839781e-6	1.7579108385976654e-8	5.235163858235019
6.59603574104086e21	24.221034473720017	0.005417958081809664	0.49728925925542855	3.905572840936633e-6	1.756064395413998e-8	5.2907263980938275
6.665306482979928e21	23.682171231936238	0.005448386984902886	0.4972740999646981	4.399616874755312e-6	1.7563983598362638e-8	5.346288944656793
6.734577232562753e21	23.1913420804213	0.005468493912365739	0.4972640960791185	4.934270253607591e-6	1.7589880296883244e-8	5.4018514973508704
6.803847988986743e21	22.729291064978707	0.0054997808357768905	0.4972484981008783	5.5316382919446575e-6	1.7638269527045157e-8	5.457414055532294
6.873118751709736e21	22.29288357545634	0.005525483864227445	0.497235688475419	6.197559732195521e-6	1.771006722585507e-8	5.512976618766192
6.942389520236945e21	21.880978604733116	0.005549634964613216	0.49722365116514	6.937943499440857e-6	1.7806454658064042e-8	5.568539186655692
7.011660294062254e21	21.50810691493961	0.00557140061079169	0.4972128015968054	7.722445615932075e-6	1.7923367788975323e-8	5.6241017587948345
7.080931072494949e21	21.15435354435471	0.005591647355382538	0.49720270830300134	8.58698222768097e-6	1.8063739311394985e-8	5.679664334629594
7.150201855094039e21	20.817716397768823	0.005610406618899242	0.49719335568398787	9.538639967959977e-6	1.822816042549486e-8	5.735226913806248
7.191764326904586e21	20.624951595913558	0.005622075450623984	0.49718753588104164	0.000010149288264553424	1.833780900734676e-8	5.768564463117858
7.261035115275614e21	20.32099527269654	0.005636887493844279	0.49718015155428635	0.00001122017813363635	1.853542900231245e-8	5.824127046924225
7.330305906619229e21	20.029678706702867	0.005651421641375284	0.497172903386777	0.000012387779379012144	1.8756266130910684e-8	5.879689633114924
7.399576700580165e21	19.74973489508829	0.005664516164570601	0.49716637231438815	0.000013655669169841418	1.8999997521773054e-8	5.935252221404994
7.468847496781136e21	19.48815028152439	0.005675970752142917	0.4971606581456101	0.000014983990095048677	1.9258249660202926e-8	5.990814811491813
7.538118294797583e21	19.238264283981373	0.005685961105495657	0.49715567348875617	0.000016393043663047516	1.953380807732596e-8	6.046377403034837
7.607389094290639e21	18.99504948527309	0.005694705877559211	0.4971513092563312	0.000017904004696927763	1.983002990958487e-8	6.101939995762258
7.676659894914013e21	18.75778479967039	0.005702460369374993	0.49714743780054427	0.00001951660923951706	2.014645629847643e-8	6.157502589396317
7.74593069633434e21	18.52966007736272	0.005708814585704576	0.4971442640939324	0.000021200363544577438	2.0477134353114184e-8	6.2130651836696185
7.815201498219287e21	18.31215638173813	0.0057141289228535225	0.4971416080389524	0.0000229300090589882	2.081741369105732e-8	6.268627778315593
7.884472300251375e21	18.097744379363746	0.0057184922791489595	0.4971394253359434	0.0000247516134612345	2.117647669612316e-8	6.32419037307959
7.953743102132655e21	17.886272376225445	0.005722001770820257	0.4971376674100815	0.000026659916142069234	2.155421231718663e-8	6.379752967722625
8.02301390356325e21	17.678399697026403	0.005724695101145785	0.4971363154129411	0.000028641631331024743	2.1949410928289432e-8	6.435315562004161
8.092284704242707e21	17.48325699659139	0.005730572013421876	0.49713336929866725	0.00003061169531281787	2.2351608664281117e-8	6.490878155683204
8.16155550390412e21	17.289036043602287	0.005731611371358797	0.4971328403263932	0.000032649236208122776	2.2769803844856276e-8	6.546440748545666
8.230826302264054e21	17.097336766109002	0.005732283375914142	0.49713249291458916	0.000034744370189798654	2.3208823853353457e-8	6.602003340364203
8.300097099029106e21	16.90852249376363	0.005732375348599717	0.49713243336751567	0.00003688815872206466	2.3670180108392825e-8	6.657565930903475
8.369367893900283e21	16.73008761711846	0.005731787334363907	0.49713271211007215	0.00003899552103244525	2.4139920167407447e-8	6.713128519923656
8.438638686591747e21	16.556732730665896	0.005731138643167074	0.4971330190891022	0.00004111252017320996	2.463216280076976e-8	6.768691107195475
8.507909476873856e21	16.387455300858345	0.00572970012291203	0.49713371893471736	0.000043252916458791246	2.515144211194599e-8	6.8242536925347315
8.577180264444132e21	16.222736141336974	0.005727699851830816	0.4971346974210922	0.000045405448323924754	2.5702288800340544e-8	6.879816275698809
8.646451048994064e21	16.067082605244817	0.00572475240617401	0.49713614769493125	0.00004751448262563809	2.6276345930474193e-8	6.935378856440248
8.715721830260836e21	15.92097198567062	0.005721410482587433	0.4971377934733735	0.00004957050610603236	2.6875206512866294e-8	6.9909414345482395
8.784992608016329e21	15.780381128676217	0.005716708515754727	0.4971401171366259	0.0000516172079937006	2.751485080512544e-8	7.046504009839812
8.854263381952687e21	15.64594008363766	0.005712301175753051	0.49714229115971326	0.00005364457510242957	2.8200745969563632e-8	7.102066582068027
8.923534151758025e21	15.519403634540248	0.005707440229750766	0.4971446899684001	0.00005562901843940932	2.8931663580807334e-8	7.157629150982724
8.992804917161697e21	15.405354566582632	0.005701932260264887	0.49714741119233924	0.00005750867348350569	2.969068740359606e-8	7.213191716366812
9.062075678003663e21	15.297690008574142	0.005696011993939546	0.4971503364841668	0.00005935544430183303	3.0508142682569996e-8	7.268754278091926
9.131346433995233e21	15.196775954357443	0.005689649608542517	0.4971534808435179	0.00006116178732070869	3.1389282383177014e-8	7.324316835926502
9.200617184860127e21	15.102939810100741	0.0056831622565992525	0.49715668579618855	0.00006292076336552239	3.233968306341002e-8	7.379879389648936
9.269887930338067e21	15.020910412112107	0.0056760568510997545	0.4971601993581721	0.00006456363170421182	3.332943866897097e-8	7.435441939050457
9.339158670372216e21	14.945930211946148	0.005668392592219332	0.49716399102041176	0.00006614817320229932	3.439228142569062e-8	7.491004484085474
9.408429404776095e21	14.877360360540875	0.005660727388966974	0.4971677817793978	0.00006768036418145679	3.55405046868328e-8	7.546567024604411
9.47770013336329e21	14.81519216625734	0.005653028994471488	0.49717158799205075	0.00006915609691029271	3.6781361658307796e-8	7.6021295604577475
9.546970855977116e21	14.76179759152843	0.0056448533817188805	0.49717563287919936	0.00007053659303947219	3.809062760227332e-8	7.657692091519802
9.616241572626186e21	14.715897846643491	0.005636651108457272	0.4971796911318034	0.00007183503550198164	3.9480357454669874e-8	7.713254617797483
9.685512283317154e21	14.675397198374998	0.005628295328947729	0.4971838257647981	0.00007307715883600642	4.098218464038281e-8	7.76881713929613
9.75478298799904e21	14.64024571131806	0.00561997330563157	0.49718794344504186	0.00007426033177045079	4.26048913449574e-8	7.824379655974851
9.824053686663312e21	14.611170440709568	0.0056116366570996435	0.49719206908873814	0.0000753697043364414	4.4338272320749087e-8	7.8799421678268
9.893324379401723e21	14.589102483869143	0.005603346536931696	0.4971961730271377	0.00007638681016024936	4.61538668898305e-8	7.935504674925575
9.962595066432616e21	14.57128166823202	0.005595068745115645	0.49720027148631074	0.00007734964804967899	4.8114985436313874e-8	7.99106717744631
1.0031865747852107e22	14.557589582172278	0.0055868406962578405	0.4972043460532356	0.0000782570730188094	5.0232529623413115e-8	8.0466296754661
1.0101136423796922e22	14.547905968610776	0.005578781042155013	0.49720833766783185	0.00007910853247436227	5.2518115883729526e-8	8.102192169094614
1.017040709444148e22	14.544020829253334	0.00557067005286935	0.49721235756669596	0.00007987193673110468	5.488557944888758e-8	8.157754658471756
1.0239677760150142e22	14.543346159229428	0.005562728824746548	0.49721629410492285	0.00008058593964222693	5.743619319813191e-8	8.21331714388978
1.0308948421134971e22	14.545678398293514	0.005555037336093357	0.49722010743562095	0.00008125191488139894	6.018681910616949e-8	8.268879625518785
1.0378219077628823e22	14.550798062878894	0.005547287870525291	0.49722395160803307	0.00008187042471243926	6.315184999226934e-8	8.324442103545547
1.0447489729887876e22	14.559565259408583	0.0055396171128923736	0.4972277589077332	0.00008242645064892223	6.625727667268555e-8	8.380004578175546
1.0516760378257191e22	14.57101263170254	0.005532249773445225	0.4972314166085147	0.00008293383802098172	6.955523825269826e-8	8.43556704968556
1.0586031023032495e22	14.584414011420716	0.0055249378030921645	0.4972350485273178	0.00008340254991872426	7.310611775019496e-8	8.49112951831279
1.06553016644774e22	14.599650252105743	0.005517576478485847	0.49723870707637907	0.00008383368752590317	7.69273864171982e-8	8.546691984268685
1.0724572302862967e22	14.616934455216695	0.005510380231800206	0.4972422852054669	0.00008422252216032471	8.09731194906969e-8	8.602254447770665
1.079384293848269e22	14.636244905367665	0.005503462798683417	0.4972457260226878	0.00008456884236699672	8.520672402135485e-8	8.65781690905414
1.0863113571630282e22	14.656693682853764	0.0054965188625411025	0.49724918187140854	0.00008488589522610645	8.975731117872102e-8	8.713379368354703
1.0932384202551122e22	14.678208686768944	0.005489901010537654	0.4972524764083975	0.00008517492019865564	9.464597353916387e-8	8.768941825869172
1.1001654831487505e22	14.700678881458899	0.005483183816818564	0.4972558223615637	0.00008543662061576143	9.988299689984084e-8	8.824504281791894
1.107092545868001e22	14.724526924856722	0.005476728353691086	0.49725903917804504	0.00008566391791431938	1.052807189154267e-7	8.88006673631584
1.1140196084370314e22	14.748943747375842	0.005470373877798987	0.4972622070078668	0.0000858700876220005	1.1107547175216565e-7	8.93562918963486
1.1209466708767925e22	14.773792823668826	0.005463931418062572	0.49726542033011906	0.00008605614016242049	1.1729281301320915e-7	8.991191641917
1.1278737332078595e22	14.799068711298581	0.005457794669960302	0.49726848221691683	0.00008622314208386261	1.2395923742393392e-7	9.0467540933273
1.1320299705664706e22	14.814697778189657	0.005454065196559428	0.49727034364898826	0.00008630978534070454	1.2796857612033204e-7	9.080091563852402
1.1389570327635108e22	14.840606130871015	0.005448198034991454	0.4972732728277077	0.00008644606931487297	1.3523235159523483e-7	9.135654014187661
1.1458840949007153e22	14.866653518231637	0.005442351208912582	0.49727619313949445	0.00008656712580785547	1.4301629188398268e-7	9.191216464042977
1.1528111569960587e22	14.89303110074701	0.005436643453955745	0.4972790449674847	0.00008667034333967395	1.510776089609418e-7	9.246778913562519
1.1597382190638112e22	14.919454429193294	0.00543120499374244	0.49728176324880574	0.00008676046426171564	1.596366932473439e-7	9.302341362860755
1.1666652811198214e22	14.945727322160362	0.00542561225584181	0.4972845598472437	0.00008683927696909895	1.6880765887204566e-7	9.357903812064803
1.1735923431800398e22	14.971932742418257	0.005420518568694888	0.4972871080069963	0.00008690739517955488	1.7862911694252308e-7	9.413466261302606
1.1805194052598493e22	14.997990788342706	0.005415072405193568	0.4972898333593104	0.00008696420883784371	1.889263592294441e-7	9.46902871069755
1.1874464673722486e22	15.023949428364526	0.005410047193508247	0.4972923490496948	0.00008701094102894086	1.997094376869955e-7	9.5245911603539
1.1943735295281354e22	15.049611574215914	0.005405061964810263	0.49729484579391464	0.00008704958275996195	2.1125472966289465e-7	9.580153610359066
1.2013005917433255e22	15.074931451829022	0.00540004822610866	0.4972973578371271	0.00008708052950840995	2.2361179847390552e-7	9.635716060839908
1.2082276540311461e22	15.099960235600651	0.005395313798925664	0.4972997311270261	0.00008710396652783248	2.3672855896607672e-7	9.691278511903324
1.2151547164046154e22	15.124742399215966	0.005390665681896125	0.4973020618004911	0.00008711993553259268	2.502722875560012e-7	9.746840963653735
1.2220817788702093e22	15.149114911449807	0.00538622877167345	0.4973042878403858	0.0000871298762923028	2.6476237755073785e-7	9.802403416143083
1.2290088414423013e22	15.173057087584619	0.0053819166565185735	0.49730645245462396	0.00008713401179143311	2.802599304189877e-7	9.85796586948666
1.2359359041332364e22	15.19653233851782	0.00537764362181208	0.4973085985056298	0.00008713255662949496	2.968303340531242e-7	9.913528323783485
1.2428629669580858e22	15.219680145878726	0.0053735558106296315	0.49731065228605276	0.00008712588227387695	3.138700936705501e-7	9.969090779154447
1.2497900299222946e22	15.240886519090079	0.00536772274840929	0.49731357970959067	0.00008711437943602614	3.31999746287093e-7	10.024653235643221
1.2567170930365084e22	15.263023868686288	0.0053637950666655925	0.49731555522196763	0.00008709821636518969	3.5134911751749145e-7	10.080215693335195
1.2636441563133515e22	15.284634966802965	0.00535997412239441	0.49731747829063333	0.00008707747427469364	3.7200133237968825e-7	10.135778152331628
1.2705712197659141e22	15.305781564508617	0.0053562246091500305	0.4973193660961114	0.00008705281781652886	3.9348006367124335e-7	10.191340612737521
1.2774982834002034e22	15.326453928784607	0.005352626538287696	0.49732117874525744	0.00008702440268235061	4.159790634198872e-7	10.246903074601057
1.2844253472241073e22	15.346541276136579	0.005349109436591616	0.497322951800804	0.00008699192586422834	4.399609225423989e-7	10.302465537985505
1.2913524112498883e22	15.366061568327144	0.005345735571304038	0.4973246541078025	0.00008695543509186554	4.6549854407861963e-7	10.358028002989224
1.2982794754897415e22	15.385022395878897	0.005342395454847938	0.4973263401522435	0.00008691544135957256	4.923345506753707e-7	10.41359046971003
1.3052065399519494e22	15.403511465649016	0.005339174580044992	0.49732796677154484	0.0000868728207982079	5.200018812746124e-7	10.469152938214359
1.312133604639257e22	15.42139284488314	0.00533605862557786	0.49732954175979743	0.00008682648649614713	5.494065148213488e-7	10.524715408524228
1.3190606695631285e22	15.43864422966361	0.005333037209677752	0.4973310702821619	0.00008677646301712242	5.806186459500436e-7	10.580277880731593
1.3259877347346914e22	15.455269289358037	0.005330118176196213	0.4973325483849778	0.00008672278228280689	6.137057083049452e-7	10.635840354925708
1.3329148001645828e22	15.47145386430457	0.005327332289683654	0.49733395970069477	0.00008666770503387525	6.473035238436069e-7	10.691402831191892
1.3398418658499729e22	15.487006157833656	0.005324573448165914	0.4973353582288278	0.000086609188276411	6.82843803394477e-7	10.74696530950745
1.3467689318009138e22	15.501893705531067	0.005321829166619873	0.4973367501819254	0.0000865472120050696	7.204131345872166e-7	10.802527789953013
1.3536959980270105e22	15.516143454509693	0.005319258232169123	0.49733805611078424	0.00008648182917542976	7.600594258417607e-7	10.858090272605617
1.3606230645374162e22	15.529879888936554	0.0053167425388432575	0.49733933434139077	0.00008641496094231497	8.006478150519904e-7	10.913652757538683
1.3675501313309773e22	15.543045043571436	0.005314321582447352	0.4973405654836287	0.00008634571070664482	8.428235092739011e-7	10.969215244742959
1.3744771984115515e22	15.555549693077051	0.005312003374667551	0.4973417458136473	0.00008627326522890204	8.871743667167833e-7	11.024777734249387
1.3814042657869259e22	15.568814900844774	0.005312059118637444	0.49734173935078935	0.00008619759852316036	9.337255222811626e-7	11.080340226120427
1.3883313334597108e22	15.580100580931887	0.005309869780328068	0.49734285582110216	0.00008612020040374713	9.81726689809689e-7	11.135902720377018
1.3952584014351754e22	15.590908692356692	0.005307778710212787	0.49734392293775065	0.0000860418501335995	1.0306659578958695e-6	11.191465217061424
1.4021854697102143e22	15.60108249752602	0.005305841490364915	0.4973449135248518	0.0000859606309733291	1.0818316854118772e-6	11.247027716148738
1.4063417108624923e22	15.60678874048005	0.005304612836222015	0.49734554150090515	0.0000859096628492382	1.1141921119353801e-6	11.280365217103109
1.4132687796321791e22	15.616113163222957	0.005302751019421281	0.4973464942678353	0.00008582622840781275	1.1675011787400752e-6	11.335927720158027
1.4201958487054126e22	15.624794292185246	0.005300898355529747	0.4973474427525656	0.00008574020878908334	1.222995512812322e-6	11.391490225647715
1.4271229180862112e22	15.632850983924676	0.0052990457343147866	0.49734839144871057	0.00008565176153437584	1.280630507677335e-6	11.447052733604405
1.434049987777656e22	15.64033653365965	0.005297310907899612	0.49734928129275147	0.00008556141632241463	1.3400990757481694e-6	11.502615244052807
1.4409770577804434e22	15.647548714267975	0.005295606324261471	0.4973501552141136	0.00008547227118638393	1.399332235140415e-6	11.558177756998512
1.4479041280833581e22	15.6541969177645	0.00529401524162704	0.49735097249267424	0.0000853810786104962	1.4605513120343908e-6	11.613740272351556
1.4548311986879402e22	15.660273660442572	0.005292477630691962	0.49735176308467416	0.00008528802158836658	1.5236725415277536e-6	11.6693027901243
1.4617582695948562e22	15.665810683838766	0.0052910062574558474	0.49735252054601325	0.0000851932914341129	1.5886010118588223e-6	11.724865310322084
1.4686853408039213e22	15.671154893816096	0.005289573955075852	0.49735325763019067	0.00008510014492997622	1.6530580491622685e-6	11.780427832943426
1.47561241230343e22	15.676076040075856	0.005288208492911875	0.4973539610413134	0.00008500636015223252	1.7186023730697743e-6	11.835990357894437
1.4825394840899015e22	15.68052228245219	0.005286889868481117	0.49735464093859966	0.00008491131816164102	1.7856923842183704e-6	11.891552885147195
1.4894665561619825e22	15.684509240857938	0.005285621447627732	0.49735529558336034	0.0000848152236823141	1.8541989194963744e-6	11.947115414690847
1.4963936285175591e22	15.688297427412342	0.005284401174889717	0.4973559254844158	0.00008472030312575593	1.922497791488294e-6	12.00267794650844
1.5033207011473497e22	15.691894841997717	0.005283213225290673	0.49735653858918677	0.00008462653242741166	1.990577354712699e-6	12.05824048052552
1.5102477740425429e22	15.695104668779468	0.005282066367688195	0.4973571309417835	0.00008453210598867684	2.059761855382589e-6	12.113803016671413
1.5171748472002678e22	15.697966033564098	0.005280964559359686	0.49735770051238554	0.00008443726334529138	2.1298756230257256e-6	12.169365554923091
1.5241019206169453e22	15.700151609423108	0.005279204124792079	0.49735859895053686	0.00008434290277450763	2.200207050451134e-6	12.224928095251848
1.5310289942863856e22	15.702835128504338	0.005278142154484275	0.49735914719513336	0.00008425153656573306	2.2688594029842687e-6	12.280490637608033
1.5379560681952544e22	15.705235416589211	0.005277115542272429	0.49735967747958854	0.0000841600834491316	2.338130261041454e-6	12.336053181884687
1.544883142339645e22	15.707382338805175	0.005276117314275918	0.4973601932531164	0.00008406875563018089	2.407846297933746e-6	12.391615728050482
1.5518102167151192e22	15.709314369676443	0.005275161066797562	0.49736068768371894	0.00008397775764626245	2.47783542833106e-6	12.447178276069813
1.5587372913167744e22	15.711429533491165	0.005274213086423445	0.49736117699195287	0.00008389038366949813	2.5454754609596836e-6	12.502740825903357
1.5656643661309344e22	15.713395678535427	0.005273269597105789	0.497361663667086	0.00008380374192409326	2.613002068082391e-6	12.558303377441417
1.5725914411521806e22	15.715188105365868	0.005272356938684903	0.49736213458698697	0.0000837176237690125	2.6805608556081898e-6	12.61386593064053
1.5795185163758037e22	15.716842132265317	0.0052714746689865016	0.49736258995184	0.00008363219292327195	2.7480028564194155e-6	12.669428485462923
1.5864455917968049e22	15.71861559529286	0.005270586396569889	0.497363047583262	0.00008354954829404246	2.813605806157504e-6	12.724991041868499
1.5933726674049927e22	15.72042696279506	0.005269705454052256	0.49736350098281157	0.00008346891303204826	2.8779554905337704e-6	12.780553599775512
1.6002997431925043e22	15.72213179108475	0.005268842540856463	0.4973639450386004	0.00008338905577451112	2.9420252231633216e-6	12.836116159120895
1.6072268191547729e22	15.723750057858371	0.005267992482397673	0.4973643823228285	0.00008331010893091228	3.0056864637860334e-6	12.891678719868017
1.614153895287022e22	15.726179986853435	0.005268557513017839	0.49736411141966747	0.00008323304535510511	3.0680786375485155e-6	12.947241281978561
1.621080971581285e22	15.727516511201047	0.005267318566435799	0.4973647420297471	0.00008315912780983221	3.128234040919931e-6	13.002803845388632
1.6280080480290558e22	15.729286666085727	0.005266525787149028	0.49736514919494407	0.00008308596351889342	3.1879896057629146e-6	13.058366410029997
1.6349351246262998e22	15.730999892773946	0.005265724912989749	0.497365560104041	0.00008301376309511548	3.247192569479027e-6	13.1139289758703
1.6418622013687948e22	15.732670321150202	0.00526453060302548	0.4973661674759156	0.00008294271371601582	3.3057023840119035e-6	13.16949154287567
1.6487892782530809e22	15.734363367053147	0.005262921659619519	0.4973669813618886	0.00008287472390448561	3.36170722252941e-6	13.225054111018355
1.6557163552679209e22	15.736262751219655	0.005262122298615532	0.49736739023383647	0.00008280818659388333	3.4168108289078338e-6	13.280616680208224
1.6626434324102493e22	15.738110059212483	0.005261310762329749	0.4973678049307775	0.0000827425408797802	3.471332839399999e-6	13.336179250420686
1.66957050967646e22	15.739913502968594	0.005260505881410243	0.4973682160372982	0.00008267782640673495	3.5252262521918653e-6	13.391741821626818
1.6764975870627268e22	15.741884103345964	0.00525970614220675	0.4973686240670095	0.00008261569968557943	3.5770666546166116e-6	13.447304393795928
1.683424664562213e22	15.74390335777557	0.005258974866877104	0.4973689975362871	0.00008255510337569478	3.627739802949224e-6	13.502866966873178
1.6903517421703342e22	15.745812628862218	0.0052581125551503715	0.4973694363066153	0.00008249516427398745	3.6779480462866893e-6	13.558429540821797
1.6972788198842049e22	15.747717231151562	0.005257334087217867	0.49736983296187215	0.00008243615969755738	3.7275005489982205e-6	13.61399211561864
1.7042058977008708e22	15.749654535341193	0.00525654900665224	0.49737023258571667	0.00008237872763275252	3.7757892803938775e-6	13.669554691240009
1.7111329756156527e22	15.751674569260135	0.005255755172134694	0.4973706362238372	0.00008232322854913742	3.822504926102712e-6	13.725117267648374
1.7180600536232075e22	15.753622402139367	0.0052549769247703946	0.4973710319074768	0.00008226831872801633	3.868795686110228e-6	13.780679844800877
1.7249871317218357e22	15.755893911803858	0.005255362400285483	0.4973708454310681	0.00008221372963940877	3.914796400900884e-6	13.836242422683888
1.7319142099080173e22	15.75729770969199	0.005253535060032257	0.49737176544288486	0.00008216039968804778	3.95994049563304e-6	13.89180500126917
1.7388412881809512e22	15.759534939048988	0.005253515587971825	0.4973717809358619	0.00008210899355312699	4.003363527512622e-6	13.947367580550296
1.745768366534283e22	15.76143400649751	0.005252762394882597	0.49737216326479083	0.00008205819357530248	4.046381656551041e-6	14.002930160476302
1.7526954449673648e22	15.76307238824412	0.005252003337107226	0.49737254836673545	0.00008200745461513506	4.089326300241833e-6	14.058492741041988
1.7596225234780954e22	15.764731650484249	0.005251286853762795	0.497372912093571	0.00008195730428654881	4.1318523725355686e-6	14.114055322230499
1.7665496020648366e22	15.76679244239021	0.0052512894427714256	0.4973729159464824	0.00008190904688048366	4.172786501974672e-6	14.169617904028698
1.7734766807234753e22	15.768030896409758	0.005249839370062594	0.49737364607604023	0.00008186100020043968	4.213534775081789e-6	14.225180486403591
1.7804037594522686e22	15.769507933182213	0.005249122042970971	0.4973740097107827	0.00008181334032752563	4.254002226873285e-6	14.280743069341199
1.787330838249972e22	15.770849737093489	0.0052484423620214335	0.49737435443137884	0.00008176585542048198	4.294341725591964e-6	14.336305652831538
1.7942579171154014e22	15.772189790067335	0.005247811265599563	0.49737467467607804	0.000081719411360457	4.333810323238372e-6	14.391868236865115
1.8011849960460594e22	15.773545051540916	0.00524713065728443	0.4973750195208037	0.0000816740223122551	4.372409669743021e-6	14.447430821421895
1.8081120750395552e22	15.774717346397905	0.00524654978587225	0.4973753144173522	0.00008162865282171446	4.411001793484714e-6	14.5029934064827
1.8150391540950151e22	15.774824134738576	0.005243917552472608	0.4973766351334663	0.00008158369464246587	4.449371405078259e-6	14.558555992040521
1.8219662332117398e22	15.776738467283963	0.005245326300501021	0.49737593486248455	0.00008153867811060181	4.487617266834364e-6	14.614118578089755
1.8288933123887515e22	15.777711448824276	0.005244748543116006	0.49737622781941676	0.00008149543437689934	4.524450507271713e-6	14.669681164622554
1.8358203916230484e22	15.778582743951432	0.005244227054524873	0.4973764925718853	0.00008145242169015475	4.561111433918297e-6	14.725243751614842
1.8427474709125611e22	15.778419080665472	0.0052416579333755585	0.49737778126193877	0.00008141006299077809	4.597341022566449e-6	14.780806339050022
1.8496745502573087e22	15.779100923999462	0.0052410915765893195	0.4973780682795758	0.0000813679354820749	4.633295342833193e-6	14.836368926928241
1.8566016296553038e22	15.779908819095885	0.005240525675201418	0.49737835477510284	0.00008132828354677467	4.667133733597208e-6	14.891931515233564
1.8635287091033328e22	15.780783330158991	0.005239984147495056	0.4973786288487023	0.00008129059164247525	4.699299780817224e-6	14.94749410394021
1.8704557885972726e22	15.7806573949347	0.005239502677460456	0.49737887359704713	0.00008124567249679131	4.737764181402562e-6	15.003056693015111
1.8773828681468731e22	15.779322675645798	0.0052391187190118545	0.4973790704440383	0.00008119167626683305	4.7841427718173105e-6	15.058619282536473
1.8843099477639634e22	15.781646347193636	0.005238617358122048	0.49737932273986346	0.00008117017601872088	4.8023506243719716e-6	15.114181872599172
1.8912370274035504e22	15.783716357918168	0.005238107515570012	0.49737957936026933	0.00008114790468440672	4.821251129747107e-6	15.16974446284232
1.8981641070667807e22	15.785532305446194	0.005237614786057445	0.4973798275148228	0.00008112481056688154	4.840893962906918e-6	15.225307053275111
1.9050911867548715e22	15.787058015231016	0.005237107418987559	0.4973800830834546	0.00008110075129940303	4.861396040016423e-6	15.280869643907312
1.9120182664691263e22	15.788294575750443	0.005236649738398289	0.49738031391059717	0.00008107565858584868	4.882822204734726e-6	15.336432234749378
1.918945346210946e22	15.789216730037257	0.0052362177365451665	0.49738053200834126	0.0000810493798235003	4.905301955603486e-6	15.391994825812542
1.92587242598188e22	15.789834574731213	0.005235837106287887	0.49738072454116605	0.0000810217966642512	4.928942955869304e-6	15.447557417109232
1.932799505783623e22	15.790116257922778	0.005235481225303278	0.49738090483459746	0.00008099274059650106	4.953894079774073e-6	15.503120008653045
1.939726585618038e22	15.790039783785183	0.005235156290253304	0.4973810698041413	0.00008096201212280851	4.980330730489533e-6	15.558682600458921
1.946653665487162e22	15.789578563324383	0.005234863549732902	0.49738121884276953	0.00008092937757634395	5.00845951939755e-6	15.614245192543203
1.9508099134310727e22	15.789104958311375	0.005234689552790656	0.4973813075317866	0.00008090876835535709	5.026250162135052e-6	15.647582747973734
1.9577369933606547e22	15.787957645206864	0.005234460556045868	0.49738142500882093	0.00008087247600690617	5.057625093563364e-6	15.703145340542953
1.9646640733315515e22	15.786339399204284	0.005234276355648952	0.49738152031725885	0.00008083341929696607	5.091454395958309e-6	15.758707933443558
1.9715911533469452e22	15.78416755081449	0.005234168384786827	0.4973815777705555	0.00008079109042101306	5.128184459170664e-6	15.814270526701078
1.978518233410483e22	15.781371576462156	0.005234016318970147	0.49738165758593683	0.00008074490034803243	5.168347109749963e-6	15.869833120344765
1.9854453135264052e22	15.777884953189535	0.005233968452655271	0.497381685657599	0.00008069403914503283	5.212656991822654e-6	15.925395714408632
1.9923723936997887e22	15.773998963290339	0.00523389098828907	0.49738172867122205	0.00008064108727360631	5.258880181842281e-6	15.980958308933397
1.999299473932469e22	15.77279672274799	0.005233768792920506	0.49738179194343624	0.0000806127712778519	5.28354057624994e-6	16.03652090393379
2.0062265541953596e22	15.771247190585617	0.005233706365872245	0.4973818254543137	0.00008058297659521622	5.309536825447221e-6	16.0920834991765
2.0131536344901287e22	15.76934219011132	0.0052336513664083505	0.49738185538947577	0.00008055150604925398	5.337045199955152e-6	16.147646094674908
2.020080714818669e22	15.767019145003092	0.005233604520883582	0.4973818813967341	0.00008051810474376252	5.366288368243711e-6	16.2032086904442
2.02700779518306e22	15.764271300662399	0.0052335914458929485	0.49738189068504585	0.00008048254698663525	5.397474114427886e-6	16.258771286501048
2.033934875585627e22	15.761074372869576	0.005233630624920249	0.49738187403227885	0.0000804445421454113	5.430866673874719e-6	16.314333882864116
2.0408619560289446e22	15.757358042624556	0.005233623659839744	0.49738188066819994	0.00008040371308736285	5.466808364224134e-6	16.36989647955404
2.047789036515963e22	15.756159239572078	0.005233569134825135	0.4973819092531257	0.00008038595645037904	5.482414730829263e-6	16.425459076594496
2.0547161170213605e22	15.754777143298284	0.0052335713546212345	0.49738190947441996	0.00008036819962818594	5.498045757010829e-6	16.48102167378237
2.061643197545271e22	15.753158045268568	0.005233599285799771	0.49738189688743056	0.00008034996278735894	5.5141256584062344e-6	16.536584271118738
2.06857027808833e22	15.752519367134934	0.005233597819697805	0.49738189823315143	0.00008034172108559746	5.521387107547228e-6	16.592146868608697
2.0754973586399225e22	15.75211769919817	0.0052336069884069535	0.49738189399611266	0.00008033708968174304	5.525472254534984e-6	16.647709466167107
2.077229128779213e22	15.750484486661586	0.0052338346511778015	0.49738178025368346	0.00008033792296490603	5.524889344532761e-6	16.66160011556788