# N(H) (cm^-2)	Tdust[K]	PEheating	H2 vib deexc.	H2 form	dust-gas coll.	OI cooling	CII  cooling	CO  cooling	CI  cooling
2.4693077696805617e-10	9.446600048882235e-10
0.	20.416	7.276846351228245e-20	7.350128701124398e-17	8.288232613548633e-18	-8.146395898781537e-19	-2.3380997863750995e-17	-3.847649057787626e-20	-2.3133879214643332e-17	-8.570723880105719e-21
3.1621464049372046e11	20.408974332125858	7.286380771767584e-20	7.369586235509421e-17	8.304689970906593e-18	-8.11481689008483e-19	-2.3214562599455137e-17	-3.7074107696139415e-20	-2.3592278236076036e-17	-8.293704508784854e-21
9.486438654735994e11	20.40897404578328	7.290942293893451e-20	7.366685278097243e-17	8.310066093690335e-18	-8.102608660658238e-19	-2.318470242146195e-17	-3.687263210008741e-20	-2.3635924199848068e-17	-8.25851921559077e-21
2.213502248044481e12	20.408974670563826	7.296533305757242e-20	7.359297058642892e-17	8.317706286530634e-18	-8.084048442278325e-19	-2.3150429338748748e-17	-3.6669138179715557e-20	-2.3658842676423365e-17	-8.228955360822224e-21
4.74321878167894e12	20.408974703653712	7.304637703229918e-20	7.344940405278752e-17	8.329865112386744e-18	-8.053634491854271e-19	-2.3102977251123535e-17	-3.641766286488165e-20	-2.3660352250686714e-17	-8.20029286898967e-21
9.802651025699846e12	20.408974750827998	7.317280098551832e-20	7.318874402186315e-17	8.349823886472464e-18	-8.002529115532621e-19	-2.3030960903166735e-17	-3.607050446354609e-20	-2.3628552339769617e-17	-8.170828270914471e-21
1.992151257394303e13	20.408973666716363	7.337678257040804e-20	7.272785078963319e-17	8.382753732666617e-18	-7.916140089312668e-19	-2.2915989927973285e-17	-3.555780694224342e-20	-2.3539818307051192e-17	-8.139498866248325e-21
4.0159225252324336e13	20.408973912429996	7.370965901845517e-20	7.191904204935778e-17	8.43640995855677e-18	-7.770512815899832e-19	-2.2727317532954853e-17	-3.477415291417152e-20	-2.3351814613210817e-17	-8.105213182317182e-21
8.063461416913453e13	20.408971989920364	7.425077073801499e-20	7.048709947153053e-17	8.520747101443147e-18	-7.526780243558925e-19	-2.2413498492970914e-17	-3.3573442427949514e-20	-2.298810757091871e-17	-8.066640264373045e-21
1.6158526661235597e14	20.408969342366788	7.51157050973155e-20	6.787626651981503e-17	8.640562642572692e-18	-7.122928282480955e-19	-2.188930989941425e-17	-3.1796725270457986e-20	-2.230477073885975e-17	-8.022598779900516e-21
3.234861589854757e14	20.408964066265153	7.645212150212463e-20	6.282512100551667e-17	8.74823316261828e-18	-6.460165328154328e-19	-2.1023304255521528e-17	-2.94719469800324e-20	-2.099589814037808e-17	-7.977745483026407e-21
6.472868280399979e14	20.408953514061867	7.83285501443523e-20	5.223521065583355e-17	8.387422037430469e-18	-5.405789069360197e-19	-1.9696670869205168e-17	-2.7912893754791307e-20	-1.8326093140741724e-17	-7.991451496616584e-21
1.2948924717464692e15	20.408933626126498	7.844532410119147e-20	2.991686196235972e-17	5.449158012957648e-18	-3.937170250931479e-19	-1.9394428805865863e-17	-6.064968764959118e-20	-1.1856551768263738e-17	-8.443277532986148e-21
2.1583989209952505e15	20.40890584172681	7.718913429766444e-20	1.3297943053891713e-17	2.6169409900831498e-18	-1.622485108915383e-19	-1.610154225905772e-17	-3.7074374110700616e-19	-1.1099731784961496e-19	-6.306117270817612e-21
3.309749025699827e15	20.408868466392157	8.495556316351446e-20	5.8540508405574425e-18	1.3015268040611875e-18	-5.721345161242036e-20	-7.198693826094056e-18	-3.331545225822659e-19	-1.4963825249661884e-20	-5.7458655191804315e-21
5.612449235466127e15	20.408794780150053	8.742074479581982e-20	2.8433546680710803e-18	6.653681591456547e-19	-3.0753331535731964e-20	-3.4375297759525817e-18	-2.965033388571848e-19	-8.865749850130173e-21	-5.066376268834453e-21
1.0217849584577528e16	20.40864740766585	8.859170175508318e-20	1.537256124493599e-18	3.5531827578584692e-19	-1.993926836955367e-20	-1.781411870746852e-18	-2.602881110294525e-19	-7.62897732958061e-21	-4.639335984954437e-21
1.9428650076748868e16	20.40835296678543	8.920379855051219e-20	9.598659938688839e-19	2.1305775934668385e-19	-1.4803207810323612e-20	-1.0566047338025276e-18	-2.305310733581394e-19	-7.687754588520904e-21	-4.402355975301139e-21
3.785025060175413e16	20.407763476729393	8.955203613634134e-20	6.685190990203899e-19	1.4520667655613003e-19	-1.1976503087866763e-20	-7.042776128871884e-19	-2.0776316150574754e-19	-7.97165920772243e-21	-4.257179184009538e-21
7.469345080145598e16	20.40630719074607	8.976555097312815e-20	4.921327595296404e-19	1.0879239712491894e-19	-1.0136228775432053e-20	-5.022549588571218e-19	-1.8946692294184513e-19	-8.128913988637892e-21	-4.15189074976816e-21
1.4837984968425306e17	20.402377562046052	8.989245665408655e-20	3.675259383334826e-19	8.560276897195425e-20	-8.734598690509576e-21	-3.667452733436023e-19	-1.731882949341757e-19	-8.173074457693666e-21	-4.0634121700661874e-21
2.9575264447991616e17	20.396014157772065	8.992638325516643e-20	2.7187621940114625e-19	6.827678834241642e-20	-7.552048613113662e-21	-2.6680393974095065e-19	-1.5751126364732313e-19	-8.184968756748786e-21	-3.981901435635013e-21
5.904982277212388e17	20.384834109306336	8.982594346250812e-20	1.9737759815103028e-19	5.429352228426024e-20	-6.519597256865885e-21	-1.9158845782021747e-19	-1.4210037767683966e-19	-8.22450799965819e-21	-3.903773208164492e-21
1.1799893805754058e18	20.363228428304197	8.949292737081394e-20	1.4061296233551429e-19	4.2984694255853165e-20	-5.627185746648744e-21	-1.3633950107811066e-19	-1.2727527422119372e-19	-8.319309419152027e-21	-3.829700138560618e-21
2.3589716587364e18	20.325541339874267	8.877139649899906e-20	9.860425479202331e-20	3.405128969996324e-20	-4.872780407123145e-21	-9.700930692745092e-20	-1.1346751956494606e-19	-8.518898065729556e-21	-3.761754814425327e-21
4.716936164141084e18	20.258036982481368	8.737981563826749e-20	6.820210393971925e-20	2.7215514908934224e-20	-4.2464078271658566e-21	-6.956920841924796e-20	-1.0088189740722905e-19	-8.941824169903936e-21	-3.704939266688632e-21
9.432865088768018e18	20.14156451624632	8.493756176202973e-20	4.6439873106729575e-20	2.2064563080349735e-20	-3.724146976811634e-21	-5.021967775438459e-20	-8.92655113789112e-20	-9.833542315146685e-21	-3.661417607453342e-21
1.88647228029349e19	19.940645050764083	8.079801118837204e-20	3.0867516409004103e-20	1.8141008443701894e-20	-3.2646407708149452e-21	-3.574712803297575e-20	-7.771348438237981e-20	-1.1701458433208319e-20	-3.627676613930369e-21
3.772843803844201e19	19.599335917428135	7.406185748723108e-20	1.9658732547179448e-20	1.499304614813398e-20	-2.802248718483021e-21	-2.3615095920837373e-20	-6.44133590966099e-20	-1.569757904965062e-20	-3.569281914196261e-21
7.545586833633676e19	19.033961464524268	6.391034931564943e-20	1.1568307430407016e-20	1.2062677012028206e-20	-2.2049937770753744e-21	-1.2032893487003724e-20	-4.577941566254931e-20	-2.4760209999999913e-20	-3.294508664218466e-21
1.509107300875643e20	18.102900210380554	4.977448172163047e-20	5.857616628308558e-21	8.09295738473561e-21	-1.2288295668815314e-21	-2.485750864780559e-21	-1.8360004229882917e-20	-3.938996886338595e-20	-2.1065781775200065e-21
2.5258661238511724e20	17.046427891254424	3.6815472580333025e-20	2.776407989164766e-21	3.0656436299885515e-21	-4.851341500951848e-22	-2.6497218103686776e-22	-2.727487325362153e-21	-3.8574564614414426e-20	-4.896954477133848e-22
3.542625051815784e20	16.135212456583975	2.803033582616537e-20	1.604719350262865e-21	1.3995275239931291e-21	-4.41190446236311e-22	-1.2405682813746226e-22	-7.666153868993588e-22	-2.942304322622783e-20	-1.8639064908421934e-22
4.559384019733075e20	15.296648737579584	2.1349689930214148e-20	1.0025399127819963e-21	8.136163520611858e-22	-4.611934937339655e-22	-7.71118515964689e-23	-3.036385575411815e-22	-2.2153569506219613e-20	-1.0928997096216952e-22
5.576143003479984e20	14.520732680439949	1.65078932798359e-20	6.548456771415582e-22	5.457354389672026e-22	-4.883098284217993e-22	-5.067048302750746e-23	-1.426854093294652e-22	-1.6930879402331477e-20	-7.832069311152219e-23
6.592901995114091e20	13.897743115458638	1.3065097868648751e-20	4.416593219942886e-22	4.023197241734143e-22	-5.188768420527189e-22	-3.461423917515367e-23	-7.540106247001734e-23	-1.3242529801446942e-20	-6.227475203665789e-23
7.609660991167876e20	13.554597564138472	1.2184078653004444e-20	3.096559033118262e-22	3.215151095127096e-22	-6.384822246926405e-22	-3.8246813510384386e-23	-5.379696372337116e-23	-1.2034955359704867e-20	-4.742360991082329e-23
8.626419989521021e20	13.211451977729798	1.1303232719609284e-20	2.214038550019473e-22	2.702637312556982e-22	-7.0344823278251115e-22	-3.9905994444831116e-23	-4.0050623432945445e-23	-1.0957422907724903e-20	-3.840112534826209e-23
9.643178989298216e20	12.868306321144106	1.0422627393962898e-20	1.6122742068864692e-22	2.3701862739349167e-22	-7.549768302892685e-22	-3.938255140589626e-23	-3.0901870655142696e-23	-9.945987466597964e-21	-3.2921761401343147e-23
1.0659937989994937e21	12.525160945266485	9.542245529079535e-21	1.1958242466398996e-22	2.146241056460438e-22	-7.943138910302106e-22	-3.6995557727683755e-23	-2.4590356306084665e-23	-8.982938046579121e-21	-2.979109855043997e-23
1.1676696991302316e21	12.182015288680793	8.66206607048509e-21	9.040985664860191e-23	1.9933140250422779e-22	-8.222255996505972e-22	-3.31709205756042e-23	-2.003740286536045e-23	-8.057529098631619e-21	-2.833661049854531e-23
1.2693455993018004e21	11.838869632095099	7.782070514493665e-21	6.97613729124968e-23	1.8863909168830697e-22	-8.390176269126184e-22	-2.837269666087959e-23	-1.6568895253393328e-23	-7.162754644065158e-21	-2.8187077615830354e-23
1.371021499499657e21	11.495723420619964	6.902246126349272e-21	5.500961773618868e-23	1.808660975949678e-22	-8.444817106900447e-22	-2.305641591390203e-23	-1.3758204230871686e-23	-6.29331055132426e-21	-2.916920460892813e-23
1.4726973997119006e21	11.152577764034271	6.022581793746577e-21	4.4377471351492236e-23	1.751630502588271e-22	-8.381102019745273e-22	-1.767061564964531e-23	-1.1341219104419152e-23	-5.4472912100186625e-21	-3.126544660045175e-23
1.5743732999270108e21	10.809432107448579	5.143073684727927e-21	3.6643256179346455e-23	1.707671911713685e-22	-8.187369010427942e-22	-1.260508655586547e-23	-9.153650882247352e-24	-4.623223839926911e-21	-3.4606048361077086e-23
1.6760492001316435e21	10.466286450862885	4.263723133231507e-21	3.095564790801837e-23	1.6720131171767017e-22	-7.84478401166729e-22	-8.189377227255454e-24	-7.10268672872958e-24	-3.821476743661103e-21	-3.950177238042332e-23
1.7777251003076116e21	10.123140520095825	3.3845402895465752e-21	2.671076033104458e-23	1.638843104282052e-22	-7.3218074733231635e-22	-4.6659212348554286e-24	-5.1476902075091406e-24	-3.0435490582002232e-21	-4.6508186149753057e-23
1.8794010004262473e21	9.779994863510133	2.5055437756414756e-21	2.3469274967297012e-23	1.606179130935456e-22	-6.568045513165865e-22	-2.1761684494562253e-24	-3.3024261533830675e-24	-2.2944919318265576e-21	-5.64778334929931e-23
1.9810769004345539e21	9.436849206924439	1.626772845348309e-21	2.0890785540028572e-23	1.567891614809684e-22	-5.4931477291326985e-22	-7.188803125179242e-25	-1.6518500290040401e-24	-1.5839021433701222e-21	-7.007982188155195e-23
2.082752800207804e21	9.218942732557656	1.4823899642223664e-21	1.93447565462143e-23	1.5551832676182944e-22	-5.678112142571692e-22	-5.766606234881003e-25	-1.4161863277990979e-24	-1.4312638834711646e-21	-7.22231686512497e-23
2.1844286999165694e21	9.007908202856779	1.3782878937894943e-21	1.8214130034280892e-23	1.5449631496299346e-22	-5.790499735698044e-22	-4.963541552338923e-25	-1.2656845029999853e-24	-1.3227622334731394e-21	-7.392775062141294e-23
2.28610459957078e21	8.79687372225523	1.2742015649787018e-21	1.7355312996447373e-23	1.5362242427175949e-22	-5.872363437597573e-22	-4.191058891944762e-25	-1.116883368234573e-24	-1.2183487657980727e-21	-7.564210346517753e-23
2.3877804991621575e21	8.58583914345503	1.1701312599696656e-21	1.6694693443042378e-23	1.5279842188142947e-22	-5.930468413830978e-22	-3.4614748323150756e-25	-9.702627478233761e-25	-1.1173075346795666e-21	-7.727517378560348e-23
2.4894563986804336e21	8.374804199635982	1.0660758220839615e-21	1.6178803471510115e-23	1.5185517594554884e-22	-5.964569305349062e-22	-2.791934773161685e-25	-8.276130906830144e-25	-1.0196892080104717e-21	-7.873826904913956e-23
2.5911322981125346e21	8.163769620835781	9.620343585000803e-22	1.57681388831055e-23	1.5109027451091761e-22	-5.974080291344711e-22	-2.194268492998149e-25	-6.908827568447115e-25	-9.255662693182738e-22	-7.992410947383896e-23
2.692808197441474e21	7.952735042035579	8.580063639968858e-22	1.5433228509347397e-23	1.5012875742052245e-22	-5.957801337818792e-22	-1.6750343194337238e-25	-5.620332982831008e-25	-8.349755189076479e-22	-8.069237875741919e-23
2.794484096644437e21	7.741700463235379	7.539907101693905e-22	1.5152318891266266e-23	1.492798703870022e-22	-5.915404471389656e-22	-1.238303434380126e-25	-4.43363428522691e-25	-7.482364913206534e-22	-8.086730324166037e-23
2.8961599956897964e21	7.530665715813637	6.499875086167115e-22	1.490864880390843e-23	1.4825142576227424e-22	-5.845185365360707e-22	-8.821885570307076e-26	-3.366966881136136e-25	-6.654481924632798e-22	-8.020868190436732e-23
2.997835894531792e21	7.319631137013435	5.459963500134221e-22	1.468987498516328e-23	1.4723599676330203e-22	-5.746912549883408e-22	-6.030151469812821e-26	-2.4394787804850167e-25	-5.870501136582215e-22	-7.83996232315662e-23
3.0995117931003207e21	7.108596558213233	4.420178682283574e-22	1.4486334989676885e-23	1.4614185970819567e-22	-5.619745029211103e-22	-3.9310900557678915e-26	-1.6648096702216946e-25	-5.133659473643567e-22	-7.49794015978034e-23
3.201187691279763e21	6.897561979413033	3.38054561081075e-22	1.4290767771012337e-23	1.4495414433260197e-22	-5.46383054014805e-22	-2.4288116085051345e-26	-1.0506084731643743e-25	-4.448976242685184e-22	-6.925951669774593e-23
3.3028635888576784e21	6.686527400612831	2.3411294968781143e-22	1.4098253165821068e-23	1.4377227309098875e-22	-5.281740398682529e-22	-1.4154135190232187e-26	-5.971794473000649e-26	-3.8233896827265143e-22	-6.006917607995021e-23
3.404539485369532e21	6.538433456048369	1.7994581611383478e-22	1.3972848988850374e-23	1.4302671502660784e-22	-5.266598923458833e-22	-9.97367925325894e-27	-4.1520531091325256e-26	-3.450579004742271e-22	-5.294835584166889e-23
3.50621538090475e21	6.443396695166826	1.6771095536106005e-22	1.391995278326358e-23	1.4291724515044258e-22	-5.361154650631465e-22	-8.891124220082469e-27	-3.7647285409738363e-26	-3.290558050936662e-22	-5.092624408536274e-23
3.6078912761432417e21	6.3483603072762484	1.5547307811095405e-22	1.3880866393019397e-23	1.4273343674410742e-22	-5.415549766570585e-22	-8.155041349521209e-27	-3.446463321082458e-26	-3.1618929467712126e-22	-4.8956183893880147e-23
3.709567171044327e21	6.253323958992958	1.4323661010639713e-22	1.3845340235138543e-23	1.4259628650106121e-22	-5.46695014992154e-22	-7.448636267743008e-27	-3.143663310545327e-26	-3.037934334564381e-22	-4.683904350453123e-23
3.811243065558054e21	6.158287531495095	1.3100162166277097e-22	1.3812319632672457e-23	1.4245044586311229e-22	-5.515495360932579e-22	-6.77569570803709e-27	-2.85716019949707e-26	-2.9184477902995055e-22	-4.456289154436535e-23
3.9129189596220217e21	6.0632508696317675	1.187683449239994e-22	1.378068892793667e-23	1.4229641364464294e-22	-5.560401580738668e-22	-6.13139034977633e-27	-2.5862729070402845e-26	-2.802416842996848e-22	-4.2107779055917175e-23
4.0145948531565207e21	5.968214442133903	1.0653673079613992e-22	1.375041501374933e-23	1.4217634404409329e-22	-5.603375790407826e-22	-5.531610081313355e-27	-2.333804935867531e-26	-2.691125075852685e-22	-3.9466697281393883e-23
4.1162707460576473e21	5.8731781730651855	9.430699781635793e-23	1.37211660309504e-23	1.4206721161327266e-22	-5.644845378289105e-22	-4.978009563932537e-27	-2.1000869156080752e-26	-2.584632692068661e-22	-3.661945130327432e-23
4.217946638185719e21	5.778141745567321	8.20798821906817e-23	1.3691268020002787e-23	1.4194865177015327e-22	-5.681152878920741e-22	-4.4456572662743346e-27	-1.8808353351458121e-26	-2.4796783644771117e-22	-3.3519099430629085e-23
4.319622529346484e21	5.683105318069458	6.98554388369192e-23	1.3661879917134993e-23	1.4178797590154252e-22	-5.7163527745301e-22	-3.961571133064876e-27	-1.6804780637874864e-26	-2.379484099594049e-22	-3.01539952515226e-23
4.421298419256892e21	5.588068890571593	5.763455114985927e-23	1.363224204385777e-23	1.4172484835040593e-22	-5.748928898209614e-22	-3.5146565075610924e-27	-1.4967619378807935e-26	-2.2826440115613943e-22	-2.647201332158274e-23
4.5229743074788754e21	5.49303246307373	4.5418367641636224e-23	1.3602073688720943e-23	1.4172072580164986e-22	-5.778574785412147e-22	-3.102532951916889e-27	-1.3285130324878448e-26	-2.1888324214160444e-22	-2.2412576365995775e-23
4.624650193274273e21	5.397995959639549	3.320891776168382e-23	1.357050705859301e-23	1.418106809406131e-22	-5.803264741425997e-22	-2.71631372007449e-27	-1.172495870410965e-26	-2.096577410367859e-22	-1.7883242160007188e-23
4.726326075226882e21	5.312499266535044	2.2479271731206136e-23	1.3538906608442096e-23	1.4208095656604752e-22	-5.827068981715043e-22	-2.3721452051638873e-27	-1.0379400413621161e-26	-2.0082521925246156e-22	-1.3385011837846075e-23
4.828001951144342e21	5.286987169995904	2.099356343931127e-23	1.3526512128988188e-23	1.4222458317455004e-22	-5.892173350745273e-22	-2.2385028450977574e-27	-1.007576070267698e-26	-1.9555106695797385e-22	-1.2673781802080233e-23
4.929677825836928e21	5.261475073456764	1.9507001836592022e-23	1.352560813352404e-23	1.4223105860815014e-22	-5.920280946559994e-22	-2.211095057753688e-27	-9.957657774572228e-27	-1.92521115388237e-22	-1.201525626567979e-23
5.031353699154102e21	5.2359630139768125	1.8020754544251547e-23	1.3525261365603334e-23	1.4232254729711716e-22	-5.949544519245788e-22	-2.1877785156277403e-27	-9.843327809420489e-27	-1.8969199110890674e-22	-1.1342291794120299e-23
5.133029570914108e21	5.210450637638569	1.6534938922261166e-23	1.352456164942631e-23	1.4249277313788833e-22	-5.977543746611714e-22	-2.160733964334147e-27	-9.717856053224117e-27	-1.868960419190768e-22	-1.0648895325622851e-23
5.234705440893851e21	5.184938504040241	1.504963736625999e-23	1.3522936748254893e-23	1.425553918744813e-22	-6.002763329821043e-22	-2.1253776389096105e-27	-9.571881951339187e-27	-1.840312952193849e-22	-9.93128335655474e-24
5.336381308813843e21	5.159426518678665	1.3564812383839574e-23	1.352146786981929e-23	1.4266407903785428e-22	-6.028234572804648e-22	-2.0913762728997266e-27	-9.421265173726926e-27	-1.8128801057321813e-22	-9.19298503188309e-24
5.438057174317304e21	5.133914385080338	1.208054940070189e-23	1.351997390686063e-23	1.428554638957139e-22	-6.053497212947513e-22	-2.057258805795597e-27	-9.261262843992671e-27	-1.7863065757448602e-22	-8.430651018110886e-24
5.53973303693579e21	5.10840225148201	1.0596995786994995e-23	1.3517550595397834e-23	1.4307642028240365e-22	-6.076081462226956e-22	-2.0156963637819153e-27	-9.075675793983618e-27	-1.7590114431179672e-22	-7.637762155529942e-24
5.641408896035082e21	5.082890117883682	9.114237369765919e-24	1.3514652033251253e-23	1.433758162291887e-22	-6.097263942599728e-22	-1.970753486289743e-27	-8.867242033288458e-27	-1.7317776307440211e-22	-6.812073689600233e-24
5.743084750721552e21	5.057377963900566	7.632467708961646e-24	1.3510771424300047e-23	1.4361633434458812e-22	-6.115659422001505e-22	-1.9186450115583243e-27	-8.621864336471516e-27	-1.7037549063590167e-22	-5.946023919970787e-24
5.844760599666056e21	5.031865830302238	6.151915930093464e-24	1.3506377146962558e-23	1.4408194910754958e-22	-6.132578383859926e-22	-1.863282260934885e-27	-8.333807024493459e-27	-1.6757461973235481e-22	-5.031618402500123e-24
5.946436440740666e21	5.006353696703911	4.6730886547057574e-24	1.3498954896822682e-23	1.4456748670512345e-22	-6.141085104114385e-22	-1.7861470096706524e-27	-7.945158027558799e-27	-1.6436784035970423e-22	-4.047624771951284e-24
6.048112270148456e21	4.980841563105583	3.1967417835282443e-24	1.3487690228466715e-23	1.4546847845597757e-22	-6.138967856410109e-22	-1.6829671045544566e-27	-7.389886537603578e-27	-1.6064765730813561e-22	-2.964731040728637e-24
6.149788079793689e21	4.969195949405432	2.6668896529039456e-24	1.348514616020944e-23	1.4613124548576469e-22	-6.160878813989279e-22	-1.6457249999340595e-27	-7.151145195342216e-27	-1.5835726137643786e-22	-2.5435669274666205e-24
6.353139676551506e21	4.956066674530507	2.299286403279325e-24	1.3496931651423317e-23	1.4646636083965378e-22	-6.206723620479173e-22	-1.6898437778303893e-27	-7.10686056120408e-27	-1.5654152294915832e-22	-2.2499937098093514e-24
6.759842828911417e21	4.929808717727662	1.5656816037853291e-24	1.3515534433444325e-23	1.4773999830431982e-22	-6.2733446965015375e-22	-1.742201567898523e-27	-6.793273604499849e-27	-1.5260130352691242e-22	-1.596004017993851e-24
7.573248879612561e21	4.881745127871633	3.1919586784150276e-25	1.351028384530381e-23	1.5381916787911008e-22	-6.288705917762876e-22	-1.4801536392823671e-27	-4.084695751863798e-27	-1.3991484987652371e-22	-2.6974305933647527e-25
9.200057362319606e21	4.833055175095796	3.229725782417602e-26	1.3602322548302068e-23	1.5111264853004817e-22	-6.602841696310098e-22	-1.3817293337646516e-27	-1.8157943263047743e-27	-1.3430473511405293e-22	-1.7406696279639254e-26
1.2250317058931499e22	4.766739853024482	2.9676009466903296e-28	1.3678942654728196e-23	1.263322213096554e-22	-6.879359937841096e-22	-5.566777826275103e-28	-8.17307546500411e-28	-1.1950853183203038e-22	-1.5503879768126036e-27
1.5300586620919115e22	4.714865434706211	-3.8015204138629562e-31	1.371513789547061e-23	1.2163880116523835e-22	-7.061857057393822e-22	-4.839621910126383e-28	-8.012138009517817e-28	-1.0707248820909123e-22	-1.3534177973722333e-27
1.8350857447078466e22	4.671894396143966	-1.0646054968843267e-31	1.3748142125299482e-23	1.2136220005512566e-22	-7.219629164058514e-22	-5.2223956584280245e-28	-8.389548063337364e-28	-9.868190220739575e-23	-1.3659209420563141e-27
2.140112835685752e22	4.6343380381017925	-6.502295353020794e-33	1.3773745268906148e-23	1.2133700324034864e-22	-7.346000571741705e-22	-5.572460423990805e-28	-8.721375082032345e-28	-9.202529539935441e-23	-1.3845339727977945e-27
2.4451399275197667e22	4.602251538634301	-3.3765878584910133e-34	1.379413197883997e-23	1.2134270999261718e-22	-7.451027836788257e-22	-5.838661014208182e-28	-8.994658863658211e-28	-8.649998529926841e-23	-1.3998572274413762e-27
2.750167019831445e22	4.573360723495483	-1.5381689529243337e-35	1.3811259301115648e-23	1.213335069294796e-22	-7.540253538501479e-22	-6.049217616410139e-28	-9.229879785788303e-28	-8.183038803038995e-23	-1.4128543061840324e-27
3.0551941125226577e22	4.547463688254355	-5.179557024555382e-37	1.3825441341521706e-23	1.2132499802817468e-22	-7.617099834921329e-22	-6.204882563987173e-28	-9.428558613318177e-28	-7.774963054417785e-23	-1.4236931545745814e-27
3.360221205529264e22	4.523042467236519	-2.2185083869551437e-38	1.3837483706279628e-23	1.213153270382829e-22	-7.684133871573247e-22	-6.320378141580542e-28	-9.600078034429515e-28	-7.414992641343541e-23	-1.4329511665235817e-27
3.665248298800397e22	4.501097193717957	-1.0681416433818367e-39	1.384773324606582e-23	1.213422944960967e-22	-7.744108056678301e-22	-6.401626089030702e-28	-9.74812607267865e-28	-7.093488021319087e-23	-1.4408726062549476e-27
3.9702753923009234e22	4.480955898404121	-4.694262147703487e-41	1.385651865150238e-23	1.213212641165448e-22	-7.796805400139918e-22	-6.4550367595292655e-28	-9.876546995333434e-28	-6.804237188423979e-23	-1.4476856573744987e-27
4.275302486005589e22	4.46181473761797	-1.648650758570897e-42	1.38642020488617e-23	1.213130176579837e-22	-7.844084837751004e-22	-6.488455300126422e-28	-9.990023709057349e-28	-6.543479772765969e-23	-1.4536679959925154e-27
4.580329579876915e22	4.444821023315191	-5.889265639714e-44	1.387094706240418e-23	1.2136533670434463e-22	-7.88736372085324e-22	-6.505285046764333e-28	-1.009054847282212e-27	-6.307279675940028e-23	-1.4589480443664328e-27
4.885356673903256e22	4.428302857995034	-2.7789219283214893e-45	1.3876883928083934e-23	1.2131557631625915e-22	-7.925679887042978e-22	-6.5082474684081825e-28	-1.0179721901024558e-27	-6.09230354326298e-23	-1.463586572855049e-27
5.19038376805957e22	4.412637642562389	-1.2155796160394175e-46	1.3882040748414785e-23	1.2134926819050863e-22	-7.96106095789576e-22	-6.4977770163172145e-28	-1.0257724033721812e-27	-5.895287175658474e-23	-1.46764736456528e-27
5.495410862331705e22	4.397833395957947	-4.46373109529578e-48	1.3886556201178845e-23	1.213501822258433e-22	-7.99348238792986e-22	-6.476983191748388e-28	-1.0326432972389523e-27	-5.71441651432152e-23	-1.4712002113867834e-27
5.678427118934274e22	4.389776996985078	-5.554998657151842e-49	1.3887477023839308e-23	1.2133092705696878e-22	-8.01371538176114e-22	-6.424201240424053e-28	-1.0340488056006743e-27	-5.601157881862288e-23	-1.4719140808055204e-27
5.983454213368192e22	4.37634962144494	-2.553589391722912e-50	1.3892956112699926e-23	1.213501497939481e-22	-8.040258914894921e-22	-6.434002431701903e-28	-1.042447612087273e-27	-5.456577305069414e-23	-1.4762363100351983e-27
6.288481307887714e22	4.36360170853138	-1.0736784752958267e-51	1.38962911200896e-23	1.213516443841332e-22	-8.06643707258121e-22	-6.397257856281112e-28	-1.0475877521427862e-27	-5.310729010331623e-23	-1.4788745383650286e-27
6.593508402477434e22	4.351412174761295	-3.579483456475913e-53	1.389932410964916e-23	1.2139092798254377e-22	-8.090890127409346e-22	-6.35772495424331e-28	-1.0522813431525665e-27	-5.176266392987088e-23	-1.4812892181889712e-27
6.898535497136931e22	4.3392227701842785	-1.260576242238335e-54	1.3901894318621538e-23	1.2138863522048333e-22	-8.113252824960567e-22	-6.311488736433015e-28	-1.0562721332992048e-27	-5.050539451722355e-23	-1.4833263610260447e-27
7.203562591855437e22	4.328426485538483	-5.794659520445389e-56	1.3904324025472073e-23	1.213654998371489e-22	-8.135186541365706e-22	-6.265950640668159e-28	-1.060055875896359e-27	-4.9346274748337114e-23	-1.4852329937931982e-27
7.508589686626385e22	4.317843573153018	-2.470313504858245e-57	1.390610348893306e-23	1.2135125141083752e-22	-8.153453169669103e-22	-6.209267406152363e-28	-1.062834669857401e-27	-4.823913269109261e-23	-1.4866514513295408e-27
7.813616781445786e22	4.307654039382935	-8.794769401399904e-59	1.3907789266516523e-23	1.2132571155520008e-22	-8.171181344412174e-22	-6.15417870907741e-28	-1.0654725992263247e-27	-4.7213166213223553e-23	-1.4879887401131826e-27
8.118643876305426e22	4.297571540266276	-2.750754112874734e-60	1.390937526090477e-23	1.2134905990033754e-22	-8.188139406194818e-22	-6.100368541655186e-28	-1.0679598090772758e-27	-4.625926775751551e-23	-1.4892552763146497e-27
8.423670971197553e22	4.288619977235794	-1.2698287957233847e-61	1.3911091193943218e-23	1.2138473191453306e-22	-8.205385745159542e-22	-6.052769882271936e-28	-1.0706561019688727e-27	-4.5384593724764474e-23	-1.4906164278087255e-27
8.728698066125152e22	4.279668350219726	-5.493604821008422e-63	1.391263214102255e-23	1.2136996754641973e-22	-8.22075773424425e-22	-6.004365504703568e-28	-1.0730820575153502e-27	-4.4562131017041093e-23	-1.4918395229691457e-27
9.033725161080734e22	4.27071672296524	-2.0546662729083925e-64	1.3913287723902402e-23	1.2133234473264625e-22	-8.233346051510575e-22	-5.939537337801958e-28	-1.0741155077435911e-27	-4.374187560916003e-23	-1.4923656562461663e-27
9.33875225606322e22	4.262765095949173	-5.867346336549054e-66	1.3914360794281914e-23	1.2136587149619924e-22	-8.2472512503193915e-22	-5.886853196289046e-28	-1.0758092613409595e-27	-4.300114452777983e-23	-1.4932212472351473e-27
9.643779351072765e22	4.25481359565258	-2.723627559971645e-67	1.391576619510219e-23	1.2140722267420133e-22	-8.261031232163386e-22	-5.8440523592727e-28	-1.0780309045427559e-27	-4.2328679284902883e-23	-1.4943405349466208e-27
9.948806446104875e22	4.246861841678619	-1.1929446180886865e-68	1.391616094834918e-23	1.2138125183278518e-22	-8.271626996661181e-22	-5.7822271076325e-28	-1.0786557204102695e-27	-4.163890330371722e-23	-1.4946698914265196e-27
1.025383354114939e23	4.239682660996914	-4.641399454555819e-70	1.3916703774833957e-23	1.213329730919725e-22	-8.282691127878926e-22	-5.726220302959577e-28	-1.0795146112531378e-27	-4.099922461131139e-23	-1.4950884307891107e-27
1.0558860636214996e23	4.231969003751874	-1.2324077619358337e-71	1.3917337521575322e-23	1.2138927222100478e-22	-8.293134758455337e-22	-5.674633325844009e-28	-1.080519596658526e-27	-4.04022200354195e-23	-1.495609012432523e-27
1.086388773129154e23	4.225255094438792	-5.749100961981554e-73	1.391789825246183e-23	1.213599245545984e-22	-8.303977469426126e-22	-5.623845851496369e-28	-1.0814080639809877e-27	-3.9835346461102646e-23	-1.4960453080071494e-27
1.116891482638143e23	4.218541500031948	-2.5503972200226392e-74	1.3918345886909117e-23	1.213329773605265e-22	-8.313288346169163e-22	-5.572985658513944e-28	-1.0821180781795883e-27	-3.929369092106933e-23	-1.496399171918257e-27
1.1473941921483487e23	4.211827779769898	-1.0247474104191238e-75	1.3918968911191464e-23	1.2138879408161606e-22	-8.323153706089521e-22	-5.527853509195981e-28	-1.0831076327857337e-27	-3.8791267606535696e-23	-1.49690194341048e-27
1.1778969016594278e23	4.206076039671898	-3.0341445900996643e-77	1.3919187247476715e-23	1.2135329360667012e-22	-8.33174131058543e-22	-5.476561148654605e-28	-1.0834541774870877e-27	-3.829326423013433e-23	-1.4970729447232314e-27
1.2083996111716486e23	4.199400276526809	-1.2026235340167628e-78	1.3919527962139473e-23	1.2133167520778294e-22	-8.339584554137928e-22	-5.4297399334847785e-28	-1.083995426505559e-27	-3.782741607437457e-23	-1.4973431286727928e-27
1.2389023206841917e23	4.193686618804932	-5.395816040570768e-80	1.391978282148717e-23	1.2136396623060833e-22	-8.348243649261776e-22	-5.383120725671014e-28	-1.0844007805304604e-27	-3.738046704679281e-23	-1.4975502160017821e-27
1.2694050301980914e23	4.187972898542881	-2.225020456192615e-81	1.392005299998338e-23	1.2138802293829772e-22	-8.355819801859526e-22	-5.338634438669755e-28	-1.0848308701763217e-27	-3.695623544985925e-23	-1.4977818737208368e-27
1.2877066559059781e23	4.1849445649422705	-2.1456218463294395e-82	1.3919484865435445e-23	1.2136241042988161e-22	-8.360743981639498e-22	-5.298557297519896e-28	-1.083927116809377e-27	-3.6672504616249906e-23	-1.4973124991933744e-27
1.3182093654201885e23	4.179487297296524	-9.989561971735585e-84	1.3920496620822095e-23	1.2139274655582802e-22	-8.367508058087622e-22	-5.271251973421802e-28	-1.0855362780580522e-27	-3.6320365533163015e-23	-1.4981219878826529e-27
1.3487120749352635e23	4.17401148378849	-4.412934045154433e-85	1.3920608184081204e-23	1.2139248567223203e-22	-8.374281504801915e-22	-5.228083786539209e-28	-1.0857138220257665e-27	-3.5938395365308767e-23	-1.4982123081422654e-27
1.3792147844502726e23	4.168803505241871	-1.759950502268799e-86	1.3920565573882943e-23	1.2139826179918032e-22	-8.380588748935026e-22	-5.183584152530349e-28	-1.0856462499871868e-27	-3.55658609481686e-23	-1.4981878136446702e-27
1.4097174939653555e23	4.164059856653213	-5.089994312636656e-88	1.3920815219272132e-23	1.2140252852787224e-22	-8.387506362935054e-22	-5.146170151400479e-28	-1.0860433526931675e-27	-3.52250517319767e-23	-1.4983770936299688e-27
1.4402202034809302e23	4.15958404314518	-2.0765175856953708e-89	1.392073672677421e-23	1.2136252989774045e-22	-8.39283873964609e-22	-5.1040362648096025e-28	-1.0859181535985046e-27	-3.48826358194408e-23	-1.4983130293505002e-27
1.4707229129964055e23	4.1541083534061904	-9.297554572193455e-91	1.392109387881823e-23	1.2137455708162692e-22	-8.399235909669835e-22	-5.071467110618179e-28	-1.0864867079617132e-27	-3.457722128230553e-23	-1.4985928179577237e-27
1.4890245387052239e23	4.151422741413116	-1.369455927623111e-91	1.392009367243896e-23	1.2139396429720044e-22	-8.402509459351892e-22	-5.030097588308783e-28	-1.0848953394779751e-27	-3.433886823844747e-23	-1.497799593759972e-27
1.5195272482206923e23	4.147946904737502	-3.7072805319742306e-93	1.3920731848669086e-23	1.2142699659153279e-22	-8.407690583140781e-22	-5.004869588906326e-28	-1.0859109913796705e-27	-3.40694223056993e-23	-1.498322246849234e-27
1.5500299577365425e23	4.143471114397049	-1.721210676583256e-94	1.392075985482147e-23	1.2135586424048674e-22	-8.4118687912854865e-22	-4.9696487662530895e-28	-1.0859549062961586e-27	-3.378161542471169e-23	-1.4983323342206306e-27
1.5805326672524303e23	4.138995300769806	-7.591620304475027e-96	1.3920930090589866e-23	1.213704629990067e-22	-8.417674315036541e-22	-4.938260099928141e-28	-1.0862259845997046e-27	-3.3512884494317903e-23	-1.4984590525780592e-27
1.611035376768438e23	4.135259743630886	-3.013513617807354e-97	1.3920793899100788e-23	1.2137015952627096e-22	-8.422508420043147e-22	-4.90252306435127e-28	-1.0860091538523622e-27	-3.3240313488847414e-23	-1.4983501876598865e-27
1.641538086284359e23	4.131043673753738	-8.513474316554705e-99	1.3920829919042538e-23	1.213699026633757e-22	-8.427017492690094e-22	-4.871059609759894e-28	-1.086066478868585e-27	-3.29871679563292e-23	-1.498378997128127e-27
1.672040795800113e23	4.127567737162114	-3.5915186887995e-100	1.392058663081932e-23	1.2139677802123874e-22	-8.431205974032771e-22	-4.83576005162032e-28	-1.0856795863410818e-27	-3.273074240497232e-23	-1.4982045872030854e-27
1.702543505315806e23	4.123546023309231	-1.6063089023315558e-101	1.3920583916671767e-23	1.2137706769663302e-22	-8.435286766380953e-22	-4.805834554531542e-28	-1.085674949659645e-27	-3.2496022570886994e-23	-1.4981936668957552e-27
1.733046214831333e23	4.120308116555214	-6.576120112588186e-103	1.392057617592756e-23	1.214032323116364e-22	-8.439993598918305e-22	-4.776880298133723e-28	-1.085662951041624e-27	-3.2270508498679516e-23	-1.498196035100801e-27
1.7635489243467113e23	4.117070209801197	-2.1013412987154025e-104	1.392054435171383e-23	1.2133992146370083e-22	-8.443702118916598e-22	-4.748509396117151e-28	-1.0856114991887014e-27	-3.20528877174312e-23	-1.4981497321329913e-27
1.7940516338621095e23	4.113664544701576	-7.532616942615933e-106	1.392076517106506e-23	1.2141640081124636e-22	-8.448211743770536e-22	-4.725527694874085e-28	-1.0859636642466557e-27	-3.1855963868225224e-23	-1.4983403898640178e-27
1.8245543433770702e23	4.110188792467117	-3.4140435933249005e-107	1.3920714111292308e-23	1.2141588376548195e-22	-8.45205649254428e-22	-4.698762128218298e-28	-1.0858822034722448e-27	-3.165435944309297e-23	-1.4982916945575695e-27
1.8550570528917745e23	4.1073564894795425	-1.4331153626141258e-108	1.3920246007873112e-23	1.2139615661579199e-22	-8.454660478632138e-22	-4.665796551742972e-28	-1.0851377400373012e-27	-3.14410784612508e-23	-1.4979418827879758e-27
1.8733586786005393e23	4.105027490854264	-1.445309841607808e-109	1.39198447788222e-23	1.214142066555777e-22	-8.456719666173666e-22	-4.644444335177431e-28	-1.0844994965319298e-27	-3.131126045289263e-23	-1.4976020541144818e-27
1.903861388114741e23	4.102551616117358	-6.345809972274822e-111	1.392010945690214e-23	1.2136308170525053e-22	-8.460299210101029e-22	-4.62547570976547e-28	-1.0849197795040218e-27	-3.1144776083076817e-23	-1.4978075281814215e-27
1.9343640976289934e23	4.099537931859493	-2.8398919238907603e-112	1.3919775831362622e-23	1.2132482204894175e-22	-8.462153288944955e-22	-4.597230786805872e-28	-1.0843890256219024e-27	-3.095750940146906e-23	-1.4975403031369963e-27
1.964866807143321e23	4.096600050210953	-1.098401700938763e-113	1.3920001605040186e-23	1.2145638214685638e-22	-8.466415461782322e-22	-4.57929336977823e-28	-1.0847494443182787e-27	-3.0803257639193725e-23	-1.4977237712729397e-27
1.9953695166570307e23	4.0940621182918555	-9.62882214609216e-116	1.3919659413443858e-23	1.213526001650354e-22	-8.468785097933149e-22	-4.552602150178605e-28	-1.0842040871200964e-27	-3.062941079104045e-23	-1.4974484898862639e-27
2.0258722261708217e23	4.091824211537838	0.	1.3919883598816e-23	1.213636685013375e-22	-8.472482212338598e-22	-4.536195037063462e-28	-1.0845605060509244e-27	-3.048820801262379e-23	-1.4976246617648985e-27
2.0563749356845905e23	4.089586426645518	0.	1.3919644367324077e-23	1.2136236869022317e-22	-8.47435549847986e-22	-4.512853950227129e-28	-1.084180247138402e-27	-3.0331961290409096e-23	-1.4974378914974947e-27
2.0746765613926224e23	4.087487121343612	0.	1.391929165159673e-23	1.2135264542846154e-22	-8.475868369426275e-22	-4.495776787636416e-28	-1.0836195780859356e-27	-3.023163700308153e-23	-1.4971546042884472e-27
2.105179270905582e23	4.08500565391779	0.	1.3919282188396694e-23	1.2135262499262443e-22	-8.478307820134974e-22	-4.4774788116112095e-28	-1.0836045337740477e-27	-3.0095664162180615e-23	-1.49714701120217e-27
2.135681980418326e23	4.082767747163773	0.	1.391913907545777e-23	1.2136194524347774e-22	-8.480772513011475e-22	-4.457722034145385e-28	-1.0833772499701354e-27	-2.99594105610697e-23	-1.4970350961262416e-27
2.16618468993194e23	4.080529718756676	0.	1.391909991851717e-23	1.213623129954928e-22	-8.4832806947441e-22	-4.44038399832675e-28	-1.0833150064788808e-27	-2.983350241537373e-23	-1.4970025329115655e-27
2.1966873994443477e23	4.079291933596134	0.	1.3918838050892413e-23	1.2137747594993331e-22	-8.485081890999025e-22	-4.420133485080479e-28	-1.0828992590665956e-27	-2.9703029934606495e-23	-1.4967981599926912e-27
2.2271901089567516e23	4.077054026842117	0.	1.3918987225066874e-23	1.2136146556494073e-22	-8.487011544042664e-22	-4.407231708238932e-28	-1.0831360500849883e-27	-2.959636882480315e-23	-1.49691512684875e-27
2.2576928184688357e23	4.074816180795431	0.	1.3918938687461457e-23	1.2139011528519434e-22	-8.489489818767639e-22	-4.391797226110726e-28	-1.083059134343541e-27	-2.9485988231884626e-23	-1.4968775149355246e-27
2.2881955279804815e23	4.073578334718943	0.	1.3918855009426022e-23	1.21370001160154e-22	-8.491856529427619e-22	-4.376449131448988e-28	-1.0829259862323613e-27	-2.937909293016551e-23	-1.4968042004115235e-27
2.3186982374922495e23	4.071340306520462	0.	1.3918570447911077e-23	1.2132818299896208e-22	-8.49240909010932e-22	-4.358534796267858e-28	-1.082473934668873e-27	-2.92681858238923e-23	-1.4965772697227364e-27
2.3492009470038494e23	4.07	0.	1.39187541166299e-23	1.2136799908756388e-22	-8.495624763803353e-22	-4.348749970371865e-28	-1.082765714748802e-27	-2.9182901518661074e-23	-1.4967220134804475e-27
2.3797036565150335e23	4.068000121235847	0.	1.3918507340982245e-23	1.21394349523405e-22	-8.496417817897728e-22	-4.332722001997617e-28	-1.08237440685385e-27	-2.908323366376985e-23	-1.496531566059948e-27
2.4102063660258217e23	4.066626586198807	0.	1.3918284715323812e-23	1.2136272339148506e-22	-8.49806301170205e-22	-4.317694774085282e-28	-1.082020647657021e-27	-2.898927165182083e-23	-1.4963530472972244e-27
2.4407090755378924e23	4.065388679444791	0.	1.391825065827102e-23	1.2136318519635512e-22	-8.499570444392895e-22	-4.306267877882183e-28	-1.0819665966223264e-27	-2.8908141060285337e-23	-1.4963256752214717e-27
2.4712117850485538e23	4.064	0.	1.3917967855332321e-23	1.2133915354616617e-22	-8.500128424483233e-22	-4.291509733690863e-28	-1.0815178331012937e-27	-2.8820497964639205e-23	-1.4961026027029731e-27
2.5017144945587598e23	4.062912805348635	0.	1.3917991873334053e-23	1.2133361943364375e-22	-8.501838075610558e-22	-4.282171421562199e-28	-1.081555752844336e-27	-2.875066605600865e-23	-1.496115510533801e-27
2.5322172040686504e23	4.061674959123135	0.	1.3917971502894102e-23	1.2133217453298784e-22	-8.503052139349525e-22	-4.272706325715247e-28	-1.0815234308225912e-27	-2.868313076285881e-23	-1.4960991354719148e-27
2.5627199135789944e23	4.060437052369117	0.	1.391803242036107e-23	1.2135743010093688e-22	-8.50470151314487e-22	-4.265078423278443e-28	-1.081620239271657e-27	-2.8623318145735384e-23	-1.4961500997818035e-27
2.5932226230894353e23	4.059199145555496	0.	1.3917922627145647e-23	1.213570134902418e-22	-8.505808812459189e-22	-4.255332989851412e-28	-1.0814460774062481e-27	-2.8560157226792007e-23	-1.4960627330694422e-27
2.6237253326003426e23	4.058000015117228	0.	1.3918018087315647e-23	1.2136897296780708e-22	-8.507568018717786e-22	-4.249340982444088e-28	-1.0815974241851842e-27	-2.850999213610981e-23	-1.4961317358260879e-27
2.6542280421103684e23	4.057000120908023	0.	1.3917645155594114e-23	1.2134250007106867e-22	-8.507793917697315e-22	-4.23659755226141e-28	-1.0810058614245506e-27	-2.844345291964226e-23	-1.4958381739004244e-27
2.6847307516200957e23	4.056485425233841	0.	1.3917842061206557e-23	1.2138921488965256e-22	-8.509595304680204e-22	-4.233264515135195e-28	-1.0813184579087284e-27	-2.8405615288653395e-23	-1.4959995804995883e-27
2.7152334611299547e23	4.055247518479824	0.	1.3917883308001858e-23	1.2137978643284569e-22	-8.510331727255662e-22	-4.228033820890099e-28	-1.0813837298289763e-27	-2.836490034094638e-23	-1.4960280522568785e-27
2.7457361706397373e23	4.055	0.	1.3917451550333268e-23	1.213783877049452e-22	-8.510416230653248e-22	-4.21600908048361e-28	-1.0806994201771167e-27	-2.8307555552668496e-23	-1.4956997715200435e-27
2.7762388801491437e23	4.054449159026145	0.	1.3917625423717503e-23	1.2138847274469253e-22	-8.511259631712084e-22	-4.213884274782281e-28	-1.0809751379212334e-27	-2.828024041370372e-23	-1.4958378530369e-27
2.8067415896589495e23	4.0538959419727325	0.	1.391767704902641e-23	1.2134114961085553e-22	-8.512071616378441e-22	-4.210375338562082e-28	-1.0810563080236972e-27	-2.82514003674105e-23	-1.4958583546065499e-27
2.8372442991685378e23	4.053342724919318	0.	1.391739690255998e-23	1.2133209699284984e-22	-8.511832394903899e-22	-4.202268708330265e-28	-1.0806121899994147e-27	-2.821198148633241e-23	-1.495640260118016e-27
2.8677470086780932e23	4.0527895078659055	0.	1.39173503370979e-23	1.2133193897968996e-22	-8.512335136108838e-22	-4.198281879225221e-28	-1.0805383799067618e-27	-2.818636564051076e-23	-1.4956030938386893e-27
2.8982497181874137e23	4.052236290812492	0.	1.3917395940712434e-23	1.2137697978357566e-22	-8.513130550532842e-22	-4.196228740426696e-28	-1.0806110427799471e-27	-2.8168412713489007e-23	-1.495646299924294e-27
2.9287524276967084e23	4.051999879240989	0.	1.3917385231540255e-23	1.2138842722034498e-22	-8.513747161605124e-22	-4.193811880312018e-28	-1.0805942564709771e-27	-2.815170242241023e-23	-1.4956432086441267e-27
2.9592551372060474e23	4.052	0.	1.391738665272321e-23	1.2138842838868384e-22	-8.514029727926924e-22	-4.192084296052776e-28	-1.0805965087010658e-27	-2.813916778781498e-23	-1.4956443564452424e-27
2.989757846715451e23	4.051999909430742	0.	1.3917476892313357e-23	1.2139883494438427e-22	-8.514316702851634e-22	-4.192229346337312e-28	-1.0807397149669066e-27	-2.813410372267976e-23	-1.4957004369836188e-27
3.0202605562249814e23	4.052	0.	1.3917413622213725e-23	1.2137228739896922e-22	-8.514115404750951e-22	-4.190506712938617e-28	-1.0806390498435782e-27	-2.812605260589814e-23	-1.4956605905941775e-27
3.035511910979594e23	4.052	0.	1.3917305454699742e-23	1.2132775970520405e-22	-8.513771789435947e-22	-4.188654898091952e-28	-1.0804671927681754e-27	-2.8120098964464145e-23	-1.4955669317624284e-27
3.043137588356967e23	4.052	0.	1.3917373822817334e-23	1.2133730102781287e-22	-8.513988949565227e-22	-4.189662014555371e-28	-1.0805756197848426e-27	-2.81227304102017e-23	-1.4956216277706827e-27
3.0469504270456256e23	4.052	0.	1.3917376282444007e-23	1.2133730159656956e-22	-8.513996763027692e-22	-4.1896892012954165e-28	-1.0805795186782472e-27	-2.812276613720098e-23	-1.4956235910432528e-27
3.050067218221695e23	4.05200012075901	0.	1.391773276766011e-23	1.2141687292727977e-22	-8.515129069154523e-22	-4.1953679778951036e-28	-1.0811632618301137e-27	-2.816426901483854e-23	-1.4959423607162255e-27