# N(H) (cm^-2)	Tdust[K]	PEheating	H2 vib deexc.	H2 form	dust-gas coll.	OI cooling	CII  cooling	CO  cooling	CI  cooling
2.4725993714201345e-6	9.833298702938061e-6
0.	116.313	3.291004233907303e-17	4.568767385077965e-18	2.914712827785296e-18	-2.175937834909753e-18	-3.833244256823248e-17	-5.286794426137164e-19	0.	-9.484058378847601e-26
3.162243014816688e11	116.26674479350633	3.29100594588249e-17	4.5687610621257165e-18	2.9147387250326894e-18	-2.175912801476132e-18	-3.833239841428341e-17	-5.286793653546351e-19	0.	-9.498324998509717e-26
9.486729097174691e11	116.26674307516217	3.2909465108557724e-17	4.569342217156481e-18	2.9150815088504063e-18	-2.1761006230790457e-18	-3.833261529198093e-17	-5.286797275474019e-19	0.	-9.498271092912875e-26
2.2135701260796484e12	116.2667464602636	3.2909464932299975e-17	4.569342485617898e-18	2.9150814834332752e-18	-2.1761006669729532e-18	-3.833261531393862e-17	-5.286797276382068e-19	0.	-9.498271215090745e-26
4.743364558802885e12	116.26674630041327	3.290946467777228e-17	4.569342920756663e-18	2.915081384530713e-18	-2.176100724641823e-18	-3.833261532533979e-17	-5.286797277663315e-19	0.	-9.498271467850658e-26
9.80295342424441e12	116.26674587244912	3.290946409867935e-17	4.569343848453055e-18	2.9150812427387163e-18	-2.1761008636276715e-18	-3.833261537957173e-17	-5.286797280718138e-19	0.	-9.498271965932305e-26
1.9922131155108215e13	116.26673830299453	3.290946297536304e-17	4.569345648534873e-18	2.9150809688651307e-18	-2.1761011334202824e-18	-3.833261548650322e-17	-5.28679728669515e-19	0.	-9.498272963027197e-26
4.0160486616758836e13	116.2667369159283	3.2909460713292714e-17	4.569349222251315e-18	2.915080488318873e-18	-2.176101683396925e-18	-3.833261572789057e-17	-5.286797298853968e-19	0.	-9.498274951307563e-26
8.0637197539774e13	116.26672038995287	3.29094565059262e-17	4.5693559775146435e-18	2.915079459828726e-18	-2.176102694090656e-18	-3.833261613831546e-17	-5.28679732141187e-19	0.	-9.498278947534459e-26
1.615906193846827e14	116.26669415979181	3.290944819376541e-17	4.569369223462549e-18	2.9150775736747935e-18	-2.176104704668674e-18	-3.8332617007729615e-17	-5.286797366191472e-19	0.	-9.498286931034393e-26
3.234974630702062e14	116.2666418077331	3.290943221686094e-17	4.569394751790124e-18	2.9150738889380365e-18	-2.176108564476439e-18	-3.83326186815812e-17	-5.2867974523242195e-19	0.	-9.498302920017338e-26
6.47311150424783e14	116.2665371036157	3.2909401391147096e-17	4.5694440368857714e-18	2.915066796839873e-18	-2.1761160145309818e-18	-3.833262195900508e-17	-5.28679761868288e-19	0.	-9.498334926096964e-26
1.2949385250708852e15	116.26633462543413	3.290934201795176e-17	4.569539018735511e-18	2.9150531753952476e-18	-2.176130370254643e-18	-3.8332628362785233e-17	-5.286797939356785e-19	0.	-9.498398994596708e-26
2.590193274122564e15	116.2659153759107	3.290922798917562e-17	4.5697215778451954e-18	2.915027025362716e-18	-2.1761579468423603e-18	-3.833264080301772e-17	-5.286798555470394e-19	0.	-9.498527253787152e-26
5.180702771310076e15	116.26509160307795	3.290900920508426e-17	4.5700718516010726e-18	2.914977171828268e-18	-2.176210894789408e-18	-3.8332664990797617e-17	-5.286799737865461e-19	0.	-9.498783989318777e-26
1.0361721762216586e16	116.26342933119834	3.290859127485907e-17	4.57074112018122e-18	2.91488217750944e-18	-2.1763120703532325e-18	-3.833271153580176e-17	-5.286801995482266e-19	0.	-9.499297965732249e-26
2.0723759730955948e16	116.26011171749234	3.290779550413704e-17	4.5720149335100855e-18	2.9147023107828113e-18	-2.1765048110095197e-18	-3.833280053844307e-17	-5.286806289151366e-19	0.	-9.500326955193088e-26
4.144783561950785e16	116.25348342013359	3.2906288031757705e-17	4.574425840870072e-18	2.914363484976438e-18	-2.176870047585238e-18	-3.83329685975945e-17	-5.286814403605117e-19	0.	-9.502387351246879e-26
8.289598721513173e16	116.24044416764379	3.290344998225706e-17	4.578957937333763e-18	2.913729777945877e-18	-2.177558142061111e-18	-3.833328129323608e-17	-5.286829627788133e-19	0.	-9.506344591346623e-26
1.6579228973214458e17	116.21506291000546	3.289814738485879e-17	4.587404911411932e-18	2.9125537264246246e-18	-2.178844241439051e-18	-3.8333850366713845e-17	-5.286857907356583e-19	0.	-9.513917410740278e-26
3.315848922896823e17	116.16840606576204	3.288832310081433e-17	4.6029953153957175e-18	2.9103921039747204e-18	-2.1812268371931687e-18	-3.8334858115208195e-17	-5.286909828458765e-19	0.	-9.528416151343259e-26
6.631700884572402e17	116.08151798820495	3.287031263200794e-17	4.63144394922054e-18	2.9064435425101736e-18	-2.1855917465504275e-18	-3.833657685893583e-17	-5.287003784990983e-19	0.	-9.555173148559824e-26
1.3263404485093356e18	115.9227167305574	3.283751457429542e-17	4.6829058969529166e-18	2.899316684806777e-18	-2.193531240326711e-18	-3.8339417591916086e-17	-5.287171835978237e-19	0.	-9.604657683295332e-26
2.6526810536066396e18	115.63918357771635	3.277804840829174e-17	4.7755283208215395e-18	2.886525266121121e-18	-2.207914663666934e-18	-3.8344008005037815e-17	-5.287469822881125e-19	0.	-9.693299517724625e-26
5.30536184991546e18	115.13986902445554	3.266972995499298e-17	4.943232332981929e-18	2.8634779684971654e-18	-2.2341340181388256e-18	-3.835162056690794e-17	-5.2879994753450905e-19	0.	-9.852384706790699e-26
1.0610721924616501e19	114.2680381410122	3.2468410443752154e-17	5.254777162096215e-18	2.8211467448040304e-18	-2.2831869014930376e-18	-3.836602107562791e-17	-5.288963585786338e-19	0.	-1.0137910171237509e-25
2.1221436153919295e19	112.80090441679954	3.207537784871467e-17	5.871198130095258e-18	2.7392824893765317e-18	-2.3813248274274e-18	-3.840167796960035e-17	-5.290838642200729e-19	0.	-1.0641666936189776e-25
4.2442836398355735e19	110.3420829142332	3.119842737825652e-17	7.31817616327542e-18	2.5537696035596483e-18	-2.620846536863734e-18	-3.853490469227063e-17	-5.295254208976683e-19	0.	-1.1571771078610712e-25
8.488531215440101e19	106.26742259541155	3.248773972307061e-17	9.681873549072532e-18	1.7505386067813035e-18	-4.1788289866652e-18	-3.964506252232189e-17	-5.316541240276506e-19	-3.577240911865168e-23	-2.0026452581900769e-25
1.0504464248585085e20	104.6060627937317	3.674259565499677e-17	6.174405767790181e-18	1.654687295055615e-18	-4.544962041197829e-18	-3.97343980764515e-17	-5.319216694118211e-19	-1.229562063562494e-22	-3.3508560929725774e-25
1.319228019286375e20	102.48488456022739	4.322069134056554e-17	-9.436747320459099e-19	1.803878161063653e-18	-4.141071935497939e-18	-3.9304406282139624e-17	-5.314167984556015e-19	-3.761221246365054e-22	-7.265662251868887e-25
1.6776026557759898e20	99.90996833086014	4.493716691880107e-17	-4.1715776397564534e-18	2.0841010380122675e-18	-3.526254042758421e-18	-3.8613371535342e-17	-5.3053288570991945e-19	-5.748836489468963e-22	-1.0827843187071152e-24
2.3943631251394006e20	95.31524974530936	4.384614928802536e-17	-6.6449133365931214e-18	2.8294378097045773e-18	-2.4466315286509267e-18	-3.6973102886181965e-17	-5.2822589688443295e-19	-9.305703368069229e-22	-1.999547934753213e-24
3.4110779562292235e20	89.65255445083974	4.039762531034007e-17	-8.164213339940717e-18	4.0374487457139764e-18	-1.5193259959390015e-18	-3.440208260675599e-17	-5.242353508640682e-19	-1.5977863599071673e-21	-4.820273860291899e-24
4.427819851785068e20	84.56878276981413	3.9104075110679616e-17	-1.0210010202507214e-17	4.737674808330945e-18	-1.1373638928040952e-18	-3.224826818751598e-17	-5.207748738263933e-19	-2.7340203812760654e-21	-1.1336165282861677e-23
5.444570621712124e20	80.08646913802625	3.8243258766867127e-17	-1.1618633750350375e-17	4.9048001658750786e-18	-9.348537758985774e-19	-3.033685356717159e-17	-5.176317334522087e-19	-4.2697463922244726e-21	-2.276276679116785e-23
6.46132482591252e20	76.20844868997298	3.668392805215697e-17	-1.1645545731121097e-17	4.70942339355245e-18	-8.126094637985698e-19	-2.863579267089584e-17	-5.14717050199355e-19	-6.1559585559695855e-21	-3.973136706331917e-23
7.478080709388796e20	74.42170466591418	3.659108226591834e-17	-1.2553109196914134e-17	4.40988648396312e-18	-7.470168235301167e-19	-2.7299509035478883e-17	-5.125276349721567e-19	-8.202106105663269e-21	-5.04125400223682e-23
8.494837158524352e20	72.63495636984705	3.618880120382373e-17	-1.29305078505089e-17	4.1144084889109614e-18	-7.038123340218611e-19	-2.6208176971856672e-17	-5.107113526664744e-19	-1.093195679464604e-20	-5.940345526950728e-23
9.511593971691679e20	70.84821185538172	3.554238115730492e-17	-1.2938952334813803e-17	3.871282050442283e-18	-6.739930276017975e-19	-2.5287855499992156e-17	-5.091199391276403e-19	-1.4724068256812943e-20	-6.79293623793431e-23
1.0528351048112511e21	69.06146891021729	3.46854369160563e-17	-1.2670887822568088e-17	3.672379764319058e-18	-6.51736257249782e-19	-2.4486790809411222e-17	-5.076523851363421e-19	-2.0017538608961747e-20	-7.665188827047468e-23
1.1545108334231705e21	67.27472439575195	3.363189563351061e-17	-1.2160717738840035e-17	3.5003790985984786e-18	-6.33399075770647e-19	-2.3762921116861327e-17	-5.062192370639977e-19	-2.738814858663962e-20	-8.614889244801249e-23
1.2561865801046475e21	65.48797988128662	3.237765993934921e-17	-1.1418557392505017e-17	3.338301080773386e-18	-6.165681310433388e-19	-2.308415970644707e-17	-5.047406022867231e-19	-3.759894853162078e-20	-9.69017184391538e-23
1.357862343349473e21	63.70123536682129	3.090317646084057e-17	-1.0434137606278703e-17	3.1690703409917607e-18	-5.993739428978839e-19	-2.242349588156908e-17	-5.0313519547185295e-19	-5.1567680823136727e-20	-1.0933868850068218e-22
1.4595381225134238e21	61.9144894247055	2.91735127115198e-17	-9.180015374058535e-18	2.973219576649652e-18	-5.800416481214491e-19	-2.1754189981655517e-17	-5.013125773445374e-19	-7.012006862615455e-20	-1.2376365268588472e-22
1.5612139183076255e21	60.12774491024017	2.7135983486125865e-17	-7.616969400210341e-18	2.726794612500764e-18	-5.564827930481517e-19	-2.1044882416397715e-17	-4.991775685722578e-19	-9.311724429185922e-20	-1.3990896548228574e-22
1.6628897274665674e21	58.34100039577484	2.471951886586504e-17	-5.67982513696681e-18	2.3796467969152955e-18	-5.250555558932833e-19	-2.0237718791251454e-17	-4.966291987843778e-19	-1.1669156245820715e-19	-1.5586763087165766e-22
1.7645655586448026e21	56.5542558813095	2.1828246594100344e-17	-3.3316267738277e-18	1.8435886649516837e-18	-4.784142728597374e-19	-1.921722899395908e-17	-4.936960528843068e-19	-1.2502051493207336e-19	-1.618902626765121e-22
1.8662414113551588e21	54.767511366844175	1.8368490358894636e-17	-7.42766967255554e-19	9.04294751988638e-19	-3.9141605825980373e-19	-1.7577597234445586e-17	-4.904888150669181e-19	-7.261431311000347e-20	-1.1413716906522034e-22
1.9679172922795843e21	52.98076685237884	1.4154409265012647e-17	2.364474281718051e-19	6.501843258422914e-20	-2.0258990599881422e-19	-1.3783173928205615e-17	-4.769274971552259e-19	-1.794038987570782e-21	-1.7523277262148768e-23
2.069593193572717e21	51.97834324417263	1.2642006737874019e-17	1.6926956570684524e-19	4.282849809645621e-20	-1.590855621211487e-19	-1.2232213691371242e-17	-4.684551013514615e-19	-9.044586774433625e-22	-1.8421758026655937e-23
2.1712690951978437e21	51.14949775406718	1.1936937617666273e-17	1.2234474291269474e-19	3.4514233450421067e-20	-1.4505523233472985e-19	-1.148834016526782e-17	-4.642641677197122e-19	-9.723700999383317e-22	-1.9798280060262918e-23
2.2729449968624552e21	50.320652418732635	1.1205183667272951e-17	8.87904195870023e-20	2.8649873660631473e-20	-1.3134249243198183e-19	-1.0734290875821881e-17	-4.59656456714231e-19	-1.0974271316174794e-21	-2.1621192357472383e-23
2.374620898547327e21	49.491806464314465	1.0446645625927236e-17	6.465533792171931e-20	2.4469624961744802e-20	-1.1803454382144795e-19	-9.964906929292827e-18	-4.545321999362109e-19	-1.2781971836761424e-21	-2.3917393597376457e-23
2.4762968002424487e21	48.662961748063566	9.661130564435715e-18	4.720908491062697e-20	2.141418943316451e-20	-1.0515848107988903e-19	-9.176732147593096e-18	-4.487756377226503e-19	-1.5119679664204812e-21	-2.677031560547049e-23
2.5779727019426044e21	47.83411579364538	8.848518987247839e-18	3.454390646287414e-20	1.913040068117741e-20	-9.275809758276881e-20	-8.367373144811655e-18	-4.422430760055266e-19	-1.7962578467363416e-21	-3.0330120284453675e-23
2.679648603644035e21	47.0052679387927	8.008841333935606e-18	2.5315631491064495e-20	1.7376935077340383e-20	-8.088199090964357e-20	-7.535422474857505e-18	-4.347493105956278e-19	-2.1292086385831103e-21	-3.4838328590763505e-23
2.7813245053448524e21	46.17642198437453	7.142344414442279e-18	1.8570139724668897e-20	1.5994197931696198e-20	-6.956997994836426e-20	-6.6801871282969e-18	-4.2604280904933677e-19	-2.5087636870199623e-21	-4.067936889152992e-23
2.8830004070430854e21	45.34757602995634	6.2495192489771956e-18	1.3625706940378765e-20	1.488313629085416e-20	-5.884706359651757e-20	-5.8016850377979314e-18	-4.157654990049049e-19	-2.932170417862347e-21	-4.848611174483957e-23
2.984676308736347e21	44.51873007553816	5.331118801008157e-18	9.99217824111008e-21	1.396979475527872e-20	-4.871736247451261e-20	-4.9006387393292025e-18	-4.033768902166408e-19	-3.394310585105523e-21	-5.936753914242558e-23
3.0863522104209053e21	43.689884121119974	4.388167774932413e-18	7.314948580016706e-21	1.3195099324313467e-20	-3.9157145639528706e-20	-3.978544701819016e-18	-3.8799797153237467e-19	-3.890065395711748e-21	-7.545324881484219e-23
3.188028112090161e21	42.861037504434584	3.4219716867543495e-18	5.3356062194452006e-21	1.2521537962151655e-20	-3.010382920339773e-20	-3.0380671814543474e-18	-3.6804909626438585e-19	-4.398064118443443e-21	-1.0138763049131266e-22
3.2897040137310076e21	42.0321915500164	2.4341475770731348e-18	3.863205923217451e-21	1.1927491546501464e-20	-2.1425449329426942e-20	-2.0840969843495865e-18	-3.402263059050259e-19	-4.8707077323971176e-21	-1.4955293684143399e-22
3.3913799153132765e21	41.44456957041472	1.796084737424889e-18	2.8286032242286478e-21	1.1489105971775216e-20	-1.6187080067001454e-20	-1.4740032762698142e-18	-3.149361884542763e-19	-5.798682418601883e-21	-2.0850933136268665e-22
3.493055816822497e21	41.19922071099282	1.6765881416983022e-18	2.141632921882875e-21	1.1286484410980489e-20	-1.556114209201803e-20	-1.3578926963939438e-18	-3.0900860607616874e-19	-7.974408071578276e-21	-2.234217634682767e-22
3.594731718318651e21	40.953872136607764	1.5568974240796392e-18	1.6243440760166747e-21	1.1115739841119262e-20	-1.4772329794121867e-20	-1.2417109764828767e-18	-3.0235521154049246e-19	-1.1101768241779017e-20	-2.4023649268555495e-22
3.696407619801174e21	40.70852356222272	1.4370163142556209e-18	1.2342290280446994e-21	1.0942689905358584e-20	-1.3928786515681947e-20	-1.1250213807166833e-18	-2.9468324983220133e-19	-1.5696852074697202e-20	-2.5911638084819283e-22
3.7980835212700617e21	40.46317441776395	1.316949350317397e-18	9.396060161074512e-22	1.0762080484879102e-20	-1.3024003313861855e-20	-1.0073747176238241e-18	-2.855378554949187e-19	-2.262013601357723e-20	-2.800156263350273e-22
3.8997594227265965e21	40.21782393711805	1.196704845505673e-18	7.167808838298157e-22	1.0548714706067788e-20	-1.2047522239001646e-20	-8.880094987799871e-19	-2.7415632171389557e-19	-3.332211274703415e-20	-3.023191581091601e-22
4.00143532417371e21	39.972474792659284	1.0762967939999286e-18	5.4798946708705435e-22	1.0260903333274175e-20	-1.098286348024395e-20	-7.657581150894158e-19	-2.5923619564951487e-19	-5.0174408163104406e-20	-3.240279712615773e-22
4.10311122561571e21	39.72712564820051	9.557458578046224e-19	4.1988568473504286e-22	9.826556066347443e-21	-9.806344649355493e-21	-6.392583670112246e-19	-2.386533034179776e-19	-7.652940400993535e-20	-3.4019657716639546e-22
4.204787127056173e21	39.48177650374174	8.35072183763188e-19	3.224493887361371e-22	9.133443907659302e-21	-8.494066689395926e-21	-5.084157872674407e-19	-2.095928182939558e-19	-1.1515965068660153e-19	-3.4121467453284947e-22
4.306463028494021e21	39.23642735928297	7.142659818687769e-19	2.482367464165686e-22	8.074857889242558e-21	-7.0535270134357e-21	-3.783751269027023e-19	-1.7058417647188762e-19	-1.6242580878134675e-19	-3.1562166608211862e-22
4.4081389299202334e21	38.99107801878452	5.932602101509839e-19	1.9179315325881084e-22	6.6603929969930665e-21	-5.559544817955229e-21	-2.615835945557597e-19	-1.2560836645524815e-19	-2.0219940805499615e-19	-2.6347283733167724e-22
4.509814831315643e21	38.74572887432575	4.719927001196933e-19	1.4896637273270362e-22	5.146508627460858e-21	-4.1004302745441426e-21	-1.6874960641756099e-19	-8.374531874522046e-20	-2.151997619513869e-19	-2.0452397173841346e-22
4.6114907326455627e21	38.500379729866985	3.5048548791671465e-19	1.1632945120119466e-22	3.8093949406028094e-21	-2.6717011762164273e-21	-9.968268116599142e-20	-5.154407027942585e-20	-1.9545510407453666e-19	-1.6074645713638725e-22
4.713166633843635e21	38.25641475830716	2.2962047568152047e-19	9.092223946170177e-23	2.7443463470719186e-21	-1.1487192913027061e-21	-4.813975487887376e-20	-2.8779785076406034e-20	-1.5030136681514798e-19	-1.40387869066422e-22
4.814842534765204e21	38.183459467865525	2.1463656367252648e-19	7.518838396766845e-23	2.3250453864109057e-21	-1.1843554429314462e-21	-4.615850084748485e-20	-2.3452765457933687e-20	-1.4209306966667736e-19	-1.1394272093421085e-22
4.916518435664792e21	38.110503995150324	1.9966351662717032e-19	6.307437094448741e-23	2.0484147629623e-21	-1.1633327085594183e-21	-4.4136797409614093e-20	-2.0006679501993955e-20	-1.3231914390487454e-19	-9.988837219998072e-23
5.018194336540107e21	38.03754651989043	1.8470229947982877e-19	5.372330880037533e-23	1.856278736283219e-21	-1.116482360499264e-21	-4.17787771282808e-20	-1.7602773107575436e-20	-1.220056168207751e-19	-9.25555244334305e-23
5.119870237385992e21	37.96459132492542	1.697487911776544e-19	4.649080741761838e-23	1.713664874492022e-21	-1.0414570848133813e-21	-3.901507707047781e-20	-1.5782932087077286e-20	-1.1163712375007638e-19	-8.9179034673607e-23
5.221546138195453e21	37.891635574460025	1.547984644202192e-19	4.0883639827591235e-23	1.6005913242372549e-21	-9.37780671255406e-22	-3.58629733701284e-20	-1.42913510083833e-20	-1.014239915258048e-19	-8.837586293216364e-23
5.323222038959097e21	37.818679823994636	1.3984765782739446e-19	3.6521740744828576e-23	1.5049272080841735e-21	-8.053010939410307e-22	-3.237443979379969e-20	-1.2978788600128653e-20	-9.144525232531908e-20	-8.9446732521099e-23
5.424897939665966e21	37.745724073529246	1.248936894197709e-19	3.3111091036529424e-23	1.4189703677403179e-21	-6.435057882941073e-22	-2.86150137205065e-20	-1.1753237926664382e-20	-8.17161791586546e-20	-9.206326686721146e-23
5.526573840302944e21	37.67276826477051	1.0993466535575086e-19	3.0423279122630363e-23	1.3379163090803833e-21	-4.511852826621621e-22	-2.4656970898406373e-20	-1.0555012667337996e-20	-7.221970463693303e-20	-9.613595995345313e-23
5.628249740854353e21	37.599812514305114	9.496928494991472e-20	2.8279269932288095e-23	1.2563040582214532e-21	-2.259107857275418e-22	-2.0575211448747317e-20	-9.34269425949868e-21	-6.291693863706612e-20	-1.0179362353555066e-22
5.729925641301296e21	37.526856763839724	7.999666248228352e-20	2.653634293482712e-23	1.1720451267189217e-21	3.646939577344662e-23	-1.6450757552731416e-20	-8.085409063643156e-21	-5.3764471284797896e-20	-1.0939204074152478e-22
5.831601541621647e21	37.453901013374335	6.50162191305082e-20	2.5076270462190982e-23	1.0811256983150237e-21	3.4285536036232874e-22	-1.2376788063070463e-20	-6.7575890344775e-21	-4.4701493667378897e-20	-1.1969077045659852e-22
5.933277441791449e21	37.38094526290894	5.002763906197956e-20	2.3792090721326922e-23	9.784079387391561e-22	7.050252839060013e-22	-8.470705108724735e-21	-5.335845054782166e-21	-3.564983169258941e-20	-1.342488735716632e-22
6.034953341791518e21	37.30798951244355	3.5030907734791725e-20	2.2565883614714698e-23	8.585030452341185e-22	1.1446235859335812e-21	-4.900340810886272e-21	-3.798179734054406e-21	-2.6500396712306513e-20	-1.5672401205136214e-22
6.136629241630694e21	37.25548754963279	2.7928898235840424e-20	2.17745291435407e-23	7.887167989507251e-22	1.3564701808107551e-21	-3.5200264059695225e-21	-3.0680352778266214e-21	-2.1858317458258453e-20	-1.7305192792859694e-22
6.339981041223827e21	37.177460032761104	2.4143767484829747e-20	2.103005834944051e-23	7.466356641110008e-22	1.4161615471661892e-21	-3.083225297533953e-21	-2.763154458555261e-21	-1.8905442961552926e-20	-1.8557814228352426e-22
6.746684640398508e21	37.02140222930909	1.6576390609043987e-20	2.0067604884659224e-23	6.5017437877531325e-22	1.6259254351963213e-21	-2.010409602376959e-21	-2.0300538321781024e-21	-1.3469682599938597e-20	-2.2192771803937126e-22
7.560091838862075e21	36.71991831231117	3.4253503694077856e-21	1.835829195966142e-23	3.696323590747296e-22	2.329519460770338e-21	-2.9062857788305503e-22	-4.448797925499685e-22	-4.569193154046395e-21	-4.602021950198613e-22
8.576850842418033e21	36.418546590566635	1.0067218361318688e-21	1.7846241877846986e-23	2.3719502440714477e-22	2.458388221585409e-21	-1.2715435949284223e-22	-1.249593631067853e-22	-2.580885542856272e-21	-7.399187337329299e-22
9.593609851213873e21	36.150306369960305	2.326945673275962e-22	1.7682207138298416e-23	1.662883661850196e-22	2.4642173175427066e-21	-8.859045504360352e-23	-1.566326184219254e-23	-1.9382819683883807e-21	-7.851105029513941e-22
1.0610368863692315e22	35.90421775582433	4.2435387872786376e-23	1.7783398380044623e-23	1.5113720128475628e-22	2.3865405718732056e-21	-9.464364786783996e-23	-2.2939293621282328e-24	-1.8755253487094965e-21	-5.811229674968429e-22
1.1627127875403155e22	35.676654411003	6.824485218098759e-24	1.7923926051663115e-23	1.4773802935831927e-22	2.2960682085039415e-21	-1.0836537792240493e-22	-1.0410818666610391e-24	-1.9108079502961364e-21	-3.886642540087435e-22
1.3660645886057255e22	35.274893036723135	3.993590629693412e-25	1.8141838985359493e-23	1.4671628408048176e-22	2.1742761548522755e-21	-1.3075000605851465e-22	-8.828995398313282e-25	-1.946686150307217e-21	-1.5223853406698553e-22
1.6710922784410069e22	34.75393900215626	-4.48584856087106e-28	1.8244307382927714e-23	1.5007922205693405e-22	2.0647714787003806e-21	-1.2609338036843074e-22	-6.863704984061847e-25	-1.7437208195270555e-21	-1.0084609421807736e-23
1.976119756242482e22	34.30659083031863	-2.755571440128411e-29	1.805573706717422e-23	1.4790001689425884e-22	2.055846997283003e-21	-4.6191706608945927e-23	-1.0044576991927677e-25	-1.2639845285348434e-21	-3.045832078224268e-26
2.2811463501037605e22	33.915268303245306	-3.3473455678051545e-30	1.8487759545876368e-23	1.254728320240398e-22	1.791831209504421e-21	-3.333674619268374e-23	-6.807204945790594e-26	-1.6074232999598204e-21	-1.1230098832373535e-26
2.5861734779101815e22	33.564003889143464	-2.2416283066703523e-31	1.8592014384908914e-23	1.224859041519838e-22	1.6743685845966845e-21	-3.2744124334662145e-23	-6.868570282217998e-26	-1.5683084191807434e-21	-1.0828455211987044e-26
2.891200666291774e22	33.24561169290543	-1.2537206584607657e-32	1.8665391301944037e-23	1.2236799061931743e-22	1.5769164235415665e-21	-3.530394234261003e-23	-7.12029370985079e-26	-1.5125118877669422e-21	-1.104212113611045e-26
3.196227859612005e22	32.953944119334224	-4.9029574238726115e-34	1.8725800034728804e-23	1.2227979698927712e-22	1.4904680623195724e-21	-3.771997808473194e-23	-7.347906766188084e-26	-1.4599106247633759e-21	-1.1262714445130436e-26
3.50125505416775e22	32.68572610723973	-2.950516315471821e-35	1.8776950990016752e-23	1.222778251136425e-22	1.4125690636066338e-21	-3.9802265544259466e-23	-7.545015367583817e-26	-1.4113833728049798e-21	-1.1455501102414277e-26
3.8062822496088925e22	32.43641501426697	-1.73095396722069e-36	1.8820979689811284e-23	1.2228516514002722e-22	1.3418621829564396e-21	-4.1591519795210175e-23	-7.717219565779474e-26	-1.3667741464243817e-21	-1.1623522765805558e-26
4.111309445807892e22	32.20366508257389	-9.214590333025391e-38	1.8859182925358586e-23	1.223045963377409e-22	1.2770937850223618e-21	-4.31226119412919e-23	-7.868514874462454e-26	-1.3255750223790557e-21	-1.1770754120308008e-26
4.416336642664384e22	31.985301658809185	-3.7974270518312675e-39	1.889258367634798e-23	1.222987554863334e-22	1.2174659698588745e-21	-4.442885664263822e-23	-8.002213115813599e-26	-1.287434542157689e-21	-1.1900528794344197e-26
4.72136384007394e22	31.77979311609268	-1.847398889891822e-40	1.8921936013293908e-23	1.2229935022778348e-22	1.1623071088821092e-21	-4.553693148035786e-23	-8.120799344368633e-26	-1.2520543713379304e-21	-1.201545754569049e-26
4.866251758999703e22	31.685920450255274	-4.601355504406868e-41	1.8926130905221442e-23	1.2235005685484095e-22	1.123644430947261e-21	-4.547939948255093e-23	-8.137828088379207e-26	-1.2261343068739513e-21	-1.2031913897165967e-26
5.156027597221355e22	31.505567468941212	-2.8525438383943127e-42	1.8957179420768754e-23	1.2230325326212273e-22	1.0890897710819457e-21	-4.677257034490359e-23	-8.264534756511964e-26	-1.20492847151784e-21	-1.2154450741169964e-26
5.4610547957729595e22	31.325887123763565	-1.5306114540523401e-43	1.8979887058088729e-23	1.223062964917568e-22	1.0438804584660936e-21	-4.754847306590073e-23	-8.357923280823151e-26	-1.1760219681872503e-21	-1.2244606280107816e-26
5.766081994715155e22	31.154633281707763	-7.03036838410715e-45	1.899943767961941e-23	1.2230949899801672e-22	1.000472417682529e-21	-4.8149740111227346e-23	-8.438815206211834e-26	-1.1481183399058663e-21	-1.2322609366091645e-26
6.071109193995586e22	30.99206069648266	-2.6840544390390447e-46	1.9016917408220673e-23	1.2233727672715232e-22	9.596459643270975e-22	-4.8640371661295334e-23	-8.51152101792196e-26	-1.1219598353423044e-21	-1.2392624598231738e-26
6.376136393580416e22	30.837053403139116	-1.5268905945510873e-47	1.903258699617187e-23	1.2230905914386596e-22	9.213267928074536e-22	-4.903403169835038e-23	-8.57700100197849e-26	-1.097385885612034e-21	-1.2455655127103292e-26
6.681163593421889e22	30.68855769634247	-8.18253952793666e-49	1.9046684433037855e-23	1.223109369895717e-22	8.852027054695975e-22	-4.934395863214493e-23	-8.636158919226627e-26	-1.0742933466497612e-21	-1.2512540913183402e-26
6.864179913427677e22	30.60218272781372	-1.1783844753463243e-49	1.9049469668065526e-23	1.2240755712803964e-22	8.57068597373579e-22	-4.9170623365018455e-23	-8.64787609128041e-26	-1.0558816433730945e-21	-1.2523793030655926e-26
7.169207113656736e22	30.464380143642423	-4.957486378808325e-51	1.9066348505236875e-23	1.223631193819738e-22	8.31336361368506e-22	-4.96864480909235e-23	-8.719068951581755e-26	-1.0399973501981542e-21	-1.2592173559616775e-26
7.474234314099696e22	30.331005910158158	-2.760419504053421e-52	1.9077197434392922e-23	1.2237679898562455e-22	8.000707748844098e-22	-4.9826740290173656e-23	-8.765002359139506e-26	-1.0201495122501413e-21	-1.2636301105913497e-26
7.779261514728732e22	30.204058664023876	-1.4356671888822887e-53	1.908719865309436e-23	1.2236775577878662e-22	7.700637684988368e-22	-4.992645588236356e-23	-8.807469754147962e-26	-1.0015263869449378e-21	-1.267696687108289e-26
8.084288715528549e22	30.08182881128788	-6.364528718328076e-55	1.9095611262389072e-23	1.2232915200698818e-22	7.421461873640822e-22	-4.993683775339405e-23	-8.843280179622427e-26	-9.831968258394159e-22	-1.2711349846429132e-26
8.389315916481872e22	29.96416748120636	-2.3973576089733842e-56	1.9103659733616851e-23	1.2234569763746617e-22	7.15260436824104e-22	-4.993728486914811e-23	-8.877620026468039e-26	-9.66208040057804e-22	-1.2744284424402496e-26
8.694343117563819e22	29.850458223938944	-1.33585957656611e-57	1.9110838210740674e-23	1.2231988816380953e-22	6.897037736862219e-22	-4.9894524856345506e-23	-8.908310121239107e-26	-9.499178182186627e-22	-1.2773698263027337e-26
8.87735943825894e22	29.784668180465697	-2.413397843378034e-58	1.9110754868740474e-23	1.2233498667799458e-22	6.694202393755346e-22	-4.959137302998127e-23	-8.907951299851293e-26	-9.36683078865712e-22	-1.2773322185749862e-26
9.18238663954272e22	29.678160139799118	-9.885168747461412e-60	1.912104742334583e-23	1.2232640007864615e-22	6.511270095136135e-22	-4.977041388663192e-23	-8.952062242466117e-26	-9.254875805013773e-22	-1.2815604011755198e-26
9.487413840942363e22	29.575277308642864	-4.147839978629473e-61	1.9126753659081517e-23	1.2233420798594622e-22	6.284298695667382e-22	-4.966567484923323e-23	-8.976569698057946e-26	-9.111619791688839e-22	-1.2839056834164861e-26
9.792441042441257e22	29.475959682255983	-2.2751949278171115e-62	1.9131874933199575e-23	1.2232773941616788e-22	6.0673473739443475e-22	-4.953558078844024e-23	-8.998596427098534e-26	-8.973953898028587e-22	-1.2860146545567213e-26
1.0097468244030299e23	29.37974131822586	-1.164977284531296e-63	1.9136672376420353e-23	1.2241117078530875e-22	5.858679095762111e-22	-4.9396835349604465e-23	-9.019262453050312e-26	-8.843415551313216e-22	-1.287993717011828e-26
1.0402495445702019e23	29.287612348020076	-5.057465243770527e-65	1.914085546277107e-23	1.223239210120209e-22	5.659357161059342e-22	-4.923047557446868e-23	-9.03729572840053e-26	-8.716638673588149e-22	-1.2897153276666822e-26
1.0707522647449513e23	29.198060646101833	-1.9089475707472105e-66	1.9144795080810872e-23	1.224015089299044e-22	5.46880301218705e-22	-4.906035690904883e-23	-9.054306024081874e-26	-8.596268402371824e-22	-1.2913429252393858e-26
1.1012549849265512e23	29.111458833009003	-1.0525912373994737e-67	1.914828650020107e-23	1.223274928349254e-22	5.285651413955558e-22	-4.8873028890877284e-23	-9.069388426578791e-26	-8.479905044204035e-22	-1.2927851341432036e-26
1.1317577051144276e23	29.028233983755115	-5.466350096104289e-69	1.9151534337401246e-23	1.2235712792834028e-22	5.109268953408888e-22	-4.868155171767374e-23	-9.083437587847881e-26	-8.368789303813937e-22	-1.2941255164622847e-26
1.1622604253081722e23	28.9474840811491	-2.486207776474698e-70	1.915456845386969e-23	1.223971309063754e-22	4.940244745479528e-22	-4.8487487950290675e-23	-9.096572209847135e-26	-8.262666893321285e-22	-1.2953845657668604e-26
1.1927631455070387e23	28.869209130614994	-8.6412927223853e-72	1.9157205585593458e-23	1.2233255589658397e-22	4.7781696943579655e-22	-4.8279124152111807e-23	-9.107991731627902e-26	-8.159566249933048e-22	-1.2964742645222866e-26
1.2232658657107992e23	28.793411714494226	-4.791540840645775e-73	1.9159707063701052e-23	1.223842170625322e-22	4.621355271789881e-22	-4.8072858318705606e-23	-9.11883857221923e-26	-8.06128453143832e-22	-1.297508216665312e-26
1.2537685859181681e23	28.720089252471922	-2.5202178059515197e-74	1.9161865585330763e-23	1.2233241206977288e-22	4.471173854262806e-22	-4.785542488257481e-23	-9.128197230329272e-26	-7.965772706763232e-22	-1.298404041953128e-26
1.2720702180434499e23	28.677121442794796	-3.7602285170791097e-75	1.916024492621392e-23	1.2232744011245814e-22	4.350184048481017e-22	-4.755061183760161e-23	-9.121164531019427e-26	-7.887424181616586e-22	-1.2977252528014212e-26
1.3025729382572921e23	28.607726009376346	-1.4378161911774502e-76	1.9165181196184737e-23	1.2237596032932903e-22	4.240636328248184e-22	-4.7519774605475494e-23	-9.142590581956602e-26	-7.82258721111608e-22	-1.299776274045985e-26
1.3330756584751133e23	28.540936464071272	-7.87920432142806e-78	1.9166765113221626e-23	1.22333042384774e-22	4.105605979757654e-22	-4.7292595242776154e-23	-9.149468240972121e-26	-7.73534956007214e-22	-1.300431031145424e-26
1.363578378696118e23	28.476037168204783	-4.063590304627899e-79	1.9168384819632326e-23	1.2232804908734348e-22	3.974986534832202e-22	-4.707707650570593e-23	-9.156505700120968e-26	-7.652868594001295e-22	-1.3011057231681798e-26
1.3940810989200264e23	28.412960702657703	-1.8272718319751205e-80	1.916987966472679e-23	1.223434381896079e-22	3.848554489141958e-22	-4.686316051468715e-23	-9.163004158034072e-26	-7.573606004583191e-22	-1.3017253472710045e-26
1.4245838191465325e23	28.351359735779464	-6.402139226558625e-82	1.917121078572881e-23	1.2238075160743215e-22	3.726450770790776e-22	-4.664835379869303e-23	-9.168795097224946e-26	-7.497041226784045e-22	-1.3022757261937157e-26
1.455086539374775e23	28.2922352155447	-3.5341224071865016e-83	1.9172294256925417e-23	1.223440031687123e-22	3.6086149095448654e-22	-4.642739137473982e-23	-9.173504972737043e-26	-7.422353538922828e-22	-1.3027267111847283e-26
1.4733881715118504e23	28.25796525979042	-6.453078119686538e-84	1.917050956854624e-23	1.2232930546961312e-22	3.5142399442267077e-22	-4.615398204879671e-23	-9.165738806251477e-26	-7.36078726896691e-22	-1.301982897771715e-26
1.5038908917436685e23	28.20189688587189	-2.732894931133543e-85	1.9174016714967435e-23	1.224132300338529e-22	3.4293935063090044e-22	-4.609110806841959e-23	-9.181003608843321e-26	-7.310142199791289e-22	-1.3034443633186322e-26
1.534393611977731e23	28.14718712377548	-1.0550181353241335e-86	1.9175028945528266e-23	1.2237762282806348e-22	3.3219223302897976e-22	-4.588778372380595e-23	-9.185408723337765e-26	-7.243797926789865e-22	-1.3038566215774076e-26
1.564896332213505e23	28.094477361679075	-5.763938712990222e-88	1.9175794755283255e-23	1.2234149090941202e-22	3.218517854758084e-22	-4.5677949024926534e-23	-9.188739870991866e-26	-7.178727111050245e-22	-1.304175136357607e-26
1.5953990524506992e23	28.043360614895818	-2.9587538654242805e-89	1.9176306515186452e-23	1.2232957346266988e-22	3.120389398182996e-22	-4.5461174238757156e-23	-9.190967084638394e-26	-7.114767978576533e-22	-1.3043908194451312e-26
1.6259017726891537e23	27.993719683051108	-1.31866198466335e-90	1.9176966172332877e-23	1.2239490764261423e-22	3.024128488193532e-22	-4.5260882600927867e-23	-9.193843416300586e-26	-7.05474748498111e-22	-1.3046670789336714e-26
1.6564044929290836e23	27.945554772779342	-4.673795104759293e-92	1.9177449942308723e-23	1.223343252940253e-22	2.9316864641885826e-22	-4.5057775202160213e-23	-9.195946648756255e-26	-6.99614544408627e-22	-1.3048647799437883e-26
1.686907213169706e23	27.89986442762613	-2.575829160988327e-93	1.917790421325543e-23	1.2232979379954198e-22	2.842087584349417e-22	-4.486041168538854e-23	-9.197925180417304e-26	-6.9399320527787285e-22	-1.3050525826618732e-26
1.7174099334115167e23	27.855107123613358	-1.3448974290477738e-94	1.9178421808789036e-23	1.2238423427965438e-22	2.7565056370572868e-22	-4.4673944243159454e-23	-9.200183166354933e-26	-6.886640017473103e-22	-1.3052689630424526e-26
1.7479126536540605e23	27.81113153910637	-6.2543646517606256e-96	1.917881536291202e-23	1.223901904834002e-22	2.6734260056481797e-22	-4.4487303653022975e-23	-9.201897986259172e-26	-6.834826691470486e-22	-1.3054287023916888e-26
1.7784153738974596e23	27.769611982753503	-2.0739749206057967e-97	1.9179322566573935e-23	1.223478982081646e-22	2.5909840726843713e-22	-4.431395161916028e-23	-9.204105581663976e-26	-6.7860744398355885e-22	-1.305631164992088e-26
1.8089180941413536e23	27.72860863661766	-1.1524703879656593e-98	1.9179347642990833e-23	1.223762964577983e-22	2.5161884408361628e-22	-4.411994458135404e-23	-9.204215680342283e-26	-6.73610516031516e-22	-1.305650747067252e-26
1.8394208143857332e23	27.689563394784926	-6.107523104684871e-100	1.9179532240982067e-23	1.223290973294107e-22	2.4412486324295683e-22	-4.3941547884822825e-23	-9.205016843401945e-26	-6.689353674806687e-22	-1.3057212321224603e-26
1.8699235346302345e23	27.65151897996664	-2.9416945269972514e-101	1.918004269396421e-23	1.2238019936976733e-22	2.3676332799716445e-22	-4.3788052175643144e-23	-9.207245044096069e-26	-6.646867034319541e-22	-1.3059288546975924e-26
1.9004262548754902e23	27.614474564135076	-1.0422487282382598e-102	1.9179865424559647e-23	1.2240233192229498e-22	2.3004427826071664e-22	-4.360208200342573e-23	-9.206471472234522e-26	-6.6015471730382225e-22	-1.3058647223671014e-26
1.9309289751210613e23	27.579640140533446	-5.177557692247074e-104	1.91798539032263e-23	1.223259392622627e-22	2.2339347204420876e-22	-4.3431588304070625e-23	-9.206416338880209e-26	-6.559238484208463e-22	-1.3058562832763247e-26
1.9614316953668538e23	27.54528153043985	-2.783599411663499e-105	1.91799798237388e-23	1.2231659842143997e-22	2.170472154531287e-22	-4.327488349359197e-23	-9.206964396981215e-26	-6.519658579691933e-22	-1.3059048287888987e-26
1.9919344156127296e23	27.51239873301983	-1.3792523519982663e-106	1.9180006535775084e-23	1.2238240212935182e-22	2.1085324415590808e-22	-4.3118639460300315e-23	-9.207084926066362e-26	-6.481126343168628e-22	-1.3059183989099078e-26
2.0224371358588442e23	27.481068038463594	-5.3206785265948514e-108	1.9180074035012673e-23	1.223477458860021e-22	2.0489713510622828e-22	-4.2970307263946975e-23	-9.207374815240009e-26	-6.444526341060601e-22	-1.3059434878402977e-26
2.0529398561052753e23	27.449899371072654	-5.924789256871082e-110	1.9180069175945978e-23	1.2234806186486131e-22	1.9926871531226675e-22	-4.2823683800679035e-23	-9.2073552391355e-26	-6.409040430692608e-22	-1.305919956879172e-26
2.0834425763515145e23	27.42080699136853	0.	1.9179959869479452e-23	1.222914840905087e-22	1.937401042090245e-22	-4.267683177296616e-23	-9.206874585698672e-26	-6.374408487414431e-22	-1.3058712215283488e-26
2.113945296597897e23	27.39235081768036	0.	1.918000803221533e-23	1.2238665799988868e-22	1.884781913508854e-22	-4.254425229353362e-23	-9.207088730335764e-26	-6.342321052417818e-22	-1.305916225549572e-26
2.1444480168441954e23	27.364495936632157	0.	1.9179936915023547e-23	1.2232522532144884e-22	1.8341145172428795e-22	-4.241024909877753e-23	-9.206774457946805e-26	-6.310888437343786e-22	-1.3058615498079274e-26
2.17495073709035e23	27.338641666412354	0.	1.9179766672226786e-23	1.223203324343097e-22	1.7851984126123596e-22	-4.2276207807102693e-23	-9.20603250207725e-26	-6.280210296101982e-22	-1.3057899238150378e-26
2.2054534573362818e23	27.313136512219906	0.	1.9179729800716618e-23	1.2232338291791317e-22	1.7389764886934601e-22	-4.2154568268355824e-23	-9.205871258478544e-26	-6.251767390638328e-22	-1.305774087586011e-26
2.235956177581844e23	27.28910941064358	0.	1.917962046242823e-23	1.2237281834780823e-22	1.693873152671479e-22	-4.203408632680021e-23	-9.205397032692129e-26	-6.224169736209558e-22	-1.3057298476454143e-26
2.2664588978275703e23	27.26590337741375	0.	1.9179541659070366e-23	1.2231589159786702e-22	1.651221190129977e-22	-4.192010185504166e-23	-9.205048263214206e-26	-6.1980499513370285e-22	-1.3056942400351608e-26
2.2969616180737594e23	27.244350666217507	0.	1.917942001543892e-23	1.2234508962408114e-22	1.6103349992914771e-22	-4.1808784509586507e-23	-9.204519802161063e-26	-6.172896888612323e-22	-1.3056437777717443e-26
2.3274643383193872e23	27.222972207427027	0.	1.9179344092594109e-23	1.2231992386384356e-22	1.5721112067332987e-22	-4.170467081358523e-23	-9.204187353793752e-26	-6.149247982960841e-22	-1.3056106999750776e-26
2.3579670585648942e23	27.202674511909485	0.	1.9179221512451187e-23	1.2230657227495877e-22	1.5345182674263157e-22	-4.1602752840681097e-23	-9.203650797537882e-26	-6.126475822688493e-22	-1.3055586115469665e-26
2.3884697788101324e23	27.18377125740051	0.	1.9178990933821515e-23	1.2229699266334027e-22	1.4996004428013997e-22	-4.1499488737156725e-23	-9.20265684746635e-26	-6.104162938765422e-22	-1.3052594880157265e-26
2.4189724990545955e23	27.164884250018744	0.	1.9178922021606912e-23	1.2231297758157932e-22	1.4660929194644568e-22	-4.140969513008077e-23	-9.202356600364257e-26	-6.084003657980607e-22	-1.305230614433443e-26
2.449475219298378e23	27.14796474933624	0.	1.9178711114508556e-23	1.2226624203902923e-22	1.4335800492374473e-22	-4.1316781822711684e-23	-9.201433855939695e-26	-6.064034156666622e-22	-1.3051405156623813e-26
2.4799779395414588e23	27.13155299949646	0.	1.9178658891348176e-23	1.2225665846537415e-22	1.4035258670977053e-22	-4.12367788915078e-23	-9.201204313730335e-26	-6.0461413089304905e-22	-1.3051175612456267e-26
2.5104806597849884e23	27.115888460695743	0.	1.9178548297980743e-23	1.2226602831497007e-22	1.3747809556199613e-22	-4.115807355485816e-23	-9.20072216561217e-26	-6.028921370431632e-22	-1.305071599143905e-26
2.540983380028326e23	27.101223113417625	0.	1.917842023806526e-23	1.2230383236928042e-22	1.347497861127233e-22	-4.1082799542104435e-23	-9.20016635224104e-26	-6.0126145507789e-22	-1.305019122569763e-26
2.571486100272086e23	27.08776299205422	0.	1.9178296745121582e-23	1.2233408555833858e-22	1.32197997015756e-22	-4.101203317151646e-23	-9.199630115417012e-26	-5.997339529690204e-22	-1.3049687879883622e-26
2.6019888205152106e23	27.07533716583252	0.	1.917816770925243e-23	1.2223468426824335e-22	1.2986672645896386e-22	-4.094506748398263e-23	-9.199061166973208e-26	-5.983013030743738e-22	-1.3049107887499811e-26
2.6324915407582815e23	27.0635907651186	0.	1.9178129879393505e-23	1.2225632599816864e-22	1.276592623825995e-22	-4.0887187584567824e-23	-9.198896895603912e-26	-5.970225095801915e-22	-1.3048954133176317e-26
2.662994261001266e23	27.05240123134851	0.	1.917804997898428e-23	1.2225614760581136e-22	1.2560254878956702e-22	-4.083119943804549e-23	-9.198548366723379e-26	-5.958122939275216e-22	-1.3048618401398243e-26
2.693496981244196e23	27.042212503373623	0.	1.9177923119951176e-23	1.2224078740264146e-22	1.2367790515729764e-22	-4.0776821767073373e-23	-9.197994673991429e-26	-5.94666298308898e-22	-1.3048084313344848e-26
2.723999701487014e23	27.03241773080826	0.	1.9177869927577943e-23	1.2226930447974564e-22	1.2188301205348116e-22	-4.073038934362807e-23	-9.197763752923736e-26	-5.9365850290941925e-22	-1.304786247761212e-26
2.7545024217296975e23	27.02432933393866	0.	1.9177716022820165e-23	1.2225114480282847e-22	1.2022750905165303e-22	-4.068266434665237e-23	-9.197092112195072e-26	-5.926790006678562e-22	-1.3047215982454855e-26
2.7850051419723802e23	27.018428251475093	0.	1.917770736330185e-23	1.2226779224084588e-22	1.1877978322222556e-22	-4.064656064089512e-23	-9.197054854345295e-26	-5.918797340956404e-22	-1.3047180952338174e-26
2.8155078622153274e23	27.012526867330074	0.	1.9177821033961037e-23	1.2225239318758894e-22	1.1764180994176152e-22	-4.0620796687223486e-23	-9.197549551885728e-26	-5.912451499638624e-22	-1.3047650313869917e-26
2.8460105824584564e23	27.006626691818237	0.	1.9177864739743398e-23	1.2225163913724177e-22	1.1655143831467268e-22	-4.0595299826413846e-23	-9.197739787371369e-26	-5.906549275870334e-22	-1.3047830841695295e-26
2.8765133027015884e23	27.000725709915162	0.	1.9177824306014843e-23	1.2225241770610787e-22	1.1551861172939484e-22	-4.0569312998625604e-23	-9.197563546212358e-26	-5.900997309550668e-22	-1.3047661112554734e-26
2.9070160229445677e23	26.994824728012084	0.	1.9177714973292946e-23	1.2226783140734832e-22	1.1453260444867014e-22	-4.054362637481558e-23	-9.197087486194549e-26	-5.895885121740302e-22	-1.304720699323222e-26
2.9375187431872152e23	26.99156888613105	0.	1.917746781382328e-23	1.2223887191254771e-22	1.1364052719138875e-22	-4.051460181229841e-23	-9.196009146588408e-26	-5.890781836437896e-22	-1.304617373248933e-26
2.9680214634299173e23	26.988741054952143	0.	1.9177470395348426e-23	1.2223886064809737e-22	1.130536450244961e-22	-4.0502505485027787e-23	-9.196020321348328e-26	-5.888080957485884e-22	-1.3046183685612565e-26
2.9985241836726487e23	26.986659431278703	0.	1.917743171391985e-23	1.2223391058461495e-22	1.1257180473630157e-22	-4.0492107783376364e-23	-9.195851498576039e-26	-5.8859776592491025e-22	-1.3046018062458432e-26
3.029026903915384e23	26.985508883237838	0.	1.9177405434897927e-23	1.222395637842052e-22	1.1221562113975967e-22	-4.0486214510259206e-23	-9.195737179285005e-26	-5.884801648309918e-22	-1.3045911855844365e-26
3.0442782640367414e23	26.98499924604781	0.	1.917734417740446e-23	1.2223881848754328e-22	1.120506050299328e-22	-4.048219772713954e-23	-9.195470234610133e-26	-5.884234716807081e-22	-1.3045656445963407e-26
3.048091104067063e23	26.985	0.	1.9176916460184622e-23	1.2229976940403857e-22	1.1225046439441719e-22	-4.047669741005036e-23	-9.193705675200566e-26	-5.885517779953623e-22	-1.3044466829726782e-26