! N_H(cm-2)    T_gas(K)     X(H)        X(H2)       X(C)        X(CO)
 0.00000E+00 5.84645E+03 9.99995E-01 8.02161E-08 1.93578E-10 1.44493E-13
 1.71000E+19 5.84645E+03 9.99995E-01 8.30288E-08 1.99921E-10 1.54618E-13
 1.11150E+21 5.84645E+03 9.99992E-01 7.72537E-07 1.62535E-09 1.10381E-11
 1.24830E+21 6.12050E+03 9.99980E-01 2.69669E-06 2.45621E-09 4.92977E-11
 1.31670E+21 6.21613E+03 9.99974E-01 3.78540E-06 2.98039E-09 7.83138E-11
 1.38510E+21 6.28898E+03 9.99970E-01 4.83024E-06 3.56600E-09 1.13105E-10
 1.41930E+21 6.36267E+03 9.99966E-01 5.84059E-06 4.00314E-09 1.45244E-10
 1.45350E+21 6.41238E+03 9.99963E-01 6.62743E-06 4.41620E-09 1.75154E-10
 1.46261E+21 6.46248E+03 9.99960E-01 7.17239E-06 4.61261E-09 1.92336E-10
 1.49906E+21 6.46248E+03 9.99958E-01 7.95266E-06 5.08681E-09 2.28002E-10
 1.53551E+21 6.51297E+03 9.99954E-01 9.23666E-06 5.72935E-09 2.82417E-10
 1.57196E+21 6.56385E+03 9.99948E-01 1.07904E-05 6.49917E-09 3.51733E-10
 1.60841E+21 6.61513E+03 9.99943E-01 1.26681E-05 7.42737E-09 4.40078E-10
 1.64486E+21 6.69265E+03 9.99937E-01 1.45812E-05 8.43939E-09 5.38789E-10
 1.68131E+21 6.74494E+03 9.99930E-01 1.71403E-05 9.75078E-09 6.74313E-10
 1.71776E+21 6.79763E+03 9.99922E-01 2.00743E-05 1.13041E-08 8.40397E-10
 1.75421E+21 6.82419E+03 9.99912E-01 2.38778E-05 1.33106E-08 1.06523E-09
 1.79066E+21 6.87750E+03 9.99903E-01 2.74221E-05 1.54005E-08 1.30053E-09
 1.82711E+21 6.90436E+03 9.99893E-01 3.17019E-05 1.79780E-08 1.60094E-09
 1.86356E+21 6.90436E+03 9.99881E-01 3.69243E-05 2.11959E-08 1.98954E-09
 1.90001E+21 6.93134E+03 9.99872E-01 4.13263E-05 2.43624E-08 2.36959E-09
 1.93646E+21 6.93134E+03 9.99861E-01 4.66191E-05 2.82486E-08 2.85097E-09
 1.97291E+21 6.93134E+03 9.99850E-01 5.18789E-05 3.24996E-08 3.38324E-09
 2.00936E+21 6.93134E+03 9.99839E-01 5.70331E-05 3.71129E-08 3.96560E-09
 2.08226E+21 6.87718E+03 9.99816E-01 6.85061E-05 4.82740E-08 5.44564E-09
 2.15516E+21 6.85032E+03 9.99791E-01 8.12373E-05 6.27128E-08 7.36135E-09
 2.22806E+21 6.79680E+03 9.99760E-01 9.65621E-05 8.20987E-08 1.04858E-08
 2.30096E+21 6.74370E+03 9.99727E-01 1.13206E-04 1.06751E-07 1.49800E-08
 2.37386E+21 6.69102E+03 9.99690E-01 1.31406E-04 1.38198E-07 2.12701E-08
 2.51965E+21 6.53420E+03 9.99592E-01 1.80444E-04 2.36367E-07 4.16164E-08
 2.66545E+21 6.27895E+03 9.99413E-01 2.68672E-04 4.46006E-07 9.89228E-08
 2.81125E+21 5.93557E+03 9.99095E-01 4.26112E-04 9.04828E-07 2.62758E-07
 2.86824E+21 5.56460E+03 9.98677E-01 6.32674E-04 1.48763E-06 5.75804E-07
 2.86835E+21 1.06934E+03 7.73716E-01 1.13126E-01 2.41069E-05 1.64723E-05
 2.86880E+21 1.06517E+03 7.70865E-01 1.14552E-01 2.43117E-05 1.65300E-05
 2.86968E+21 1.04852E+03 7.59535E-01 1.20218E-01 2.50835E-05 1.66578E-05
 2.87058E+21 1.02395E+03 7.41768E-01 1.29102E-01 2.62979E-05 1.68658E-05
 2.87236E+21 1.00395E+03 7.26518E-01 1.36728E-01 2.73680E-05 1.70340E-05
 2.87414E+21 9.72577E+02 7.01328E-01 1.49325E-01 2.90864E-05 1.71815E-05
 2.87592E+21 9.49782E+02 6.81659E-01 1.59160E-01 3.04413E-05 1.73385E-05
 2.87948E+21 9.23812E+02 6.58396E-01 1.70793E-01 3.18016E-05 1.76408E-05
 2.88304E+21 8.87725E+02 6.23350E-01 1.88317E-01 3.37209E-05 1.81664E-05
 2.88660E+21 8.59984E+02 5.94352E-01 2.02817E-01 3.52372E-05 1.85833E-05
 2.89373E+21 8.36469E+02 5.67982E-01 2.16003E-01 3.66463E-05 1.90141E-05
 2.90085E+21 8.03794E+02 5.28656E-01 2.35667E-01 3.85081E-05 1.97643E-05
 2.90797E+21 7.75536E+02 4.93167E-01 2.53412E-01 3.99781E-05 2.02149E-05
 2.91510E+21 7.54330E+02 4.64327E-01 2.67833E-01 4.11162E-05 2.07706E-05
 2.92522E+21 7.36650E+02 4.38396E-01 2.80799E-01 4.21400E-05 2.14484E-05
 2.93535E+21 7.15069E+02 4.06245E-01 2.96874E-01 4.31567E-05 2.21831E-05
 2.95561E+21 6.92723E+02 3.71483E-01 3.14256E-01 4.41564E-05 2.29780E-05
 2.97587E+21 6.62957E+02 3.22966E-01 3.38515E-01 4.50631E-05 2.43631E-05
 2.99612E+21 6.39650E+02 2.83047E-01 3.58475E-01 4.55053E-05 2.58044E-05
 3.01638E+21 6.19661E+02 2.48596E-01 3.75700E-01 4.55746E-05 2.71909E-05
 3.05689E+21 5.97876E+02 2.10608E-01 3.94695E-01 4.53298E-05 2.90316E-05
 3.09741E+21 5.71018E+02 1.64899E-01 4.17549E-01 4.43720E-05 3.19316E-05
 3.25945E+21 5.25292E+02 9.74432E-02 4.51278E-01 4.05182E-05 3.78084E-05
 3.34050E+21 4.83228E+02 4.82555E-02 4.75872E-01 3.56029E-05 4.62002E-05
 3.50254E+21 4.51139E+02 2.53135E-02 4.87343E-01 3.00958E-05 5.30742E-05
 3.66459E+21 4.18537E+02 1.12730E-02 4.94363E-01 2.46532E-05 6.05270E-05
 3.82663E+21 3.91561E+02 5.25762E-03 4.97371E-01 2.04815E-05 6.61532E-05
 4.10724E+21 3.54852E+02 1.75575E-03 4.99122E-01 1.57582E-05 7.19183E-05
 4.24755E+21 3.33367E+02 8.44847E-04 4.99578E-01 1.54168E-05 7.40362E-05
 4.38785E+21 3.16438E+02 5.00281E-04 4.99750E-01 1.54292E-05 7.51938E-05
 4.52812E+21 2.99751E+02 3.09622E-04 4.99845E-01 1.59217E-05 7.61367E-05
 4.66843E+21 2.81016E+02 1.98566E-04 4.99901E-01 1.67060E-05 7.68032E-05
 4.80873E+21 2.61257E+02 1.30656E-04 4.99935E-01 1.69895E-05 7.81044E-05
 4.94903E+21 2.42888E+02 8.70875E-05 4.99956E-01 1.64312E-05 8.01393E-05
 5.08934E+21 2.27707E+02 5.88543E-05 4.99971E-01 1.53848E-05 8.23261E-05
 5.22961E+21 2.13476E+02 4.08393E-05 4.99980E-01 1.42972E-05 8.41868E-05
 5.36991E+21 2.00133E+02 2.93957E-05 4.99985E-01 1.33093E-05 8.56832E-05
 5.49006E+21 1.89189E+02 2.28410E-05 4.99989E-01 1.26720E-05 8.66182E-05
 5.67024E+21 1.74408E+02 1.70655E-05 4.99991E-01 1.17516E-05 8.78009E-05
 5.85046E+21 1.60783E+02 1.35057E-05 4.99993E-01 1.14947E-05 8.82200E-05
 6.03064E+21 1.48221E+02 1.13844E-05 4.99994E-01 1.17802E-05 8.80290E-05
 6.21085E+21 1.36642E+02 1.00492E-05 4.99995E-01 1.26406E-05 8.72257E-05
 6.39104E+21 1.26500E+02 9.12612E-06 4.99995E-01 1.40772E-05 8.58255E-05
 6.57125E+21 1.17606E+02 8.42490E-06 4.99996E-01 1.59639E-05 8.39637E-05
 6.75143E+21 1.09796E+02 7.84657E-06 4.99996E-01 1.80129E-05 8.19331E-05
 7.03226E+21 9.95026E+01 7.10789E-06 4.99996E-01 1.99423E-05 8.00233E-05
 7.17266E+21 9.09516E+01 6.88978E-06 4.99997E-01 2.07355E-05 7.92384E-05
 7.31306E+21 8.42013E+01 6.69071E-06 4.99997E-01 2.02593E-05 7.97202E-05
 7.45346E+21 7.89387E+01 6.49165E-06 4.99997E-01 1.92448E-05 8.07391E-05
 7.59386E+21 7.40050E+01 6.32794E-06 4.99997E-01 1.77435E-05 8.22436E-05
 7.73429E+21 6.93797E+01 6.19775E-06 4.99997E-01 1.59308E-05 8.40586E-05
 7.87469E+21 6.53145E+01 6.08831E-06 4.99997E-01 1.39905E-05 8.60006E-05
 8.01509E+21 6.17426E+01 5.99780E-06 4.99997E-01 1.20560E-05 8.79362E-05
 8.29592E+21 5.57130E+01 5.87313E-06 4.99997E-01 8.53322E-06 9.14604E-05
 8.53579E+21 5.16869E+01 5.80719E-06 4.99997E-01 6.13229E-06 9.38619E-05
 8.77567E+21 4.85574E+01 5.76735E-06 4.99997E-01 4.30325E-06 9.56913E-05
 9.25545E+21 4.41000E+01 5.74658E-06 4.99997E-01 2.04195E-06 9.79529E-05
 9.74686E+21 4.13653E+01 5.76176E-06 4.99997E-01 9.40365E-07 9.90544E-05
 1.02383E+22 3.79720E+01 5.91495E-06 4.99997E-01 4.24205E-07 9.95703E-05
 1.04211E+22 3.58954E+01 6.05797E-06 4.99997E-01 3.09997E-07 9.96844E-05
 1.06039E+22 3.36520E+01 6.23783E-06 4.99997E-01 2.24436E-07 9.97699E-05
 1.07868E+22 3.18116E+01 6.40379E-06 4.99997E-01 1.62499E-07 9.98317E-05
 1.09696E+22 3.01341E+01 6.57171E-06 4.99997E-01 1.17353E-07 9.98768E-05
 1.13352E+22 2.73090E+01 6.89422E-06 4.99996E-01 6.10840E-08 9.99329E-05
 1.17009E+22 2.52288E+01 7.16735E-06 4.99996E-01 3.20685E-08 9.99620E-05
 1.20666E+22 2.37506E+01 7.38033E-06 4.99996E-01 1.71395E-08 9.99771E-05
 1.31635E+22 2.13848E+01 7.72781E-06 4.99995E-01 2.96306E-09 9.99927E-05
 1.46261E+22 2.04033E+01 7.68614E-06 4.99995E-01 4.03571E-10 9.99968E-05
 1.60887E+22 2.00048E+01 7.17645E-06 4.99995E-01 1.72113E-10 9.99968E-05
 1.75513E+22 1.95359E+01 6.99082E-06 4.99995E-01 1.49048E-10 9.99965E-05
 2.04766E+22 1.87155E+01 7.07420E-06 4.99995E-01 1.44830E-10 9.99964E-05
 2.34018E+22 1.79662E+01 7.20826E-06 4.99995E-01 1.43441E-10 9.99965E-05
 2.63270E+22 1.72995E+01 7.33655E-06 4.99995E-01 1.42061E-10 9.99965E-05
 2.92522E+22 1.66997E+01 7.46012E-06 4.99995E-01 1.40722E-10 9.99966E-05
 3.21773E+22 1.61616E+01 7.57821E-06 4.99995E-01 1.39447E-10 9.99966E-05
