# J Brightness (erg/s/cm^2/sr)
  1 2.21040E-07
  2 3.00039E-06
  3 1.33419E-05
  4 3.70065E-05
  5 7.90471E-05
  6 1.41799E-04
  7 2.25749E-04
  8 3.26202E-04
  9 4.39259E-04
 10 5.53664E-04
 11 6.60964E-04
 12 7.51520E-04
 13 8.03745E-04
 14 8.40285E-04
 15 8.39613E-04
 16 8.04656E-04
 17 7.45825E-04
 18 6.75110E-04
 19 6.01098E-04
 20 5.29260E-04
 21 4.62449E-04
 22 4.01803E-04
 23 3.47832E-04
 24 3.00035E-04
 25 2.57999E-04
 26 2.21287E-04
 27 1.89444E-04
 28 1.62003E-04
 29 1.38403E-04
 30 1.18308E-04
 31 1.01257E-04
 32 8.68963E-05
 33 7.48509E-05
 34 6.48214E-05
 35 5.65198E-05
 36 4.96795E-05
 37 4.40697E-05
 38 3.94616E-05
 39 3.56907E-05
 40 3.26007E-05
 41 3.00466E-05
 42 2.79237E-05
 43 2.61144E-05
 44 2.45262E-05
 45 2.30611E-05
 46 2.15875E-05
 47 1.99432E-05
 48 1.78362E-05
 49 1.47345E-05
 50 9.55470E-06
