#Jup Flux
   1    1.073e-11
   2    2.676e-10
   3    1.646e-09
   4    5.748e-09
   5    1.471e-08
   6    3.083e-08
   7    5.619e-08
   8    9.249e-08
   9    1.411e-07
  10    2.027e-07
  11    2.775e-07
  12    3.649e-07
  13    4.642e-07
  14    5.730e-07
  15    6.897e-07
  16    8.117e-07
  17    9.366e-07
  18    1.062e-06
  19    1.184e-06
  20    1.300e-06
  21    1.408e-06
  22    1.504e-06
  23    1.585e-06
  24    1.651e-06
  25    1.698e-06
  26    1.726e-06
  27    1.735e-06
  28    1.724e-06
  29    1.694e-06
  30    1.646e-06
  31    1.583e-06
  32    1.506e-06
  33    1.418e-06
  34    1.323e-06
  35    1.222e-06
  36    1.119e-06
  37    1.014e-06
  38    9.106e-07
  39    8.086e-07
  40    7.130e-07
  41    6.199e-07
  42    5.431e-07
  43    4.739e-07
  44    4.120e-07
  45    3.567e-07
  46    3.079e-07
  47    2.649e-07
  48    2.274e-07
  49    1.947e-07
  50    1.662e-07
  51    1.417e-07
  52    1.205e-07
  53    1.024e-07
  54    8.683e-08
  55    7.357e-08
  56    6.227e-08
  57    5.262e-08
  58    4.446e-08
  59    3.751e-08
  60    3.164e-08
  61    2.668e-08
  62    2.248e-08
  63    1.893e-08
  64    1.595e-08
  65    1.343e-08
  66    1.130e-08
  67    9.513e-09
  68    8.002e-09
  69    6.725e-09
  70    5.646e-09
  71    4.734e-09
  72    3.960e-09
  73    3.299e-09
  74    2.734e-09
  75    2.242e-09
  76    1.813e-09
  77    1.427e-09
  78    1.073e-09
  79    7.324e-10
  80    3.800e-10