#Jup Flux
   1    1.895e-12
   2    5.028e-11
   3    3.130e-10
   4    1.083e-09
   5    2.707e-09
   6    5.481e-09
   7    9.567e-09
   8    1.492e-08
   9    2.127e-08
  10    2.806e-08
  11    3.453e-08
  12    3.979e-08
  13    4.299e-08
  14    4.300e-08
  15    3.901e-08
  16    3.060e-08
  17    1.620e-08
  18    1.083e-08
  19    7.021e-09
  20    4.372e-09
  21    2.645e-09
  22    1.545e-09
  23    8.841e-10
  24    4.920e-10
  25    2.681e-10
  26    1.425e-10
  27    7.444e-11
  28    3.834e-11
  29    1.967e-11
  30    1.009e-11
  31    5.190e-12
  32    2.736e-12
  33    1.502e-12
  34    8.823e-13
  35    5.604e-13
  36    3.875e-13
  37    2.881e-13
  38    2.267e-13
  39    1.856e-13
  40    1.557e-13
  41    1.325e-13
  42    1.150e-13
  43    1.004e-13
  44    8.802e-14
  45    7.739e-14
  46    6.824e-14
  47    6.028e-14
  48    5.332e-14
  49    4.725e-14
  50    4.191e-14
  51    3.720e-14
  52    3.306e-14
  53    2.940e-14
  54    2.618e-14
  55    2.332e-14
  56    2.080e-14
  57    1.854e-14
  58    1.655e-14
  59    1.477e-14
  60    1.320e-14
  61    1.179e-14
  62    1.053e-14
  63    9.418e-15
  64    8.422e-15
  65    7.522e-15
  66    6.719e-15
  67    5.994e-15
  68    5.342e-15
  69    4.749e-15
  70    4.213e-15
  71    3.718e-15
  72    3.267e-15
  73    2.851e-15
  74    2.462e-15
  75    2.089e-15
  76    1.739e-15
  77    1.399e-15
  78    1.062e-15
  79    7.216e-16
  80    3.695e-16