# NH                 T_gas  H            H2           C            CO
  1.5900e+14      71.6321   9.9987e-01   6.2352e-05   4.5960e-06   2.3577e-11
  1.6498e+14      71.6321   9.9987e-01   6.2352e-05   4.5960e-06   2.3579e-11
  1.7118e+14      71.6321   9.9987e-01   6.2352e-05   4.5960e-06   2.3582e-11
  1.7762e+14      71.6321   9.9987e-01   6.2352e-05   4.5960e-06   2.3584e-11
  1.8430e+14      71.6321   9.9987e-01   6.2352e-05   4.5960e-06   2.3586e-11
  1.9123e+14      71.6321   9.9987e-01   6.2352e-05   4.5960e-06   2.3589e-11
  1.9842e+14      71.6321   9.9987e-01   6.2352e-05   4.5960e-06   2.3591e-11
  2.0588e+14      71.6321   9.9987e-01   6.2352e-05   4.5960e-06   2.3594e-11
  2.1363e+14      71.6321   9.9987e-01   6.2352e-05   4.5960e-06   2.3596e-11
  2.2166e+14      71.6321   9.9987e-01   6.2353e-05   4.5960e-06   2.3598e-11
  2.2999e+14      71.6321   9.9987e-01   6.2353e-05   4.5960e-06   2.3601e-11
  2.3864e+14      71.6321   9.9987e-01   6.2353e-05   4.5960e-06   2.3603e-11
  2.4762e+14      71.6321   9.9987e-01   6.2353e-05   4.5961e-06   2.3606e-11
  2.5693e+14      71.6321   9.9987e-01   6.2353e-05   4.5961e-06   2.3608e-11
  2.6659e+14      71.6317   9.9987e-01   6.2353e-05   4.5961e-06   2.3610e-11
  2.7662e+14      71.6321   9.9987e-01   6.2353e-05   4.5961e-06   2.3613e-11
  2.8702e+14      71.6321   9.9987e-01   6.2354e-05   4.5961e-06   2.3615e-11
  2.9781e+14      71.6321   9.9987e-01   6.2354e-05   4.5961e-06   2.3618e-11
  3.0901e+14      71.6321   9.9987e-01   6.2354e-05   4.5961e-06   2.3620e-11
  3.2063e+14      71.6321   9.9987e-01   6.2354e-05   4.5961e-06   2.3622e-11
  3.3269e+14      71.6321   9.9987e-01   6.2354e-05   4.5961e-06   2.3625e-11
  3.4520e+14      71.6321   9.9987e-01   6.2354e-05   4.5961e-06   2.3627e-11
  3.5818e+14      71.6321   9.9987e-01   6.2355e-05   4.5961e-06   2.3630e-11
  3.7165e+14      71.6321   9.9987e-01   6.2355e-05   4.5961e-06   2.3632e-11
  3.8563e+14      71.6321   9.9987e-01   6.2355e-05   4.5961e-06   2.3634e-11
  4.0013e+14      71.6321   9.9987e-01   6.2355e-05   4.5961e-06   2.3637e-11
  4.1517e+14      71.6321   9.9987e-01   6.2355e-05   4.5961e-06   2.3639e-11
  4.3079e+14      71.6321   9.9987e-01   6.2356e-05   4.5961e-06   2.3642e-11
  4.4699e+14      71.6321   9.9987e-01   6.2356e-05   4.5961e-06   2.3644e-11
  4.6380e+14      71.6321   9.9987e-01   6.2356e-05   4.5961e-06   2.3646e-11
  4.8124e+14      71.6321   9.9987e-01   6.2356e-05   4.5961e-06   2.3649e-11
  4.9933e+14      71.6321   9.9987e-01   6.2357e-05   4.5961e-06   2.3651e-11
  5.1811e+14      71.6321   9.9987e-01   6.2357e-05   4.5961e-06   2.3654e-11
  5.3760e+14      71.6321   9.9987e-01   6.2357e-05   4.5961e-06   2.3656e-11
  5.5781e+14      71.6321   9.9987e-01   6.2358e-05   4.5961e-06   2.3658e-11
  5.7879e+14      71.6321   9.9987e-01   6.2358e-05   4.5961e-06   2.3661e-11
  6.0055e+14      71.6321   9.9987e-01   6.2358e-05   4.5961e-06   2.3663e-11
  6.2314e+14      71.6321   9.9987e-01   6.2359e-05   4.5961e-06   2.3666e-11
  6.4657e+14      71.6321   9.9987e-01   6.2359e-05   4.5961e-06   2.3668e-11
  6.7088e+14      71.6321   9.9987e-01   6.2359e-05   4.5961e-06   2.3670e-11
  6.9611e+14      71.6321   9.9987e-01   6.2360e-05   4.5961e-06   2.3673e-11
  7.2229e+14      71.6321   9.9987e-01   6.2360e-05   4.5961e-06   2.3675e-11
  7.4945e+14      71.6321   9.9987e-01   6.2361e-05   4.5961e-06   2.3678e-11
  7.7764e+14      71.6321   9.9987e-01   6.2361e-05   4.5961e-06   2.3680e-11
  8.0688e+14      71.6321   9.9987e-01   6.2361e-05   4.5961e-06   2.3682e-11
  8.3722e+14      71.6321   9.9987e-01   6.2362e-05   4.5961e-06   2.3685e-11
  8.6870e+14      71.6321   9.9987e-01   6.2362e-05   4.5961e-06   2.3687e-11
  9.0137e+14      71.6321   9.9987e-01   6.2363e-05   4.5961e-06   2.3690e-11
  9.3527e+14      71.6321   9.9987e-01   6.2363e-05   4.5961e-06   2.3692e-11
  9.7044e+14      71.6321   9.9987e-01   6.2364e-05   4.5961e-06   2.3694e-11
  1.0069e+15      71.6321   9.9987e-01   6.2364e-05   4.5961e-06   2.3697e-11
  1.0448e+15      71.6321   9.9987e-01   6.2365e-05   4.5961e-06   2.3699e-11
  1.0841e+15      71.6321   9.9987e-01   6.2366e-05   4.5961e-06   2.3702e-11
  1.1249e+15      71.6321   9.9987e-01   6.2366e-05   4.5961e-06   2.3704e-11
  1.1672e+15      71.6321   9.9987e-01   6.2367e-05   4.5961e-06   2.3707e-11
  1.2110e+15      71.6321   9.9987e-01   6.2368e-05   4.5961e-06   2.3709e-11
  1.2566e+15      71.6317   9.9987e-01   6.2368e-05   4.5961e-06   2.3711e-11
  1.3038e+15      71.6321   9.9987e-01   6.2369e-05   4.5961e-06   2.3714e-11
  1.3529e+15      71.6321   9.9987e-01   6.2370e-05   4.5961e-06   2.3716e-11
  1.4037e+15      71.6321   9.9987e-01   6.2371e-05   4.5961e-06   2.3719e-11
  1.4565e+15      71.6321   9.9987e-01   6.2371e-05   4.5961e-06   2.3721e-11
  1.5113e+15      71.6321   9.9987e-01   6.2372e-05   4.5962e-06   2.3723e-11
  1.5681e+15      71.6315   9.9987e-01   6.2373e-05   4.5962e-06   2.3726e-11
  1.6271e+15      71.6321   9.9987e-01   6.2374e-05   4.5961e-06   2.3728e-11
  1.6883e+15      71.6295   9.9987e-01   6.2374e-05   4.5962e-06   2.3731e-11
  1.7518e+15      71.6320   9.9987e-01   6.2376e-05   4.5962e-06   2.3733e-11
  1.8177e+15      71.6320   9.9987e-01   6.2377e-05   4.5962e-06   2.3735e-11
  1.8860e+15      71.6320   9.9987e-01   6.2378e-05   4.5962e-06   2.3738e-11
  1.9569e+15      71.6320   9.9987e-01   6.2379e-05   4.5962e-06   2.3740e-11
  2.0305e+15      71.6320   9.9987e-01   6.2380e-05   4.5962e-06   2.3743e-11
  2.1069e+15      71.6320   9.9987e-01   6.2381e-05   4.5962e-06   2.3745e-11
  2.1861e+15      71.6320   9.9987e-01   6.2382e-05   4.5962e-06   2.3748e-11
  2.2683e+15      71.6320   9.9987e-01   6.2384e-05   4.5962e-06   2.3750e-11
  2.3536e+15      71.6320   9.9987e-01   6.2385e-05   4.5962e-06   2.3752e-11
  2.4421e+15      71.6320   9.9987e-01   6.2386e-05   4.5962e-06   2.3755e-11
  2.5340e+15      71.6320   9.9987e-01   6.2388e-05   4.5962e-06   2.3757e-11
  2.6293e+15      71.6320   9.9987e-01   6.2389e-05   4.5962e-06   2.3760e-11
  2.7281e+15      71.6320   9.9987e-01   6.2391e-05   4.5962e-06   2.3762e-11
  2.8307e+15      71.6320   9.9987e-01   6.2392e-05   4.5962e-06   2.3765e-11
  2.9372e+15      71.6320   9.9987e-01   6.2394e-05   4.5962e-06   2.3767e-11
  3.0476e+15      71.6320   9.9987e-01   6.2396e-05   4.5962e-06   2.3769e-11
  3.1622e+15      71.6320   9.9987e-01   6.2397e-05   4.5962e-06   2.3772e-11
  3.2812e+15      71.6320   9.9987e-01   6.2399e-05   4.5962e-06   2.3774e-11
  3.4045e+15      71.6320   9.9987e-01   6.2401e-05   4.5962e-06   2.3777e-11
  3.5326e+15      71.6314   9.9987e-01   6.2407e-05   4.5957e-06   2.3778e-11
  3.6654e+15      71.6320   9.9987e-01   6.2405e-05   4.5962e-06   2.3781e-11
  3.8032e+15      71.6320   9.9987e-01   6.2407e-05   4.5962e-06   2.3784e-11
  3.9463e+15      71.6320   9.9987e-01   6.2409e-05   4.5962e-06   2.3786e-11
  4.0947e+15      71.6320   9.9987e-01   6.2412e-05   4.5962e-06   2.3789e-11
  4.2486e+15      71.6320   9.9987e-01   6.2414e-05   4.5962e-06   2.3791e-11
  4.4084e+15      71.6315   9.9987e-01   6.2416e-05   4.5963e-06   2.3794e-11
  4.5742e+15      71.6320   9.9987e-01   6.2419e-05   4.5963e-06   2.3796e-11
  4.7462e+15      71.6320   9.9987e-01   6.2422e-05   4.5963e-06   2.3799e-11
  4.9247e+15      71.6320   9.9987e-01   6.2424e-05   4.5963e-06   2.3801e-11
  5.1099e+15      71.6318   9.9987e-01   6.2430e-05   4.5960e-06   2.3803e-11
  5.3020e+15      71.6320   9.9987e-01   6.2430e-05   4.5963e-06   2.3806e-11
  5.5014e+15      71.6320   9.9987e-01   6.2433e-05   4.5963e-06   2.3808e-11
  5.7083e+15      71.6320   9.9987e-01   6.2436e-05   4.5963e-06   2.3811e-11
  5.9230e+15      71.6320   9.9987e-01   6.2440e-05   4.5963e-06   2.3813e-11
  6.1457e+15      71.6320   9.9987e-01   6.2443e-05   4.5963e-06   2.3816e-11
  6.3768e+15      71.6319   9.9987e-01   6.2447e-05   4.5963e-06   2.3818e-11
  6.6166e+15      71.6319   9.9987e-01   6.2450e-05   4.5963e-06   2.3821e-11
  6.8654e+15      71.6310   9.9987e-01   6.2454e-05   4.5963e-06   2.3823e-11
  7.1236e+15      71.6319   9.9987e-01   6.2458e-05   4.5963e-06   2.3825e-11
  7.3915e+15      71.6319   9.9987e-01   6.2462e-05   4.5963e-06   2.3828e-11
  7.6694e+15      71.6319   9.9987e-01   6.2466e-05   4.5963e-06   2.3830e-11
  7.9579e+15      71.6319   9.9987e-01   6.2471e-05   4.5963e-06   2.3833e-11
  8.2571e+15      71.6319   9.9987e-01   6.2475e-05   4.5964e-06   2.3835e-11
  8.5676e+15      71.6319   9.9987e-01   6.2480e-05   4.5964e-06   2.3838e-11
  8.8898e+15      71.6319   9.9987e-01   6.2485e-05   4.5964e-06   2.3840e-11
  9.2241e+15      71.6319   9.9987e-01   6.2490e-05   4.5964e-06   2.3843e-11
  9.5710e+15      71.6319   9.9987e-01   6.2495e-05   4.5964e-06   2.3845e-11
  9.9309e+15      71.6319   9.9987e-01   6.2501e-05   4.5964e-06   2.3847e-11
  1.0304e+16      71.6316   9.9987e-01   6.2514e-05   4.5955e-06   2.3849e-11
  1.0692e+16      71.6318   9.9987e-01   6.2512e-05   4.5964e-06   2.3852e-11
  1.1094e+16      71.6318   9.9987e-01   6.2519e-05   4.5964e-06   2.3855e-11
  1.1511e+16      71.6318   9.9987e-01   6.2525e-05   4.5964e-06   2.3857e-11
  1.1944e+16      71.6318   9.9987e-01   6.2532e-05   4.5964e-06   2.3860e-11
  1.2393e+16      71.6318   9.9987e-01   6.2539e-05   4.5965e-06   2.3862e-11
  1.2859e+16      71.6318   9.9987e-01   6.2546e-05   4.5965e-06   2.3865e-11
  1.3343e+16      71.6318   9.9987e-01   6.2553e-05   4.5965e-06   2.3867e-11
  1.3844e+16      71.6318   9.9987e-01   6.2561e-05   4.5965e-06   2.3870e-11
  1.4365e+16      71.6317   9.9987e-01   6.2569e-05   4.5965e-06   2.3872e-11
  1.4905e+16      71.6317   9.9987e-01   6.2577e-05   4.5965e-06   2.3875e-11
  1.5466e+16      71.6316   9.9987e-01   6.2586e-05   4.5965e-06   2.3877e-11
  1.6047e+16      71.6317   9.9987e-01   6.2595e-05   4.5965e-06   2.3880e-11
  1.6651e+16      71.6317   9.9987e-01   6.2604e-05   4.5965e-06   2.3882e-11
  1.7277e+16      71.6317   9.9987e-01   6.2613e-05   4.5966e-06   2.3885e-11
  1.7927e+16      71.6317   9.9987e-01   6.2623e-05   4.5966e-06   2.3887e-11
  1.8601e+16      71.6316   9.9987e-01   6.2634e-05   4.5966e-06   2.3890e-11
  1.9300e+16      71.6316   9.9987e-01   6.2645e-05   4.5966e-06   2.3892e-11
  2.0026e+16      71.6316   9.9987e-01   6.2656e-05   4.5966e-06   2.3895e-11
  2.0779e+16      71.6316   9.9987e-01   6.2667e-05   4.5966e-06   2.3897e-11
  2.1561e+16      71.6305   9.9987e-01   6.2697e-05   4.5947e-06   2.3897e-11
  2.2371e+16      71.6316   9.9987e-01   6.2692e-05   4.5967e-06   2.3902e-11
  2.3213e+16      71.6315   9.9987e-01   6.2705e-05   4.5967e-06   2.3905e-11
  2.4086e+16      71.6311   9.9987e-01   6.2727e-05   4.5957e-06   2.3906e-11
  2.4991e+16      71.6308   9.9987e-01   6.2732e-05   4.5967e-06   2.3910e-11
  2.5931e+16      71.6315   9.9987e-01   6.2747e-05   4.5967e-06   2.3913e-11
  2.6906e+16      71.6314   9.9987e-01   6.2762e-05   4.5967e-06   2.3915e-11
  2.7918e+16      71.6314   9.9987e-01   6.2777e-05   4.5968e-06   2.3918e-11
  2.8968e+16      71.6314   9.9987e-01   6.2793e-05   4.5968e-06   2.3920e-11
  3.0057e+16      71.6313   9.9987e-01   6.2810e-05   4.5968e-06   2.3923e-11
  3.1188e+16      71.6313   9.9987e-01   6.2828e-05   4.5968e-06   2.3925e-11
  3.2360e+16      71.6313   9.9987e-01   6.2846e-05   4.5968e-06   2.3928e-11
  3.3577e+16      71.6313   9.9987e-01   6.2864e-05   4.5968e-06   2.3930e-11
  3.4840e+16      71.6307   9.9987e-01   6.2884e-05   4.5969e-06   2.3933e-11
  3.6150e+16      71.6312   9.9987e-01   6.2904e-05   4.5969e-06   2.3936e-11
  3.7510e+16      71.6312   9.9987e-01   6.2925e-05   4.5969e-06   2.3938e-11
  3.8920e+16      71.6311   9.9987e-01   6.2947e-05   4.5969e-06   2.3941e-11
  4.0384e+16      71.6311   9.9987e-01   6.2970e-05   4.5970e-06   2.3943e-11
  4.1902e+16      71.6311   9.9987e-01   6.2993e-05   4.5970e-06   2.3946e-11
  4.3478e+16      71.6310   9.9987e-01   6.3018e-05   4.5970e-06   2.3949e-11
  4.5113e+16      71.6310   9.9987e-01   6.3043e-05   4.5970e-06   2.3951e-11
  4.6810e+16      71.6309   9.9987e-01   6.3069e-05   4.5971e-06   2.3954e-11
  4.8570e+16      71.6309   9.9987e-01   6.3097e-05   4.5971e-06   2.3957e-11
  5.0396e+16      71.6308   9.9987e-01   6.3125e-05   4.5971e-06   2.3959e-11
  5.2292e+16      71.6308   9.9987e-01   6.3154e-05   4.5971e-06   2.3962e-11
  5.4258e+16      71.6307   9.9987e-01   6.3185e-05   4.5972e-06   2.3965e-11
  5.6298e+16      71.6307   9.9987e-01   6.3217e-05   4.5972e-06   2.3967e-11
  5.8415e+16      71.6306   9.9987e-01   6.3250e-05   4.5972e-06   2.3970e-11
  6.0612e+16      71.6306   9.9987e-01   6.3284e-05   4.5973e-06   2.3973e-11
  6.2891e+16      71.6305   9.9987e-01   6.3319e-05   4.5973e-06   2.3975e-11
  6.5256e+16      71.6304   9.9987e-01   6.3356e-05   4.5973e-06   2.3978e-11
  6.7710e+16      71.6304   9.9987e-01   6.3395e-05   4.5974e-06   2.3981e-11
  7.0257e+16      71.6303   9.9987e-01   6.3435e-05   4.5974e-06   2.3984e-11
  7.2899e+16      71.6302   9.9987e-01   6.3476e-05   4.5974e-06   2.3986e-11
  7.5640e+16      71.6302   9.9987e-01   6.3519e-05   4.5975e-06   2.3989e-11
  7.8484e+16      71.6301   9.9987e-01   6.3563e-05   4.5975e-06   2.3992e-11
  8.1436e+16      71.6300   9.9987e-01   6.3610e-05   4.5976e-06   2.3995e-11
  8.4498e+16      71.6299   9.9987e-01   6.3658e-05   4.5976e-06   2.3998e-11
  8.7676e+16      71.6297   9.9987e-01   6.3708e-05   4.5976e-06   2.4000e-11
  9.0973e+16      71.6298   9.9987e-01   6.3760e-05   4.5977e-06   2.4003e-11
  9.4394e+16      71.6297   9.9987e-01   6.3814e-05   4.5977e-06   2.4006e-11
  9.7944e+16      71.6296   9.9987e-01   6.3870e-05   4.5978e-06   2.4009e-11
  1.0163e+17      71.6295   9.9987e-01   6.3928e-05   4.5978e-06   2.4012e-11
  1.0545e+17      71.6272   9.9987e-01   6.4050e-05   4.5912e-06   2.4007e-11
  1.0941e+17      71.6281   9.9987e-01   6.4062e-05   4.5968e-06   2.4016e-11
  1.1353e+17      71.6292   9.9987e-01   6.4117e-05   4.5980e-06   2.4021e-11
  1.1780e+17      71.6291   9.9987e-01   6.4185e-05   4.5980e-06   2.4024e-11
  1.2223e+17      71.6289   9.9987e-01   6.4256e-05   4.5981e-06   2.4027e-11
  1.2682e+17      71.6288   9.9987e-01   6.4329e-05   4.5982e-06   2.4030e-11
  1.3159e+17      71.6287   9.9987e-01   6.4405e-05   4.5982e-06   2.4033e-11
  1.3654e+17      71.6286   9.9987e-01   6.4485e-05   4.5983e-06   2.4036e-11
  1.4168e+17      71.6284   9.9987e-01   6.4567e-05   4.5983e-06   2.4039e-11
  1.4700e+17      71.6283   9.9987e-01   6.4653e-05   4.5984e-06   2.4042e-11
  1.5253e+17      71.6281   9.9987e-01   6.4742e-05   4.5985e-06   2.4045e-11
  1.5827e+17      71.6280   9.9987e-01   6.4834e-05   4.5986e-06   2.4048e-11
  1.6422e+17      71.6278   9.9987e-01   6.4931e-05   4.5986e-06   2.4052e-11
  1.7040e+17      71.6277   9.9987e-01   6.5031e-05   4.5987e-06   2.4055e-11
  1.7680e+17      71.6275   9.9987e-01   6.5135e-05   4.5988e-06   2.4058e-11
  1.8345e+17      71.6273   9.9987e-01   6.5243e-05   4.5989e-06   2.4061e-11
  1.9035e+17      71.6271   9.9987e-01   6.5356e-05   4.5990e-06   2.4065e-11
  1.9751e+17      71.6269   9.9987e-01   6.5473e-05   4.5990e-06   2.4068e-11
  2.0494e+17      71.6267   9.9987e-01   6.5595e-05   4.5991e-06   2.4071e-11
  2.1264e+17      71.6265   9.9987e-01   6.5722e-05   4.5992e-06   2.4075e-11
  2.2064e+17      71.6262   9.9987e-01   6.5856e-05   4.5991e-06   2.4078e-11
  2.2894e+17      71.6261   9.9987e-01   6.5992e-05   4.5994e-06   2.4082e-11
  2.3754e+17      71.6259   9.9987e-01   6.6135e-05   4.5995e-06   2.4085e-11
  2.4648e+17      71.6256   9.9987e-01   6.6284e-05   4.5996e-06   2.4089e-11
  2.5575e+17      71.6254   9.9987e-01   6.6439e-05   4.5997e-06   2.4092e-11
  2.6536e+17      71.6251   9.9987e-01   6.6600e-05   4.5998e-06   2.4096e-11
  2.7534e+17      71.6248   9.9986e-01   6.6768e-05   4.6000e-06   2.4100e-11
  2.8570e+17      71.6246   9.9986e-01   6.6944e-05   4.6001e-06   2.4104e-11
  2.9644e+17      71.6235   9.9986e-01   6.7130e-05   4.5998e-06   2.4107e-11
  3.0759e+17      71.6240   9.9986e-01   6.7316e-05   4.6003e-06   2.4111e-11
  3.1916e+17      71.6237   9.9986e-01   6.7514e-05   4.6005e-06   2.4115e-11
  3.3116e+17      71.6233   9.9986e-01   6.7721e-05   4.6006e-06   2.4119e-11
  3.4361e+17      71.6230   9.9986e-01   6.7936e-05   4.6008e-06   2.4123e-11
  3.5653e+17      71.6227   9.9986e-01   6.8160e-05   4.6009e-06   2.4127e-11
  3.6994e+17      71.6223   9.9986e-01   6.8394e-05   4.6010e-06   2.4131e-11
  3.8385e+17      71.6219   9.9986e-01   6.8639e-05   4.6012e-06   2.4136e-11
  3.9829e+17      71.6215   9.9986e-01   6.8893e-05   4.6014e-06   2.4140e-11
  4.1326e+17      71.6211   9.9986e-01   6.9159e-05   4.6015e-06   2.4144e-11
  4.2880e+17      71.6207   9.9986e-01   6.9436e-05   4.6017e-06   2.4149e-11
  4.4493e+17      71.6203   9.9986e-01   6.9725e-05   4.6019e-06   2.4153e-11
  4.6166e+17      71.6198   9.9986e-01   7.0028e-05   4.6021e-06   2.4158e-11
  4.7902e+17      71.6194   9.9986e-01   7.0343e-05   4.6023e-06   2.4162e-11
  4.9704e+17      71.6189   9.9986e-01   7.0673e-05   4.6025e-06   2.4167e-11
  5.1573e+17      71.6184   9.9986e-01   7.1018e-05   4.6027e-06   2.4172e-11
  5.3512e+17      71.6178   9.9986e-01   7.1378e-05   4.6029e-06   2.4177e-11
  5.5524e+17      71.6173   9.9985e-01   7.1754e-05   4.6031e-06   2.4182e-11
  5.7612e+17      71.6167   9.9985e-01   7.2148e-05   4.6033e-06   2.4187e-11
  5.9779e+17      71.6162   9.9985e-01   7.2560e-05   4.6036e-06   2.4192e-11
  6.2027e+17      71.6155   9.9985e-01   7.2992e-05   4.6038e-06   2.4198e-11
  6.4359e+17      71.6149   9.9985e-01   7.3443e-05   4.6041e-06   2.4203e-11
  6.6780e+17      71.6142   9.9985e-01   7.3916e-05   4.6043e-06   2.4209e-11
  6.9291e+17      71.6136   9.9985e-01   7.4412e-05   4.6046e-06   2.4214e-11
  7.1896e+17      71.6129   9.9985e-01   7.4931e-05   4.6049e-06   2.4220e-11
  7.4600e+17      71.6121   9.9985e-01   7.5476e-05   4.6052e-06   2.4226e-11
  7.7406e+17      71.6114   9.9985e-01   7.6047e-05   4.6055e-06   2.4232e-11
  8.0316e+17      71.6106   9.9984e-01   7.6646e-05   4.6058e-06   2.4238e-11
  8.3337e+17      71.6098   9.9984e-01   7.7276e-05   4.6061e-06   2.4244e-11
  8.6471e+17      71.6089   9.9984e-01   7.7937e-05   4.6065e-06   2.4251e-11
  8.9722e+17      71.6080   9.9984e-01   7.8632e-05   4.6068e-06   2.4257e-11
  9.3096e+17      71.6071   9.9984e-01   7.9363e-05   4.6072e-06   2.4264e-11
  9.6597e+17      71.6062   9.9984e-01   8.0132e-05   4.6075e-06   2.4271e-11
  1.0023e+18      71.6052   9.9984e-01   8.0942e-05   4.6079e-06   2.4278e-11
  1.0400e+18      71.6042   9.9983e-01   8.1795e-05   4.6083e-06   2.4286e-11
  1.0791e+18      71.6031   9.9983e-01   8.2695e-05   4.6087e-06   2.4293e-11
  1.1197e+18      71.6020   9.9983e-01   8.3643e-05   4.6092e-06   2.4301e-11
  1.1618e+18      71.6008   9.9983e-01   8.4645e-05   4.6096e-06   2.4308e-11
  1.2055e+18      71.5994   9.9983e-01   8.5713e-05   4.6093e-06   2.4316e-11
  1.2508e+18      71.5984   9.9982e-01   8.6822e-05   4.6105e-06   2.4325e-11
  1.2978e+18      71.5971   9.9982e-01   8.8005e-05   4.6110e-06   2.4333e-11
  1.3466e+18      71.5958   9.9982e-01   8.9259e-05   4.6116e-06   2.4342e-11
  1.3973e+18      71.5944   9.9982e-01   9.0588e-05   4.6121e-06   2.4351e-11
  1.4498e+18      71.5930   9.9981e-01   9.1998e-05   4.6126e-06   2.4360e-11
  1.5044e+18      71.5915   9.9981e-01   9.3495e-05   4.6132e-06   2.4370e-11
  1.5609e+18      71.5900   9.9981e-01   9.5087e-05   4.6138e-06   2.4379e-11
  1.6196e+18      71.5884   9.9980e-01   9.6782e-05   4.6144e-06   2.4389e-11
  1.6805e+18      71.5867   9.9980e-01   9.8588e-05   4.6151e-06   2.4400e-11
  1.7437e+18      71.5850   9.9980e-01   1.0052e-04   4.6157e-06   2.4410e-11
  1.8093e+18      71.5832   9.9979e-01   1.0257e-04   4.6164e-06   2.4421e-11
  1.8773e+18      71.5813   9.9979e-01   1.0478e-04   4.6171e-06   2.4433e-11
  1.9479e+18      71.5794   9.9978e-01   1.0714e-04   4.6178e-06   2.4444e-11
  2.0212e+18      71.5774   9.9978e-01   1.0967e-04   4.6186e-06   2.4456e-11
  2.0972e+18      71.5753   9.9977e-01   1.1239e-04   4.6194e-06   2.4468e-11
  2.1761e+18      71.5729   9.9977e-01   1.1532e-04   4.6202e-06   2.4481e-11
  2.2579e+18      71.5709   9.9976e-01   1.1848e-04   4.6211e-06   2.4494e-11
  2.3428e+18      71.5686   9.9975e-01   1.2190e-04   4.6220e-06   2.4508e-11
  2.4309e+18      71.5662   9.9975e-01   1.2560e-04   4.6229e-06   2.4522e-11
  2.5223e+18      71.5637   9.9974e-01   1.2962e-04   4.6238e-06   2.4536e-11
  2.6172e+18      71.5611   9.9973e-01   1.3399e-04   4.6248e-06   2.4551e-11
  2.7156e+18      71.5578   9.9972e-01   1.3876e-04   4.6259e-06   2.4567e-11
  2.8177e+18      71.5557   9.9971e-01   1.4397e-04   4.6269e-06   2.4582e-11
  2.9237e+18      71.5528   9.9970e-01   1.4969e-04   4.6280e-06   2.4599e-11
  3.0336e+18      71.5498   9.9969e-01   1.5598e-04   4.6292e-06   2.4616e-11
  3.1477e+18      71.5467   9.9967e-01   1.6293e-04   4.6304e-06   2.4634e-11
  3.2660e+18      71.5436   9.9966e-01   1.7062e-04   4.6316e-06   2.4652e-11
  3.3889e+18      71.5400   9.9964e-01   1.7918e-04   4.6329e-06   2.4671e-11
  3.5163e+18      71.5368   9.9962e-01   1.8873e-04   4.6343e-06   2.4690e-11
  3.6485e+18      71.5329   9.9960e-01   1.9945e-04   4.6357e-06   2.4711e-11
  3.7857e+18      71.5297   9.9958e-01   2.1153e-04   4.6371e-06   2.4732e-11
  3.9281e+18      71.5259   9.9955e-01   2.2522e-04   4.6387e-06   2.4754e-11
  4.0758e+18      71.5220   9.9952e-01   2.4081e-04   4.6403e-06   2.4777e-11
  4.2291e+18      71.5180   9.9948e-01   2.5868e-04   4.6419e-06   2.4800e-11
  4.3881e+18      71.5139   9.9944e-01   2.7932e-04   4.6436e-06   2.4825e-11
  4.5531e+18      71.5097   9.9939e-01   3.0331e-04   4.6454e-06   2.4851e-11
  4.7244e+18      71.5054   9.9934e-01   3.3142e-04   4.6473e-06   2.4878e-11
  4.9020e+18      71.4982   9.9927e-01   3.6467e-04   4.6493e-06   2.4907e-11
  5.0864e+18      71.4964   9.9919e-01   4.0435e-04   4.6513e-06   2.4937e-11
  5.2776e+18      71.4922   9.9909e-01   4.5221e-04   4.6534e-06   2.4968e-11
  5.4761e+18      71.4879   9.9898e-01   5.1063e-04   4.6556e-06   2.5003e-11
  5.6820e+18      71.4835   9.9883e-01   5.8269e-04   4.6580e-06   2.5042e-11
  5.8957e+18      71.4793   9.9865e-01   6.7288e-04   4.6605e-06   2.5084e-11
  6.1174e+18      71.4755   9.9842e-01   7.8721e-04   4.6631e-06   2.5130e-11
  6.3475e+18      71.4722   9.9813e-01   9.3412e-04   4.6658e-06   2.5179e-11
  6.5862e+18      71.4697   9.9775e-01   1.1252e-03   4.6687e-06   2.5235e-11
  6.8338e+18      71.4683   9.9725e-01   1.3763e-03   4.6718e-06   2.5296e-11
  7.0908e+18      71.4685   9.9658e-01   1.7077e-03   4.6751e-06   2.5364e-11
  7.3575e+18      71.4708   9.9571e-01   2.1436e-03   4.6787e-06   2.5441e-11
  7.6341e+18      71.4755   9.9458e-01   2.7085e-03   4.6825e-06   2.5529e-11
  7.9212e+18      71.4840   9.9316e-01   3.4200e-03   4.6865e-06   2.5627e-11
  8.2191e+18      71.4953   9.9144e-01   4.2811e-03   4.6908e-06   2.5737e-11
  8.5282e+18      71.5092   9.8944e-01   5.2769e-03   4.6954e-06   2.5860e-11
  8.8489e+18      71.5259   9.8724e-01   6.3803e-03   4.7003e-06   2.5993e-11
  9.1816e+18      71.5429   9.8487e-01   7.5617e-03   4.7055e-06   2.6207e-11
  9.5269e+18      71.5633   9.8240e-01   8.7978e-03   4.7109e-06   2.6427e-11
  9.8852e+18      71.5824   9.7985e-01   1.0074e-02   4.7167e-06   2.6601e-11
  1.0257e+19      71.6023   9.7723e-01   1.1382e-02   4.7227e-06   2.6774e-11
  1.0643e+19      71.6227   9.7456e-01   1.2720e-02   4.7289e-06   2.6952e-11
  1.1043e+19      71.6434   9.7182e-01   1.4089e-02   4.7354e-06   2.7136e-11
  1.1458e+19      71.6645   9.6902e-01   1.5489e-02   4.7422e-06   2.7326e-11
  1.1889e+19      71.6860   9.6615e-01   1.6925e-02   4.7492e-06   2.7524e-11
  1.2336e+19      71.7080   9.6320e-01   1.8398e-02   4.7565e-06   2.7728e-11
  1.2800e+19      71.7305   9.6018e-01   1.9910e-02   4.7640e-06   2.7941e-11
  1.3281e+19      71.7532   9.5707e-01   2.1465e-02   4.7719e-06   2.8165e-11
  1.3781e+19      71.7772   9.5387e-01   2.3064e-02   4.7799e-06   2.8397e-11
  1.4299e+19      71.8016   9.5058e-01   2.4709e-02   4.7883e-06   2.8638e-11
  1.4837e+19      71.8266   9.4719e-01   2.6404e-02   4.7970e-06   2.8893e-11
  1.5395e+19      71.8488   9.4366e-01   2.8167e-02   4.8017e-06   2.9165e-11
  1.5974e+19      71.8783   9.4010e-01   2.9947e-02   4.8153e-06   2.9434e-11
  1.6574e+19      71.9061   9.3640e-01   3.1798e-02   4.8250e-06   2.9722e-11
  1.7198e+19      71.9342   9.3259e-01   3.3706e-02   4.8350e-06   3.0025e-11
  1.7844e+19      71.9629   9.2866e-01   3.5672e-02   4.8454e-06   3.0341e-11
  1.8515e+19      71.9928   9.2461e-01   3.7696e-02   4.8561e-06   3.0669e-11
  1.9212e+19      72.0235   9.2043e-01   3.9783e-02   4.8672e-06   3.1013e-11
  1.9934e+19      72.0551   9.1614e-01   4.1931e-02   4.8788e-06   3.1375e-11
  2.0684e+19      72.0876   9.1171e-01   4.4145e-02   4.8907e-06   3.1751e-11
  2.1461e+19      72.1211   9.0715e-01   4.6424e-02   4.9031e-06   3.2142e-11
  2.2268e+19      72.1556   9.0246e-01   4.8771e-02   4.9160e-06   3.2551e-11
  2.3106e+19      72.1912   8.9762e-01   5.1187e-02   4.9293e-06   3.2984e-11
  2.3975e+19      72.2278   8.9265e-01   5.3674e-02   4.9431e-06   3.3435e-11
  2.4876e+19      72.2655   8.8753e-01   5.6233e-02   4.9575e-06   3.3904e-11
  2.5812e+19      72.3043   8.8227e-01   5.8866e-02   4.9723e-06   3.4392e-11
  2.6782e+19      72.3438   8.7685e-01   6.1575e-02   4.9878e-06   3.4905e-11
  2.7790e+19      72.3853   8.7128e-01   6.4360e-02   5.0038e-06   3.5446e-11
  2.8835e+19      72.4276   8.6555e-01   6.7223e-02   5.0204e-06   3.6008e-11
  2.9919e+19      72.4711   8.5967e-01   7.0166e-02   5.0376e-06   3.6592e-11
  3.1044e+19      72.5158   8.5362e-01   7.3189e-02   5.0555e-06   3.7200e-11
  3.2211e+19      72.5614   8.4738e-01   7.6309e-02   5.0726e-06   3.7850e-11
  3.3423e+19      72.6080   8.4079e-01   7.9603e-02   5.0805e-06   3.8623e-11
  3.4680e+19      72.6573   8.3437e-01   8.2813e-02   5.1083e-06   3.9251e-11
  3.5984e+19      72.7076   8.2775e-01   8.6123e-02   5.1342e-06   3.9925e-11
  3.7337e+19      72.7589   8.2086e-01   8.9569e-02   5.1557e-06   4.0676e-11
  3.8741e+19      72.8114   8.1380e-01   9.3101e-02   5.1782e-06   4.1457e-11
  4.0198e+19      72.8652   8.0654e-01   9.6728e-02   5.2009e-06   4.2289e-11
  4.1709e+19      72.9207   7.9913e-01   1.0044e-01   5.2257e-06   4.3139e-11
  4.3278e+19      72.9773   7.9153e-01   1.0423e-01   5.2508e-06   4.4028e-11
  4.4905e+19      73.0353   7.8375e-01   1.0812e-01   5.2770e-06   4.4951e-11
  4.6594e+19      73.0948   7.7579e-01   1.1210e-01   5.3042e-06   4.5909e-11
  4.8346e+19      73.1557   7.6765e-01   1.1618e-01   5.3325e-06   4.6913e-11
  5.0164e+19      73.2182   7.5932e-01   1.2034e-01   5.3618e-06   4.7963e-11
  5.2051e+19      73.2816   7.5081e-01   1.2459e-01   5.3924e-06   4.9051e-11
  5.4008e+19      73.3467   7.4212e-01   1.2894e-01   5.4242e-06   5.0181e-11
  5.6039e+19      73.4131   7.3325e-01   1.3337e-01   5.4573e-06   5.1353e-11
  5.8146e+19      73.4808   7.2420e-01   1.3790e-01   5.4918e-06   5.2569e-11
  6.0333e+19      73.5499   7.1497e-01   1.4251e-01   5.5276e-06   5.3844e-11
  6.2602e+19      73.6203   7.0556e-01   1.4722e-01   5.5649e-06   5.5173e-11
  6.4956e+19      73.6919   6.9598e-01   1.5201e-01   5.6038e-06   5.6552e-11
  6.7399e+19      73.7645   6.8622e-01   1.5689e-01   5.6443e-06   5.7982e-11
  6.9933e+19      73.8388   6.7628e-01   1.6186e-01   5.6858e-06   5.9479e-11
  7.2563e+19      73.9132   6.6620e-01   1.6690e-01   5.7304e-06   6.1006e-11
  7.5292e+19      73.9897   6.5592e-01   1.7204e-01   5.7755e-06   6.2637e-11
  7.8123e+19      74.0658   6.4553e-01   1.7724e-01   5.8240e-06   6.4305e-11
  8.1061e+19      74.1438   6.3495e-01   1.8252e-01   5.8738e-06   6.6055e-11
  8.4109e+19      74.2214   6.2423e-01   1.8788e-01   5.9257e-06   6.7871e-11
  8.7272e+19      74.2999   6.1336e-01   1.9332e-01   5.9799e-06   6.9758e-11
  9.0554e+19      74.3788   6.0235e-01   1.9882e-01   6.0365e-06   7.1720e-11
  9.3959e+19      74.4579   5.9122e-01   2.0439e-01   6.0956e-06   7.3766e-11
  9.7493e+19      74.5370   5.7995e-01   2.1002e-01   6.1573e-06   7.5920e-11
  1.0116e+20      74.6158   5.6857e-01   2.1572e-01   6.2217e-06   7.8160e-11
  1.0496e+20      74.6941   5.5707e-01   2.2146e-01   6.2891e-06   8.0493e-11
  1.0891e+20      74.7717   5.4547e-01   2.2726e-01   6.3595e-06   8.2922e-11
  1.1301e+20      74.8483   5.3378e-01   2.3311e-01   6.4332e-06   8.5454e-11
  1.1726e+20      74.9237   5.2200e-01   2.3900e-01   6.5102e-06   8.8094e-11
  1.2166e+20      74.9973   5.1014e-01   2.4493e-01   6.5909e-06   9.0880e-11
  1.2624e+20      75.0688   4.9822e-01   2.5089e-01   6.6753e-06   9.3811e-11
  1.3099e+20      75.1379   4.8625e-01   2.5688e-01   6.7637e-06   9.6875e-11
  1.3591e+20      75.2040   4.7422e-01   2.6289e-01   6.8564e-06   1.0008e-10
  1.4102e+20      75.2678   4.6214e-01   2.6893e-01   6.9527e-06   1.0347e-10
  1.4633e+20      75.3260   4.5008e-01   2.7496e-01   7.0555e-06   1.0696e-10
  1.5183e+20      75.3814   4.3798e-01   2.8101e-01   7.1623e-06   1.1066e-10
  1.5754e+20      75.4302   4.2589e-01   2.8706e-01   7.2746e-06   1.1459e-10
  1.6346e+20      75.4741   4.1380e-01   2.9310e-01   7.3925e-06   1.1876e-10
  1.6961e+20      75.5118   4.0174e-01   2.9913e-01   7.5164e-06   1.2316e-10
  1.7599e+20      75.5426   3.8971e-01   3.0514e-01   7.6467e-06   1.2780e-10
  1.8261e+20      75.5667   3.7773e-01   3.1114e-01   7.7836e-06   1.3271e-10
  1.8947e+20      75.5799   3.6581e-01   3.1710e-01   7.9279e-06   1.3791e-10
  1.9660e+20      75.5852   3.5396e-01   3.2302e-01   8.0797e-06   1.4341e-10
  2.0399e+20      75.5796   3.4219e-01   3.2890e-01   8.2398e-06   1.4931e-10
  2.1166e+20      75.5632   3.3052e-01   3.3474e-01   8.4085e-06   1.5569e-10
  2.1962e+20      75.5346   3.1895e-01   3.4052e-01   8.5865e-06   1.6249e-10
  2.2788e+20      75.4929   3.0751e-01   3.4625e-01   8.7744e-06   1.6976e-10
  2.3645e+20      75.4370   2.9620e-01   3.5190e-01   8.9729e-06   1.7754e-10
  2.4534e+20      75.3659   2.8503e-01   3.5749e-01   9.1826e-06   1.8589e-10
  2.5457e+20      75.2784   2.7401e-01   3.6300e-01   9.4045e-06   1.9487e-10
  2.6414e+20      75.1736   2.6316e-01   3.6842e-01   9.6393e-06   2.0454e-10
  2.7408e+20      75.0506   2.5246e-01   3.7377e-01   9.8866e-06   2.1525e-10
  2.8438e+20      74.9076   2.4191e-01   3.7904e-01   1.0147e-05   2.2702e-10
  2.9508e+20      74.7434   2.3168e-01   3.8416e-01   1.0431e-05   2.3952e-10
  3.0617e+20      74.5578   2.2158e-01   3.8921e-01   1.0728e-05   2.5332e-10
  3.1769e+20      74.3490   2.1170e-01   3.9415e-01   1.1043e-05   2.6840e-10
  3.2963e+20      74.1163   2.0204e-01   3.9898e-01   1.1378e-05   2.8494e-10
  3.4203e+20      73.8586   1.9260e-01   4.0370e-01   1.1734e-05   3.0311e-10
  3.5489e+20      73.5749   1.8339e-01   4.0831e-01   1.2113e-05   3.2315e-10
  3.6824e+20      73.2645   1.7442e-01   4.1279e-01   1.2516e-05   3.4570e-10
  3.8208e+20      72.9263   1.6570e-01   4.1715e-01   1.2947e-05   3.7107e-10
  3.9645e+20      72.5598   1.5723e-01   4.2139e-01   1.3406e-05   3.9937e-10
  4.1136e+20      72.1643   1.4901e-01   4.2550e-01   1.3896e-05   4.3104e-10
  4.2683e+20      71.7394   1.4104e-01   4.2948e-01   1.4419e-05   4.6658e-10
  4.4288e+20      71.2848   1.3334e-01   4.3333e-01   1.4979e-05   5.0662e-10
  4.5954e+20      70.8002   1.2590e-01   4.3705e-01   1.5577e-05   5.5187e-10
  4.7682e+20      70.2845   1.1869e-01   4.4066e-01   1.6213e-05   6.0349e-10
  4.9475e+20      69.7408   1.1181e-01   4.4410e-01   1.6904e-05   6.6167e-10
  5.1335e+20      69.1572   1.0492e-01   4.4754e-01   1.7599e-05   7.3257e-10
  5.3266e+20      68.5619   9.8772e-02   4.5061e-01   1.8429e-05   8.0908e-10
  5.5269e+20      67.9299   9.2650e-02   4.5367e-01   1.9276e-05   8.9963e-10
  5.7347e+20      67.2704   8.6789e-02   4.5661e-01   2.0184e-05   1.0038e-09
  5.9504e+20      66.5848   8.1186e-02   4.5941e-01   2.1160e-05   1.1235e-09
  6.1741e+20      65.8739   7.5839e-02   4.6208e-01   2.2209e-05   1.2612e-09
  6.4063e+20      65.1394   7.0744e-02   4.6463e-01   2.3335e-05   1.4195e-09
  6.6472e+20      64.3825   6.5898e-02   4.6705e-01   2.4546e-05   1.6007e-09
  6.8972e+20      63.6049   6.1296e-02   4.6935e-01   2.5847e-05   1.8072e-09
  7.1566e+20      62.7886   5.6805e-02   4.7160e-01   2.7199e-05   2.0532e-09
  7.4257e+20      61.9944   5.2804e-02   4.7360e-01   2.8746e-05   2.3225e-09
  7.7049e+20      61.1646   4.8904e-02   4.7555e-01   3.0359e-05   2.6315e-09
  7.9947e+20      60.3207   4.5227e-02   4.7739e-01   3.2088e-05   2.9761e-09
  8.2953e+20      59.4640   4.1766e-02   4.7912e-01   3.3941e-05   3.3596e-09
  8.6072e+20      58.5956   3.8514e-02   4.8074e-01   3.5924e-05   3.7820e-09
  8.9309e+20      57.7163   3.5464e-02   4.8227e-01   3.8042e-05   4.2446e-09
  9.2668e+20      56.8264   3.2611e-02   4.8369e-01   4.0299e-05   4.7545e-09
  9.6152e+20      55.9261   2.9947e-02   4.8503e-01   4.2698e-05   5.3107e-09
  9.9768e+20      55.0138   2.7465e-02   4.8627e-01   4.5240e-05   5.9169e-09
  1.0352e+21      54.0875   2.5157e-02   4.8742e-01   4.7921e-05   6.6202e-09
  1.0741e+21      53.1443   2.3016e-02   4.8849e-01   5.0737e-05   7.4025e-09
  1.1145e+21      52.1791   2.1035e-02   4.8948e-01   5.3677e-05   8.2648e-09
  1.1564e+21      51.1863   1.9207e-02   4.9040e-01   5.6730e-05   9.2328e-09
  1.1999e+21      50.1569   1.7526e-02   4.9124e-01   5.9872e-05   1.0312e-08
  1.2450e+21      49.0840   1.5985e-02   4.9201e-01   6.3082e-05   1.1509e-08
  1.2919e+21      47.9538   1.4577e-02   4.9271e-01   6.6328e-05   1.2868e-08
  1.3404e+21      46.7174   1.3301e-02   4.9335e-01   6.9510e-05   1.4420e-08
  1.3909e+21      45.4204   1.2147e-02   4.9393e-01   7.2558e-05   1.6200e-08
  1.4432e+21      44.0030   1.1110e-02   4.9444e-01   7.5565e-05   1.8262e-08
  1.4974e+21      42.4675   1.0182e-02   4.9491e-01   7.8491e-05   2.0729e-08
  1.5537e+21      40.7951   9.3582e-03   4.9532e-01   8.1298e-05   2.3718e-08
  1.6122e+21      38.9692   8.6340e-03   4.9568e-01   8.3948e-05   2.7341e-08
  1.6728e+21      36.9839   8.0040e-03   4.9600e-01   8.6407e-05   3.1798e-08
  1.7357e+21      34.8505   7.4626e-03   4.9627e-01   8.8646e-05   3.7306e-08
  1.8010e+21      32.6035   7.0031e-03   4.9650e-01   9.0640e-05   4.4521e-08
  1.8687e+21      30.3061   6.6182e-03   4.9669e-01   9.2375e-05   5.3990e-08
  1.9390e+21      28.0388   6.2813e-03   4.9686e-01   9.3828e-05   6.6850e-08
  2.0119e+21      25.8823   6.0430e-03   4.9698e-01   9.5072e-05   8.3763e-08
  2.0875e+21      23.8942   5.8370e-03   4.9708e-01   9.6065e-05   1.0710e-07
  2.1660e+21      22.1019   5.6765e-03   4.9716e-01   9.6854e-05   1.4008e-07
  2.2475e+21      20.5090   5.5508e-03   4.9722e-01   9.7450e-05   1.8714e-07
  2.3320e+21      19.1135   5.4567e-03   4.9727e-01   9.7881e-05   2.5753e-07
  2.4197e+21      17.8850   5.3912e-03   4.9730e-01   9.8156e-05   3.6277e-07
  2.5107e+21      16.7959   5.3513e-03   4.9732e-01   9.8280e-05   5.2308e-07
  2.6051e+21      15.8284   5.3339e-03   4.9733e-01   9.8186e-05   7.7320e-07
  2.7031e+21      15.0231   5.3243e-03   4.9733e-01   9.6766e-05   1.1577e-06
  2.8047e+21      16.6152   4.9068e-03   4.9738e-01   6.4673e-05   1.0036e-06
  2.9102e+21      17.3126   4.6693e-03   4.9741e-01   4.9869e-05   1.0302e-06
  3.0196e+21      17.8711   4.4827e-03   4.9744e-01   3.8693e-05   1.0513e-06
  3.1332e+21      18.3576   4.3235e-03   4.9747e-01   3.0015e-05   1.0581e-06
  3.2510e+21      18.7769   4.1875e-03   4.9750e-01   2.3248e-05   1.0408e-06
  3.3733e+21      19.1311   4.0730e-03   4.9752e-01   1.7970e-05   1.0000e-06
  3.5001e+21      19.4221   3.9846e-03   4.9754e-01   1.3854e-05   9.4443e-07
  3.6317e+21      19.7002   3.8844e-03   4.9757e-01   1.0589e-05   8.4402e-07
  3.7683e+21      19.9382   3.8083e-03   4.9759e-01   8.0695e-06   7.2292e-07
  3.9100e+21      20.1494   3.7417e-03   4.9761e-01   6.1168e-06   5.8676e-07
  4.0571e+21      20.3284   3.6831e-03   4.9763e-01   4.6111e-06   4.5045e-07
  4.2096e+21      20.4651   3.6325e-03   4.9764e-01   3.4579e-06   3.2738e-07
  4.3679e+21      20.5555   3.5897e-03   4.9766e-01   2.5807e-06   2.2605e-07
  4.5322e+21      20.6000   3.5528e-03   4.9767e-01   1.9170e-06   1.4921e-07
  4.7026e+21      20.6052   3.5211e-03   4.9768e-01   1.4189e-06   9.4676e-08
  4.8795e+21      20.5800   3.4930e-03   4.9769e-01   1.0479e-06   5.8581e-08
  5.0629e+21      20.5352   3.4679e-03   4.9770e-01   7.7453e-07   3.5436e-08
  5.2533e+21      20.4787   3.4447e-03   4.9771e-01   5.7516e-07   2.1902e-08
  5.4509e+21      20.4189   3.4228e-03   4.9772e-01   4.3170e-07   1.3576e-08
  5.6559e+21      20.3589   3.4018e-03   4.9773e-01   3.2973e-07   8.9288e-09
  5.8686e+21      20.3024   3.3815e-03   4.9774e-01   2.5824e-07   6.4117e-09
  6.0892e+21      20.2531   3.3612e-03   4.9775e-01   2.0857e-07   6.0416e-09
  6.3182e+21      20.2058   3.3416e-03   4.9776e-01   1.7512e-07   3.6093e-09
  6.5558e+21      20.1665   3.3213e-03   4.9777e-01   1.5206e-07   4.1639e-09
  6.8024e+21      20.1327   3.3040e-03   4.9778e-01   1.3674e-07   4.3090e-09
  7.0582e+21      20.1032   3.2870e-03   4.9779e-01   1.2639e-07   4.7670e-09
  7.3236e+21      20.0790   3.2714e-03   4.9779e-01   1.1936e-07   5.4481e-09
  7.5990e+21      20.0583   3.2577e-03   4.9780e-01   1.1457e-07   6.0453e-09
  7.8848e+21      20.0400   3.2460e-03   4.9781e-01   1.1113e-07   7.3143e-09
  8.1813e+21      20.0249   3.2373e-03   4.9781e-01   1.0873e-07   8.4632e-09
  8.4889e+21      20.0110   3.2297e-03   4.9782e-01   1.0692e-07   9.7555e-09
  8.8081e+21      20.0010   3.2252e-03   4.9782e-01   1.0558e-07   1.1193e-08
  9.1394e+21      19.9914   3.2220e-03   4.9782e-01   1.0447e-07   1.2981e-08
  9.4831e+21      19.9833   3.2199e-03   4.9783e-01   1.0354e-07   1.4926e-08
  9.8397e+21      19.9763   3.2189e-03   4.9783e-01   1.0274e-07   1.7004e-08
  1.0210e+22      19.9706   3.2185e-03   4.9783e-01   1.0205e-07   1.9037e-08
  1.0594e+22      19.9660   3.2184e-03   4.9783e-01   1.0149e-07   2.0843e-08
  1.0992e+22      19.9619   3.2179e-03   4.9783e-01   1.0103e-07   2.2292e-08
  1.1405e+22      19.9601   3.2186e-03   4.9783e-01   1.0072e-07   2.3355e-08
  1.1834e+22      19.9582   3.2187e-03   4.9783e-01   1.0048e-07   2.4180e-08
  1.2279e+22      19.9574   3.2188e-03   4.9783e-01   1.0035e-07   2.4549e-08
  1.2741e+22      19.9568   3.2188e-03   4.9783e-01   1.0025e-07   2.4810e-08
  1.3220e+22      19.9564   3.2188e-03   4.9783e-01   1.0018e-07   2.5007e-08
  1.3717e+22      19.9559   3.2187e-03   4.9783e-01   1.0010e-07   2.5360e-08
  1.4233e+22      19.9563   3.2187e-03   4.9783e-01   1.0013e-07   2.5066e-08
  1.4768e+22      19.9555   3.2178e-03   4.9783e-01   1.0006e-07   2.5216e-08
  1.5324e+22      19.9561   3.2188e-03   4.9783e-01   1.0009e-07   2.5186e-08
  1.5900e+22      19.9560   3.2187e-03   4.9783e-01   1.0007e-07   2.5267e-08
