# NH                 T_gas  H            H2           C            CO
  1.5900e+14     640.8888   9.7175e-01   1.3621e-02   8.0471e-06   4.7984e-07
  1.6498e+14     640.8844   9.7174e-01   1.3625e-02   8.0472e-06   4.7993e-07
  1.7118e+14     640.8773   9.7173e-01   1.3629e-02   8.0473e-06   4.8002e-07
  1.7762e+14     640.8731   9.7172e-01   1.3634e-02   8.0477e-06   4.8015e-07
  1.8430e+14     640.8666   9.7171e-01   1.3639e-02   8.0474e-06   4.8022e-07
  1.9123e+14     640.8606   9.7170e-01   1.3644e-02   8.0475e-06   4.8032e-07
  1.9842e+14     640.8543   9.7169e-01   1.3649e-02   8.0475e-06   4.8042e-07
  2.0588e+14     640.8476   9.7168e-01   1.3654e-02   8.0476e-06   4.8052e-07
  2.1363e+14     640.8408   9.7167e-01   1.3660e-02   8.0477e-06   4.8063e-07
  2.2166e+14     640.8339   9.7166e-01   1.3665e-02   8.0478e-06   4.8073e-07
  2.2999e+14     640.8267   9.7164e-01   1.3671e-02   8.0479e-06   4.8084e-07
  2.3864e+14     640.8191   9.7163e-01   1.3677e-02   8.0480e-06   4.8096e-07
  2.4762e+14     640.8111   9.7162e-01   1.3684e-02   8.0480e-06   4.8107e-07
  2.5693e+14     640.8031   9.7160e-01   1.3691e-02   8.0481e-06   4.8119e-07
  2.6659e+14     640.7937   9.7159e-01   1.3698e-02   8.0483e-06   4.8131e-07
  2.7662e+14     640.7857   9.7158e-01   1.3705e-02   8.0484e-06   4.8144e-07
  2.8702e+14     640.7768   9.7156e-01   1.3712e-02   8.0484e-06   4.8155e-07
  2.9781e+14     640.7673   9.7155e-01   1.3720e-02   8.0486e-06   4.8169e-07
  3.0901e+14     640.7573   9.7153e-01   1.3728e-02   8.0487e-06   4.8182e-07
  3.2063e+14     640.7475   9.7151e-01   1.3736e-02   8.0485e-06   4.8193e-07
  3.3269e+14     640.7365   9.7150e-01   1.3745e-02   8.0489e-06   4.8209e-07
  3.4520e+14     640.7252   9.7148e-01   1.3754e-02   8.0491e-06   4.8224e-07
  3.5818e+14     640.7133   9.7146e-01   1.3764e-02   8.0492e-06   4.8238e-07
  3.7165e+14     640.7021   9.7144e-01   1.3773e-02   8.0494e-06   4.8254e-07
  3.8563e+14     640.6896   9.7142e-01   1.3783e-02   8.0495e-06   4.8269e-07
  4.0013e+14     640.6770   9.7140e-01   1.3794e-02   8.0497e-06   4.8284e-07
  4.1517e+14     640.6638   9.7138e-01   1.3805e-02   8.0499e-06   4.8301e-07
  4.3079e+14     640.6493   9.7135e-01   1.3816e-02   8.0500e-06   4.8317e-07
  4.4699e+14     640.6362   9.7133e-01   1.3828e-02   8.0501e-06   4.8334e-07
  4.6380e+14     640.6207   9.7131e-01   1.3840e-02   8.0503e-06   4.8352e-07
  4.8124e+14     640.6052   9.7128e-01   1.3853e-02   8.0505e-06   4.8370e-07
  4.9933e+14     640.5886   9.7125e-01   1.3866e-02   8.0507e-06   4.8389e-07
  5.1811e+14     640.5724   9.7123e-01   1.3880e-02   8.0509e-06   4.8408e-07
  5.3760e+14     640.5551   9.7120e-01   1.3894e-02   8.0511e-06   4.8427e-07
  5.5781e+14     640.5372   9.7117e-01   1.3909e-02   8.0515e-06   4.8449e-07
  5.7879e+14     640.5183   9.7114e-01   1.3925e-02   8.0515e-06   4.8469e-07
  6.0055e+14     640.4988   9.7111e-01   1.3941e-02   8.0518e-06   4.8490e-07
  6.2314e+14     640.4786   9.7107e-01   1.3957e-02   8.0520e-06   4.8512e-07
  6.4657e+14     640.4574   9.7104e-01   1.3975e-02   8.0523e-06   4.8535e-07
  6.7088e+14     640.4346   9.7100e-01   1.3993e-02   8.0527e-06   4.8559e-07
  6.9611e+14     640.4135   9.7096e-01   1.4011e-02   8.0534e-06   4.8588e-07
  7.2229e+14     640.3894   9.7092e-01   1.4031e-02   8.0531e-06   4.8608e-07
  7.4945e+14     640.3648   9.7088e-01   1.4051e-02   8.0534e-06   4.8635e-07
  7.7764e+14     640.3395   9.7084e-01   1.4072e-02   8.0540e-06   4.8664e-07
  8.0688e+14     640.3117   9.7080e-01   1.4094e-02   8.0538e-06   4.8689e-07
  8.3722e+14     640.2853   9.7075e-01   1.4117e-02   8.0544e-06   4.8718e-07
  8.6870e+14     640.2568   9.7071e-01   1.4140e-02   8.0547e-06   4.8747e-07
  9.0137e+14     640.2266   9.7066e-01   1.4165e-02   8.0551e-06   4.8778e-07
  9.3527e+14     640.1961   9.7061e-01   1.4191e-02   8.0556e-06   4.8811e-07
  9.7044e+14     640.1636   9.7055e-01   1.4217e-02   8.0558e-06   4.8842e-07
  1.0069e+15     640.1305   9.7050e-01   1.4245e-02   8.0556e-06   4.8872e-07
  1.0448e+15     640.0953   9.7044e-01   1.4274e-02   8.0567e-06   4.8911e-07
  1.0841e+15     640.0588   9.7038e-01   1.4304e-02   8.0572e-06   4.8948e-07
  1.1249e+15     640.0212   9.7032e-01   1.4335e-02   8.0576e-06   4.8985e-07
  1.1672e+15     639.9803   9.7025e-01   1.4368e-02   8.0577e-06   4.9018e-07
  1.2110e+15     639.9412   9.7018e-01   1.4402e-02   8.0585e-06   4.9065e-07
  1.2566e+15     639.8986   9.7011e-01   1.4437e-02   8.0590e-06   4.9106e-07
  1.3038e+15     639.8537   9.7004e-01   1.4474e-02   8.0596e-06   4.9150e-07
  1.3529e+15     639.8077   9.6996e-01   1.4512e-02   8.0601e-06   4.9195e-07
  1.4037e+15     639.7597   9.6988e-01   1.4552e-02   8.0607e-06   4.9242e-07
  1.4565e+15     639.7097   9.6980e-01   1.4593e-02   8.0613e-06   4.9290e-07
  1.5113e+15     639.6574   9.6971e-01   1.4636e-02   8.0620e-06   4.9341e-07
  1.5681e+15     639.6031   9.6962e-01   1.4682e-02   8.0627e-06   4.9393e-07
  1.6271e+15     639.5454   9.6953e-01   1.4729e-02   8.0633e-06   4.9447e-07
  1.6883e+15     639.4879   9.6943e-01   1.4778e-02   8.0637e-06   4.9501e-07
  1.7518e+15     639.4261   9.6933e-01   1.4829e-02   8.0648e-06   4.9562e-07
  1.8177e+15     639.3611   9.6922e-01   1.4882e-02   8.0656e-06   4.9624e-07
  1.8860e+15     639.2952   9.6911e-01   1.4938e-02   8.0663e-06   4.9687e-07
  1.9569e+15     639.2252   9.6900e-01   1.4996e-02   8.0672e-06   4.9753e-07
  2.0305e+15     639.1528   9.6887e-01   1.5056e-02   8.0681e-06   4.9822e-07
  2.1069e+15     639.0768   9.6875e-01   1.5119e-02   8.0690e-06   4.9893e-07
  2.1861e+15     638.9974   9.6862e-01   1.5185e-02   8.0700e-06   4.9968e-07
  2.2683e+15     638.9151   9.6848e-01   1.5254e-02   8.0710e-06   5.0046e-07
  2.3536e+15     638.8288   9.6833e-01   1.5326e-02   8.0720e-06   5.0126e-07
  2.4421e+15     638.7384   9.6818e-01   1.5402e-02   8.0732e-06   5.0211e-07
  2.5340e+15     638.6442   9.6803e-01   1.5480e-02   8.0743e-06   5.0299e-07
  2.6293e+15     638.5447   9.6786e-01   1.5562e-02   8.0755e-06   5.0391e-07
  2.7281e+15     638.4421   9.6769e-01   1.5648e-02   8.0768e-06   5.0488e-07
  2.8307e+15     638.3354   9.6751e-01   1.5738e-02   8.0781e-06   5.0588e-07
  2.9372e+15     638.2229   9.6732e-01   1.5832e-02   8.0795e-06   5.0693e-07
  3.0476e+15     638.1052   9.6712e-01   1.5931e-02   8.0809e-06   5.0802e-07
  3.1622e+15     637.9823   9.6692e-01   1.6034e-02   8.0824e-06   5.0917e-07
  3.2812e+15     637.8532   9.6670e-01   1.6142e-02   8.0840e-06   5.1037e-07
  3.4045e+15     637.7182   9.6648e-01   1.6256e-02   8.0857e-06   5.1163e-07
  3.5326e+15     637.5767   9.6624e-01   1.6374e-02   8.0874e-06   5.1294e-07
  3.6654e+15     637.4285   9.6599e-01   1.6499e-02   8.0892e-06   5.1432e-07
  3.8032e+15     637.2727   9.6573e-01   1.6630e-02   8.0911e-06   5.1577e-07
  3.9463e+15     637.1099   9.6545e-01   1.6767e-02   8.0932e-06   5.1728e-07
  4.0947e+15     636.9387   9.6516e-01   1.6911e-02   8.0952e-06   5.1887e-07
  4.2486e+15     636.7592   9.6486e-01   1.7063e-02   8.0975e-06   5.2055e-07
  4.4084e+15     636.5704   9.6454e-01   1.7222e-02   8.0998e-06   5.2231e-07
  4.5742e+15     636.3722   9.6421e-01   1.7390e-02   8.1023e-06   5.2415e-07
  4.7462e+15     636.1634   9.6385e-01   1.7566e-02   8.1049e-06   5.2610e-07
  4.9247e+15     635.9440   9.6348e-01   1.7752e-02   8.1076e-06   5.2815e-07
  5.1099e+15     635.7138   9.6309e-01   1.7948e-02   8.1105e-06   5.3031e-07
  5.3020e+15     635.4699   9.6268e-01   1.8155e-02   8.1135e-06   5.3258e-07
  5.5014e+15     635.2133   9.6224e-01   1.8373e-02   8.1167e-06   5.3499e-07
  5.7083e+15     634.9430   9.6178e-01   1.8603e-02   8.1201e-06   5.3752e-07
  5.9230e+15     634.6571   9.6129e-01   1.8846e-02   8.1236e-06   5.4021e-07
  6.1457e+15     634.3561   9.6078e-01   1.9104e-02   8.1274e-06   5.4304e-07
  6.3768e+15     634.0374   9.6024e-01   1.9376e-02   8.1314e-06   5.4605e-07
  6.6166e+15     633.7003   9.5966e-01   1.9665e-02   8.1356e-06   5.4924e-07
  6.8654e+15     633.3430   9.5905e-01   1.9971e-02   8.1401e-06   5.5262e-07
  7.1236e+15     632.9640   9.5839e-01   2.0297e-02   8.1449e-06   5.5621e-07
  7.3915e+15     632.5635   9.5770e-01   2.0642e-02   8.1500e-06   5.6003e-07
  7.6694e+15     632.1380   9.5697e-01   2.1010e-02   8.1554e-06   5.6409e-07
  7.9579e+15     631.6852   9.5619e-01   2.1401e-02   8.1611e-06   5.6843e-07
  8.2571e+15     631.2036   9.5535e-01   2.1819e-02   8.1673e-06   5.7305e-07
  8.5676e+15     630.6888   9.5446e-01   2.2265e-02   8.1739e-06   5.7799e-07
  8.8898e+15     630.1438   9.5351e-01   2.2741e-02   8.1810e-06   5.8328e-07
  9.2241e+15     629.5601   9.5249e-01   2.3251e-02   8.1883e-06   5.8893e-07
  9.5710e+15     628.9357   9.5139e-01   2.3798e-02   8.1964e-06   5.9500e-07
  9.9309e+15     628.2675   9.5022e-01   2.4385e-02   8.2050e-06   6.0152e-07
  1.0304e+16     627.5511   9.4896e-01   2.5016e-02   8.2144e-06   6.0854e-07
  1.0692e+16     626.7816   9.4760e-01   2.5696e-02   8.2244e-06   6.1610e-07
  1.1094e+16     625.9538   9.4613e-01   2.6430e-02   8.2363e-06   6.2437e-07
  1.1511e+16     625.0629   9.4454e-01   2.7223e-02   8.2485e-06   6.3324e-07
  1.1944e+16     624.1008   9.4282e-01   2.8083e-02   8.2598e-06   6.4267e-07
  1.2393e+16     623.0604   9.4096e-01   2.9016e-02   8.2736e-06   6.5306e-07
  1.2859e+16     621.9332   9.3893e-01   3.0032e-02   8.2887e-06   6.6436e-07
  1.3343e+16     620.7091   9.3671e-01   3.1139e-02   8.3053e-06   6.7667e-07
  1.3844e+16     619.3767   9.3429e-01   3.2350e-02   8.3234e-06   6.9011e-07
  1.4365e+16     617.9247   9.3164e-01   3.3678e-02   8.3432e-06   7.0480e-07
  1.4905e+16     616.3330   9.2872e-01   3.5137e-02   8.3653e-06   7.2092e-07
  1.5466e+16     614.5888   9.2550e-01   3.6747e-02   8.3896e-06   7.3862e-07
  1.6047e+16     612.6702   9.2194e-01   3.8527e-02   8.4166e-06   7.5809e-07
  1.6651e+16     610.5539   9.1799e-01   4.0502e-02   8.4468e-06   7.7955e-07
  1.7277e+16     608.2090   9.1359e-01   4.2702e-02   8.4806e-06   8.0323e-07
  1.7927e+16     605.6043   9.0867e-01   4.5161e-02   8.5187e-06   8.2940e-07
  1.8601e+16     602.6997   9.0316e-01   4.7919e-02   8.5618e-06   8.5833e-07
  1.9300e+16     599.4481   8.9694e-01   5.1027e-02   8.6109e-06   8.9030e-07
  2.0026e+16     595.7946   8.8992e-01   5.4541e-02   8.6671e-06   9.2561e-07
  2.0779e+16     591.6688   8.8193e-01   5.8532e-02   8.7319e-06   9.6451e-07
  2.1561e+16     586.9881   8.7283e-01   6.3085e-02   8.8072e-06   1.0072e-06
  2.2371e+16     581.6524   8.6240e-01   6.8300e-02   8.8954e-06   1.0536e-06
  2.3213e+16     575.5419   8.5041e-01   7.4296e-02   8.9994e-06   1.1036e-06
  2.4086e+16     568.5105   8.3657e-01   8.1218e-02   9.1233e-06   1.1567e-06
  2.4991e+16     560.3853   8.2054e-01   8.9231e-02   9.2723e-06   1.2114e-06
  2.5931e+16     550.9628   8.0195e-01   9.8526e-02   9.4532e-06   1.2658e-06
  2.6906e+16     540.0129   7.8038e-01   1.0931e-01   9.6747e-06   1.3168e-06
  2.7918e+16     527.2861   7.5539e-01   1.2181e-01   9.9485e-06   1.3598e-06
  2.8968e+16     512.5383   7.2659e-01   1.3621e-01   1.0289e-05   1.3894e-06
  3.0057e+16     495.5707   6.9370e-01   1.5265e-01   1.0714e-05   1.4005e-06
  3.1188e+16     476.2911   6.5671e-01   1.7115e-01   1.1245e-05   1.3911e-06
  3.2360e+16     454.7672   6.1595e-01   1.9153e-01   1.1903e-05   1.3652e-06
  3.3577e+16     431.3143   5.7229e-01   2.1336e-01   1.2709e-05   1.3339e-06
  3.4840e+16     406.5086   5.2705e-01   2.3598e-01   1.3679e-05   1.3118e-06
  3.6150e+16     381.2157   4.8189e-01   2.5855e-01   1.4828e-05   1.3111e-06
  3.7510e+16     356.2486   4.3849e-01   2.8025e-01   1.6182e-05   1.3400e-06
  3.8920e+16     332.3279   3.9823e-01   3.0038e-01   1.7770e-05   1.4043e-06
  4.0384e+16     309.9997   3.6197e-01   3.1851e-01   1.9608e-05   1.5069e-06
  4.1902e+16     289.5923   3.3005e-01   3.3448e-01   2.1683e-05   1.6523e-06
  4.3478e+16     271.2367   3.0235e-01   3.4834e-01   2.3958e-05   1.8223e-06
  4.5113e+16     254.8586   2.7849e-01   3.6028e-01   2.6384e-05   2.0127e-06
  4.6810e+16     240.3534   2.5800e-01   3.7054e-01   2.8900e-05   2.2149e-06
  4.8570e+16     227.4978   2.4039e-01   3.7935e-01   3.1457e-05   2.4222e-06
  5.0396e+16     216.0699   2.2520e-01   3.8696e-01   3.4011e-05   2.6292e-06
  5.2292e+16     205.8846   2.1202e-01   3.9356e-01   3.6524e-05   2.8319e-06
  5.4258e+16     196.8022   2.0053e-01   3.9932e-01   3.8962e-05   3.0273e-06
  5.6298e+16     188.7018   1.9045e-01   4.0438e-01   4.1299e-05   3.2137e-06
  5.8415e+16     181.4073   1.8154e-01   4.0884e-01   4.3527e-05   3.3931e-06
  6.0612e+16     174.8149   1.7361e-01   4.1282e-01   4.5639e-05   3.5626e-06
  6.2891e+16     168.8323   1.6651e-01   4.1638e-01   4.7630e-05   3.7222e-06
  6.5256e+16     163.3851   1.6011e-01   4.1958e-01   4.9500e-05   3.8720e-06
  6.7710e+16     158.4132   1.5431e-01   4.2249e-01   5.1245e-05   4.0118e-06
  7.0257e+16     153.7714   1.4903e-01   4.2514e-01   5.2892e-05   4.1559e-06
  7.2899e+16     149.5718   1.4419e-01   4.2757e-01   5.4423e-05   4.2770e-06
  7.5640e+16     145.7104   1.3973e-01   4.2980e-01   5.5849e-05   4.3898e-06
  7.8484e+16     142.1336   1.3561e-01   4.3187e-01   5.7181e-05   4.4956e-06
  8.1436e+16     138.8100   1.3177e-01   4.3379e-01   5.8425e-05   4.5947e-06
  8.4498e+16     135.7130   1.2820e-01   4.3559e-01   5.9588e-05   4.6876e-06
  8.7676e+16     132.8194   1.2486e-01   4.3726e-01   6.0677e-05   4.7746e-06
  9.0973e+16     130.1077   1.2172e-01   4.3884e-01   6.1697e-05   4.8563e-06
  9.4394e+16     127.5602   1.1876e-01   4.4032e-01   6.2655e-05   4.9332e-06
  9.7944e+16     125.1616   1.1596e-01   4.4173e-01   6.3553e-05   5.0058e-06
  1.0163e+17     122.8977   1.1331e-01   4.4305e-01   6.4399e-05   5.0744e-06
  1.0545e+17     120.7563   1.1079e-01   4.4432e-01   6.5195e-05   5.1391e-06
  1.0941e+17     118.7269   1.0840e-01   4.4552e-01   6.5946e-05   5.2000e-06
  1.1353e+17     116.7992   1.0611e-01   4.4667e-01   6.6656e-05   5.2575e-06
  1.1780e+17     114.9656   1.0392e-01   4.4776e-01   6.7326e-05   5.3117e-06
  1.2223e+17     113.2210   1.0183e-01   4.4881e-01   6.7964e-05   5.3631e-06
  1.2682e+17     111.5492   9.9823e-02   4.4982e-01   6.8567e-05   5.4123e-06
  1.3159e+17     109.9514   9.7893e-02   4.5079e-01   6.9140e-05   5.4594e-06
  1.3654e+17     108.4223   9.6036e-02   4.5172e-01   6.9685e-05   5.5039e-06
  1.4168e+17     106.9586   9.4246e-02   4.5262e-01   7.0204e-05   5.5460e-06
  1.4700e+17     105.5477   9.2519e-02   4.5348e-01   7.0700e-05   5.5860e-06
  1.5253e+17     104.1934   9.0850e-02   4.5432e-01   7.1172e-05   5.6238e-06
  1.5827e+17     102.8923   8.9235e-02   4.5513e-01   7.1626e-05   5.6573e-06
  1.6422e+17     101.6355   8.7671e-02   4.5591e-01   7.2059e-05   5.6913e-06
  1.7040e+17     100.4224   8.6157e-02   4.5667e-01   7.2473e-05   5.7244e-06
  1.7680e+17      99.2689   8.4684e-02   4.5741e-01   7.2868e-05   5.7555e-06
  1.8345e+17      98.1630   8.3253e-02   4.5813e-01   7.3245e-05   5.7851e-06
  1.9035e+17      97.0928   8.1861e-02   4.5883e-01   7.3609e-05   5.8129e-06
  1.9751e+17      96.0563   8.0508e-02   4.5950e-01   7.3958e-05   5.8394e-06
  2.0494e+17      95.0500   7.9191e-02   4.6016e-01   7.4295e-05   5.8644e-06
  2.1264e+17      94.0740   7.7908e-02   4.6081e-01   7.4620e-05   5.8879e-06
  2.2064e+17      93.1260   7.6658e-02   4.6143e-01   7.4934e-05   5.9102e-06
  2.2894e+17      92.2043   7.5439e-02   4.6205e-01   7.5237e-05   5.9312e-06
  2.3754e+17      91.3071   7.4250e-02   4.6264e-01   7.5529e-05   5.9527e-06
  2.4648e+17      90.4339   7.3088e-02   4.6322e-01   7.5811e-05   5.9731e-06
  2.5575e+17      89.5833   7.1954e-02   4.6379e-01   7.6085e-05   5.9922e-06
  2.6536e+17      88.7542   7.0845e-02   4.6435e-01   7.6349e-05   6.0106e-06
  2.7534e+17      87.9457   6.9761e-02   4.6489e-01   7.6606e-05   6.0278e-06
  2.8570e+17      87.1569   6.8701e-02   4.6542e-01   7.6856e-05   6.0440e-06
  2.9644e+17      86.3869   6.7664e-02   4.6594e-01   7.7098e-05   6.0592e-06
  3.0759e+17      85.6347   6.6648e-02   4.6645e-01   7.7333e-05   6.0733e-06
  3.1916e+17      84.9000   6.5653e-02   4.6695e-01   7.7562e-05   6.0864e-06
  3.3116e+17      84.1813   6.4678e-02   4.6744e-01   7.7784e-05   6.0997e-06
  3.4361e+17      83.4780   6.3723e-02   4.6792e-01   7.8000e-05   6.1135e-06
  3.5653e+17      82.7898   6.2786e-02   4.6839e-01   7.8209e-05   6.1264e-06
  3.6994e+17      82.1162   6.1868e-02   4.6885e-01   7.8414e-05   6.1384e-06
  3.8385e+17      81.4567   6.0967e-02   4.6930e-01   7.8613e-05   6.1495e-06
  3.9829e+17      80.8106   6.0082e-02   4.6974e-01   7.8807e-05   6.1600e-06
  4.1326e+17      80.1778   5.9214e-02   4.7018e-01   7.8997e-05   6.1695e-06
  4.2880e+17      79.5578   5.8362e-02   4.7061e-01   7.9183e-05   6.1785e-06
  4.4493e+17      78.9484   5.7525e-02   4.7103e-01   7.9364e-05   6.1864e-06
  4.6166e+17      78.3511   5.6703e-02   4.7144e-01   7.9541e-05   6.1937e-06
  4.7902e+17      77.7654   5.5895e-02   4.7184e-01   7.9715e-05   6.2006e-06
  4.9704e+17      77.1898   5.5101e-02   4.7224e-01   7.9882e-05   6.2098e-06
  5.1573e+17      76.6242   5.4321e-02   4.7263e-01   8.0045e-05   6.2183e-06
  5.3512e+17      76.0693   5.3554e-02   4.7302e-01   8.0206e-05   6.2260e-06
  5.5524e+17      75.5241   5.2799e-02   4.7340e-01   8.0363e-05   6.2329e-06
  5.7612e+17      74.9883   5.2057e-02   4.7377e-01   8.0517e-05   6.2391e-06
  5.9779e+17      74.4618   5.1327e-02   4.7413e-01   8.0668e-05   6.2451e-06
  6.2027e+17      73.9438   5.0609e-02   4.7449e-01   8.0816e-05   6.2503e-06
  6.4359e+17      73.4352   4.9902e-02   4.7485e-01   8.0962e-05   6.2548e-06
  6.6780e+17      72.9351   4.9205e-02   4.7520e-01   8.1105e-05   6.2586e-06
  6.9291e+17      72.4428   4.8521e-02   4.7554e-01   8.1245e-05   6.2617e-06
  7.1896e+17      71.9580   4.7846e-02   4.7588e-01   8.1382e-05   6.2656e-06
  7.4600e+17      71.4805   4.7182e-02   4.7621e-01   8.1514e-05   6.2725e-06
  7.7406e+17      71.0102   4.6528e-02   4.7654e-01   8.1643e-05   6.2788e-06
  8.0316e+17      70.5474   4.5883e-02   4.7686e-01   8.1771e-05   6.2843e-06
  8.3337e+17      70.0918   4.5248e-02   4.7718e-01   8.1896e-05   6.2893e-06
  8.6471e+17      69.6425   4.4623e-02   4.7750e-01   8.2019e-05   6.2936e-06
  8.9722e+17      69.2003   4.4007e-02   4.7780e-01   8.2141e-05   6.2974e-06
  9.3096e+17      68.7643   4.3399e-02   4.7811e-01   8.2260e-05   6.3011e-06
  9.6597e+17      68.3348   4.2801e-02   4.7841e-01   8.2378e-05   6.3042e-06
  1.0023e+18      67.9122   4.2210e-02   4.7870e-01   8.2492e-05   6.3063e-06
  1.0400e+18      67.4950   4.1629e-02   4.7900e-01   8.2608e-05   6.3083e-06
  1.0791e+18      67.0842   4.1055e-02   4.7928e-01   8.2721e-05   6.3095e-06
  1.1197e+18      66.6778   4.0489e-02   4.7957e-01   8.2827e-05   6.3165e-06
  1.1618e+18      66.2770   3.9931e-02   4.7985e-01   8.2931e-05   6.3233e-06
  1.2055e+18      65.8819   3.9381e-02   4.8012e-01   8.3034e-05   6.3295e-06
  1.2508e+18      65.4923   3.8839e-02   4.8039e-01   8.3135e-05   6.3351e-06
  1.2978e+18      65.1080   3.8303e-02   4.8066e-01   8.3235e-05   6.3401e-06
  1.3466e+18      64.7292   3.7775e-02   4.8093e-01   8.3334e-05   6.3445e-06
  1.3973e+18      64.3554   3.7254e-02   4.8119e-01   8.3431e-05   6.3489e-06
  1.4498e+18      63.9865   3.6740e-02   4.8145e-01   8.3527e-05   6.3531e-06
  1.5044e+18      63.6227   3.6232e-02   4.8170e-01   8.3621e-05   6.3566e-06
  1.5609e+18      63.2634   3.5732e-02   4.8195e-01   8.3715e-05   6.3599e-06
  1.6196e+18      62.9090   3.5237e-02   4.8220e-01   8.3808e-05   6.3624e-06
  1.6805e+18      62.5587   3.4749e-02   4.8244e-01   8.3897e-05   6.3668e-06
  1.7437e+18      62.2117   3.4268e-02   4.8269e-01   8.3980e-05   6.3768e-06
  1.8093e+18      61.8691   3.3793e-02   4.8292e-01   8.4063e-05   6.3862e-06
  1.8773e+18      61.5309   3.3324e-02   4.8316e-01   8.4144e-05   6.3951e-06
  1.9479e+18      61.1971   3.2861e-02   4.8339e-01   8.4224e-05   6.4035e-06
  2.0212e+18      60.8674   3.2403e-02   4.8362e-01   8.4304e-05   6.4115e-06
  2.0972e+18      60.5419   3.1952e-02   4.8385e-01   8.4383e-05   6.4189e-06
  2.1761e+18      60.2203   3.1506e-02   4.8407e-01   8.4460e-05   6.4263e-06
  2.2579e+18      59.9026   3.1065e-02   4.8429e-01   8.4536e-05   6.4338e-06
  2.3428e+18      59.5887   3.0630e-02   4.8451e-01   8.4612e-05   6.4408e-06
  2.4309e+18      59.2788   3.0201e-02   4.8473e-01   8.4686e-05   6.4473e-06
  2.5223e+18      58.9725   2.9777e-02   4.8494e-01   8.4760e-05   6.4533e-06
  2.6172e+18      58.6692   2.9357e-02   4.8515e-01   8.4830e-05   6.4629e-06
  2.7156e+18      58.3685   2.8944e-02   4.8536e-01   8.4895e-05   6.4770e-06
  2.8177e+18      58.0712   2.8535e-02   4.8556e-01   8.4959e-05   6.4908e-06
  2.9237e+18      57.7775   2.8131e-02   4.8576e-01   8.5022e-05   6.5041e-06
  3.0336e+18      57.4872   2.7732e-02   4.8596e-01   8.5085e-05   6.5170e-06
  3.1477e+18      57.2004   2.7338e-02   4.8616e-01   8.5147e-05   6.5295e-06
  3.2660e+18      56.9168   2.6949e-02   4.8636e-01   8.5208e-05   6.5416e-06
  3.3889e+18      56.6365   2.6564e-02   4.8655e-01   8.5268e-05   6.5537e-06
  3.5163e+18      56.3592   2.6184e-02   4.8674e-01   8.5328e-05   6.5662e-06
  3.6485e+18      56.0851   2.5809e-02   4.8693e-01   8.5386e-05   6.5783e-06
  3.7857e+18      55.8140   2.5437e-02   4.8711e-01   8.5444e-05   6.5900e-06
  3.9281e+18      55.5461   2.5071e-02   4.8730e-01   8.5502e-05   6.6013e-06
  4.0758e+18      55.2800   2.4708e-02   4.8748e-01   8.5555e-05   6.6165e-06
  4.2291e+18      55.0168   2.4350e-02   4.8766e-01   8.5605e-05   6.6345e-06
  4.3881e+18      54.7561   2.3997e-02   4.8784e-01   8.5654e-05   6.6522e-06
  4.5531e+18      54.4984   2.3647e-02   4.8801e-01   8.5702e-05   6.6696e-06
  4.7244e+18      54.2435   2.3301e-02   4.8819e-01   8.5751e-05   6.6866e-06
  4.9020e+18      53.9913   2.2960e-02   4.8836e-01   8.5798e-05   6.7036e-06
  5.0864e+18      53.7454   2.2622e-02   4.8853e-01   8.5845e-05   6.7199e-06
  5.2776e+18      53.4948   2.2289e-02   4.8869e-01   8.5892e-05   6.7367e-06
  5.4761e+18      53.2502   2.1959e-02   4.8886e-01   8.5937e-05   6.7541e-06
  5.6820e+18      53.0085   2.1633e-02   4.8902e-01   8.5981e-05   6.7712e-06
  5.8957e+18      52.7692   2.1311e-02   4.8918e-01   8.6025e-05   6.7881e-06
  6.1174e+18      52.5323   2.0993e-02   4.8934e-01   8.6069e-05   6.8047e-06
  6.3475e+18      52.2973   2.0679e-02   4.8950e-01   8.6109e-05   6.8238e-06
  6.5862e+18      52.0646   2.0367e-02   4.8966e-01   8.6148e-05   6.8435e-06
  6.8338e+18      51.8343   2.0060e-02   4.8981e-01   8.6187e-05   6.8632e-06
  7.0908e+18      51.6063   1.9756e-02   4.8996e-01   8.6226e-05   6.8823e-06
  7.3575e+18      51.3803   1.9456e-02   4.9011e-01   8.6264e-05   6.9016e-06
  7.6341e+18      51.1569   1.9159e-02   4.9026e-01   8.6302e-05   6.9205e-06
  7.9212e+18      50.9358   1.8866e-02   4.9041e-01   8.6338e-05   6.9391e-06
  8.2191e+18      50.7168   1.8576e-02   4.9056e-01   8.6376e-05   6.9575e-06
  8.5282e+18      50.4993   1.8289e-02   4.9070e-01   8.6411e-05   6.9774e-06
  8.8489e+18      50.2841   1.8006e-02   4.9084e-01   8.6446e-05   6.9971e-06
  9.1816e+18      50.0710   1.7725e-02   4.9098e-01   8.6480e-05   7.0167e-06
  9.5269e+18      49.8599   1.7449e-02   4.9112e-01   8.6514e-05   7.0360e-06
  9.8852e+18      49.6508   1.7175e-02   4.9126e-01   8.6546e-05   7.0567e-06
  1.0257e+19      49.4429   1.6904e-02   4.9140e-01   8.6577e-05   7.0779e-06
  1.0643e+19      49.2373   1.6637e-02   4.9153e-01   8.6609e-05   7.0987e-06
  1.1043e+19      49.0335   1.6372e-02   4.9166e-01   8.6640e-05   7.1192e-06
  1.1458e+19      48.8316   1.6111e-02   4.9179e-01   8.6670e-05   7.1396e-06
  1.1889e+19      48.6315   1.5853e-02   4.9192e-01   8.6701e-05   7.1598e-06
  1.2336e+19      48.4329   1.5597e-02   4.9205e-01   8.6728e-05   7.1796e-06
  1.2800e+19      48.2365   1.5345e-02   4.9218e-01   8.6760e-05   7.1998e-06
  1.3281e+19      48.0414   1.5095e-02   4.9230e-01   8.6789e-05   7.2206e-06
  1.3781e+19      47.8477   1.4849e-02   4.9243e-01   8.6817e-05   7.2418e-06
  1.4299e+19      47.6558   1.4605e-02   4.9255e-01   8.6844e-05   7.2629e-06
  1.4837e+19      47.4651   1.4364e-02   4.9267e-01   8.6871e-05   7.2849e-06
  1.5395e+19      47.2755   1.4126e-02   4.9279e-01   8.6894e-05   7.3093e-06
  1.5974e+19      47.0874   1.3890e-02   4.9291e-01   8.6918e-05   7.3337e-06
  1.6574e+19      46.9008   1.3657e-02   4.9302e-01   8.6941e-05   7.3580e-06
  1.7198e+19      46.7155   1.3427e-02   4.9314e-01   8.6964e-05   7.3821e-06
  1.7844e+19      46.5317   1.3200e-02   4.9325e-01   8.6987e-05   7.4062e-06
  1.8515e+19      46.3491   1.2975e-02   4.9337e-01   8.7009e-05   7.4302e-06
  1.9212e+19      46.1679   1.2753e-02   4.9348e-01   8.7031e-05   7.4541e-06
  1.9934e+19      45.9880   1.2534e-02   4.9359e-01   8.7053e-05   7.4779e-06
  2.0684e+19      45.8091   1.2317e-02   4.9370e-01   8.7075e-05   7.5022e-06
  2.1461e+19      45.6311   1.2102e-02   4.9380e-01   8.7094e-05   7.5279e-06
  2.2268e+19      45.4543   1.1890e-02   4.9391e-01   8.7114e-05   7.5536e-06
  2.3106e+19      45.2779   1.1681e-02   4.9402e-01   8.7129e-05   7.5834e-06
  2.3975e+19      45.1018   1.1474e-02   4.9412e-01   8.7142e-05   7.6153e-06
  2.4876e+19      44.9270   1.1269e-02   4.9422e-01   8.7155e-05   7.6471e-06
  2.5812e+19      44.7531   1.1067e-02   4.9432e-01   8.7168e-05   7.6788e-06
  2.6782e+19      44.5800   1.0867e-02   4.9442e-01   8.7181e-05   7.7106e-06
  2.7790e+19      44.4077   1.0670e-02   4.9452e-01   8.7193e-05   7.7423e-06
  2.8835e+19      44.2365   1.0475e-02   4.9462e-01   8.7206e-05   7.7738e-06
  2.9919e+19      44.0660   1.0282e-02   4.9472e-01   8.7218e-05   7.8053e-06
  3.1044e+19      43.8962   1.0091e-02   4.9481e-01   8.7230e-05   7.8367e-06
  3.2211e+19      43.7270   9.9029e-03   4.9491e-01   8.7242e-05   7.8680e-06
  3.3423e+19      43.5581   9.7168e-03   4.9500e-01   8.7252e-05   7.9016e-06
  3.4680e+19      43.3894   9.5330e-03   4.9509e-01   8.7260e-05   7.9369e-06
  3.5984e+19      43.2197   9.3513e-03   4.9518e-01   8.7261e-05   7.9798e-06
  3.7337e+19      43.0505   9.1719e-03   4.9527e-01   8.7261e-05   8.0227e-06
  3.8741e+19      42.8816   8.9946e-03   4.9536e-01   8.7261e-05   8.0658e-06
  4.0198e+19      42.7131   8.8193e-03   4.9545e-01   8.7261e-05   8.1088e-06
  4.1709e+19      42.5448   8.6462e-03   4.9554e-01   8.7261e-05   8.1519e-06
  4.3278e+19      42.3768   8.4752e-03   4.9562e-01   8.7261e-05   8.1951e-06
  4.4905e+19      42.2089   8.3061e-03   4.9571e-01   8.7260e-05   8.2381e-06
  4.6594e+19      42.0411   8.1392e-03   4.9579e-01   8.7259e-05   8.2813e-06
  4.8346e+19      41.8733   7.9741e-03   4.9587e-01   8.7259e-05   8.3242e-06
  5.0164e+19      41.7054   7.8112e-03   4.9595e-01   8.7258e-05   8.3674e-06
  5.2051e+19      41.5370   7.6503e-03   4.9603e-01   8.7255e-05   8.4123e-06
  5.4008e+19      41.3655   7.4913e-03   4.9611e-01   8.7237e-05   8.4723e-06
  5.6039e+19      41.1930   7.3345e-03   4.9619e-01   8.7217e-05   8.5354e-06
  5.8146e+19      41.0202   7.1795e-03   4.9627e-01   8.7196e-05   8.5988e-06
  6.0333e+19      40.8468   7.0264e-03   4.9635e-01   8.7174e-05   8.6624e-06
  6.2602e+19      40.6729   6.8751e-03   4.9642e-01   8.7152e-05   8.7264e-06
  6.4956e+19      40.4982   6.7258e-03   4.9650e-01   8.7129e-05   8.7908e-06
  6.7399e+19      40.3226   6.5784e-03   4.9657e-01   8.7106e-05   8.8554e-06
  6.9933e+19      40.1462   6.4327e-03   4.9664e-01   8.7082e-05   8.9202e-06
  7.2563e+19      39.9686   6.2889e-03   4.9671e-01   8.7058e-05   8.9853e-06
  7.5292e+19      39.7894   6.1470e-03   4.9678e-01   8.7033e-05   9.0508e-06
  7.8123e+19      39.6090   6.0068e-03   4.9685e-01   8.7007e-05   9.1163e-06
  8.1061e+19      39.4229   5.8685e-03   4.9692e-01   8.6959e-05   9.2049e-06
  8.4109e+19      39.2332   5.7323e-03   4.9699e-01   8.6899e-05   9.3056e-06
  8.7272e+19      39.0417   5.5977e-03   4.9706e-01   8.6837e-05   9.4076e-06
  9.0554e+19      38.8485   5.4648e-03   4.9712e-01   8.6773e-05   9.5108e-06
  9.3959e+19      38.6530   5.3337e-03   4.9719e-01   8.6707e-05   9.6157e-06
  9.7493e+19      38.4556   5.2044e-03   4.9725e-01   8.6638e-05   9.7219e-06
  1.0116e+20      38.2558   5.0767e-03   4.9731e-01   8.6568e-05   9.8296e-06
  1.0496e+20      38.0536   4.9507e-03   4.9738e-01   8.6495e-05   9.9387e-06
  1.0891e+20      37.8490   4.8264e-03   4.9744e-01   8.6420e-05   1.0049e-05
  1.1301e+20      37.6415   4.7038e-03   4.9750e-01   8.6342e-05   1.0161e-05
  1.1726e+20      37.4300   4.5830e-03   4.9756e-01   8.6253e-05   1.0282e-05
  1.2166e+20      37.2086   4.4638e-03   4.9762e-01   8.6127e-05   1.0441e-05
  1.2624e+20      36.9836   4.3465e-03   4.9767e-01   8.5994e-05   1.0605e-05
  1.3099e+20      36.7538   4.2309e-03   4.9773e-01   8.5849e-05   1.0779e-05
  1.3591e+20      36.5200   4.1169e-03   4.9779e-01   8.5696e-05   1.0959e-05
  1.4102e+20      36.2821   4.0045e-03   4.9784e-01   8.5537e-05   1.1144e-05
  1.4633e+20      36.0402   3.8937e-03   4.9790e-01   8.5370e-05   1.1333e-05
  1.5183e+20      35.7944   3.7843e-03   4.9795e-01   8.5196e-05   1.1524e-05
  1.5754e+20      35.5434   3.6769e-03   4.9800e-01   8.5013e-05   1.1725e-05
  1.6346e+20      35.2883   3.5709e-03   4.9805e-01   8.4822e-05   1.1927e-05
  1.6961e+20      35.0264   3.4665e-03   4.9811e-01   8.4610e-05   1.2148e-05
  1.7599e+20      34.7507   3.3639e-03   4.9816e-01   8.4336e-05   1.2426e-05
  1.8261e+20      34.4696   3.2628e-03   4.9820e-01   8.4046e-05   1.2713e-05
  1.8947e+20      34.1832   3.1629e-03   4.9825e-01   8.3742e-05   1.3010e-05
  1.9660e+20      33.8904   3.0653e-03   4.9830e-01   8.3416e-05   1.3320e-05
  2.0399e+20      33.5918   2.9687e-03   4.9835e-01   8.3068e-05   1.3644e-05
  2.1166e+20      33.2859   2.8737e-03   4.9839e-01   8.2691e-05   1.3987e-05
  2.1962e+20      32.9744   2.7802e-03   4.9844e-01   8.2291e-05   1.4341e-05
  2.2788e+20      32.6573   2.6881e-03   4.9848e-01   8.1868e-05   1.4707e-05
  2.3645e+20      32.3345   2.5973e-03   4.9853e-01   8.1414e-05   1.5086e-05
  2.4534e+20      31.9941   2.5083e-03   4.9857e-01   8.0858e-05   1.5553e-05
  2.5457e+20      31.6482   2.4205e-03   4.9861e-01   8.0264e-05   1.6036e-05
  2.6414e+20      31.2966   2.3341e-03   4.9866e-01   7.9628e-05   1.6537e-05
  2.7408e+20      30.9437   2.2489e-03   4.9870e-01   7.8947e-05   1.7054e-05
  2.8438e+20      30.5777   2.1652e-03   4.9874e-01   7.8215e-05   1.7592e-05
  2.9508e+20      30.2112   2.0826e-03   4.9878e-01   7.7431e-05   1.8143e-05
  3.0617e+20      29.8407   2.0012e-03   4.9882e-01   7.6587e-05   1.8708e-05
  3.1769e+20      29.4665   1.9211e-03   4.9886e-01   7.5680e-05   1.9286e-05
  3.2963e+20      29.0810   1.8421e-03   4.9889e-01   7.4635e-05   1.9939e-05
  3.4203e+20      28.6915   1.7642e-03   4.9893e-01   7.3493e-05   2.0615e-05
  3.5489e+20      28.3004   1.6875e-03   4.9897e-01   7.2258e-05   2.1299e-05
  3.6824e+20      27.9086   1.6118e-03   4.9901e-01   7.0924e-05   2.1986e-05
  3.8208e+20      27.5171   1.5372e-03   4.9904e-01   6.9482e-05   2.2668e-05
  3.9645e+20      27.1278   1.4637e-03   4.9908e-01   6.7924e-05   2.3336e-05
  4.1136e+20      26.7387   1.3913e-03   4.9911e-01   6.6240e-05   2.3983e-05
  4.2683e+20      26.3540   1.3200e-03   4.9915e-01   6.4428e-05   2.4594e-05
  4.4288e+20      25.9740   1.2499e-03   4.9918e-01   6.2488e-05   2.5152e-05
  4.5954e+20      25.5988   1.1811e-03   4.9921e-01   6.0406e-05   2.5654e-05
  4.7682e+20      25.2291   1.1137e-03   4.9925e-01   5.8183e-05   2.6087e-05
  4.9475e+20      24.8651   1.0477e-03   4.9928e-01   5.5820e-05   2.6439e-05
  5.1335e+20      24.5057   9.8334e-04   4.9931e-01   5.3304e-05   2.6719e-05
  5.3266e+20      24.1512   9.2066e-04   4.9934e-01   5.0643e-05   2.6920e-05
  5.5269e+20      23.8060   8.5985e-04   4.9937e-01   4.7882e-05   2.7011e-05
  5.7347e+20      23.4633   8.0124e-04   4.9940e-01   4.5065e-05   2.6980e-05
  5.9504e+20      23.1302   7.4487e-04   4.9942e-01   4.2218e-05   2.6822e-05
  6.1741e+20      22.8021   6.9084e-04   4.9945e-01   3.9345e-05   2.6555e-05
  6.4063e+20      22.4785   6.3927e-04   4.9947e-01   3.6473e-05   2.6182e-05
  6.6472e+20      22.1591   5.9021e-04   4.9949e-01   3.3624e-05   2.5705e-05
  6.8972e+20      21.8438   5.4359e-04   4.9951e-01   3.0809e-05   2.5113e-05
  7.1566e+20      21.5306   4.9973e-04   4.9953e-01   2.8079e-05   2.4446e-05
  7.4257e+20      21.2202   4.5829e-04   4.9955e-01   2.5413e-05   2.3664e-05
  7.7049e+20      20.9125   4.1930e-04   4.9956e-01   2.2837e-05   2.2781e-05
  7.9947e+20      20.6069   3.8269e-04   4.9957e-01   2.0363e-05   2.1795e-05
  8.2953e+20      20.3021   3.4835e-04   4.9959e-01   1.7980e-05   2.0731e-05
  8.6072e+20      19.9991   3.1622e-04   4.9959e-01   1.5738e-05   1.9568e-05
  8.9309e+20      19.6972   2.8617e-04   4.9960e-01   1.3653e-05   1.8315e-05
  9.2668e+20      19.3958   2.5807e-04   4.9960e-01   1.1738e-05   1.6988e-05
  9.6152e+20      19.0944   2.3177e-04   4.9961e-01   1.0009e-05   1.5609e-05
  9.9768e+20      18.7919   2.0712e-04   4.9961e-01   8.4724e-06   1.4208e-05
  1.0352e+21      18.4924   1.8274e-04   4.9961e-01   7.0900e-06   1.2707e-05
  1.0741e+21      18.1813   1.6232e-04   4.9960e-01   5.9828e-06   1.1469e-05
  1.1145e+21      17.8722   1.4211e-04   4.9960e-01   5.0142e-06   1.0200e-05
  1.1564e+21      17.5606   1.2340e-04   4.9959e-01   4.2088e-06   9.0312e-06
  1.1999e+21      17.2469   1.0635e-04   4.9959e-01   3.5460e-06   7.9802e-06
  1.2450e+21      16.9318   9.1152e-05   4.9958e-01   3.0038e-06   7.0544e-06
  1.2919e+21      16.6157   7.7933e-05   4.9957e-01   2.5581e-06   6.2635e-06
  1.3404e+21      16.2999   6.6733e-05   4.9957e-01   2.1913e-06   5.5969e-06
  1.3909e+21      15.9853   5.7471e-05   4.9956e-01   1.8884e-06   5.0381e-06
  1.4432e+21      15.6725   4.9955e-05   4.9956e-01   1.6354e-06   4.5750e-06
  1.4974e+21      15.3624   4.3918e-05   4.9956e-01   1.4211e-06   4.1925e-06
  1.5537e+21      15.0556   3.9067e-05   4.9956e-01   1.2368e-06   3.8729e-06
  1.6122e+21      14.7519   3.5130e-05   4.9956e-01   1.0760e-06   3.5980e-06
  1.6728e+21      14.4524   3.1881e-05   4.9956e-01   9.3440e-07   3.3517e-06
  1.7357e+21      14.1571   2.9156e-05   4.9957e-01   8.0883e-07   3.1216e-06
  1.8010e+21      13.8660   2.6842e-05   4.9957e-01   6.9736e-07   2.8995e-06
  1.8687e+21      13.5792   2.4858e-05   4.9958e-01   5.9858e-07   2.6808e-06
  1.9390e+21      13.2966   2.3153e-05   4.9958e-01   5.1145e-07   2.4635e-06
  2.0119e+21      13.0182   2.1687e-05   4.9959e-01   4.3498e-07   2.2482e-06
  2.0875e+21      12.7435   2.0430e-05   4.9959e-01   3.6770e-07   2.0391e-06
  2.1660e+21      12.4727   1.9356e-05   4.9960e-01   3.0979e-07   1.8322e-06
  2.2475e+21      12.2056   1.8448e-05   4.9960e-01   2.6043e-07   1.6302e-06
  2.3320e+21      11.9421   1.7682e-05   4.9960e-01   2.1864e-07   1.4350e-06
  2.4197e+21      11.6819   1.7042e-05   4.9961e-01   1.8353e-07   1.2487e-06
  2.5107e+21      11.4251   1.6513e-05   4.9961e-01   1.5420e-07   1.0735e-06
  2.6051e+21      11.1715   1.6079e-05   4.9961e-01   1.2979e-07   9.1107e-07
  2.7031e+21      10.9212   1.5726e-05   4.9961e-01   1.0948e-07   7.6277e-07
  2.8047e+21      10.6740   1.5445e-05   4.9961e-01   9.2574e-08   6.2974e-07
  2.9102e+21      10.4303   1.5221e-05   4.9960e-01   7.8388e-08   5.1233e-07
  3.0196e+21      10.1900   1.5044e-05   4.9960e-01   6.6389e-08   4.1062e-07
  3.1332e+21       9.9534   1.4908e-05   4.9959e-01   5.6145e-08   3.2419e-07
  3.2510e+21       9.7209   1.4802e-05   4.9959e-01   4.7292e-08   2.5220e-07
  3.3733e+21       9.4929   1.4719e-05   4.9958e-01   3.9610e-08   1.9331e-07
  3.5001e+21       9.2699   1.4651e-05   4.9957e-01   3.2927e-08   1.4598e-07
  3.6317e+21       9.0525   1.4592e-05   4.9956e-01   2.7124e-08   1.0864e-07
  3.7683e+21       8.8415   1.4538e-05   4.9956e-01   2.2115e-08   7.9680e-08
  3.9100e+21       8.6377   1.4478e-05   4.9955e-01   1.7803e-08   5.7685e-08
  4.0571e+21       8.4421   1.4415e-05   4.9954e-01   1.4206e-08   4.0946e-08
  4.2096e+21       8.2554   1.4338e-05   4.9953e-01   1.1188e-08   2.8613e-08
  4.3679e+21       8.0788   1.4245e-05   4.9952e-01   8.7115e-09   1.9594e-08
  4.5322e+21       7.9132   1.4132e-05   4.9951e-01   6.7071e-09   1.3102e-08
  4.7026e+21       7.7595   1.4002e-05   4.9950e-01   5.1119e-09   8.5098e-09
  4.8795e+21       7.6184   1.3848e-05   4.9949e-01   3.8556e-09   5.3414e-09
  5.0629e+21       7.4904   1.3670e-05   4.9947e-01   2.8777e-09   3.2301e-09
  5.2533e+21       7.3758   1.3480e-05   4.9946e-01   2.1291e-09   1.8801e-09
  5.4509e+21       7.2747   1.3276e-05   4.9945e-01   1.5636e-09   1.0601e-09
  5.6559e+21       7.1867   1.3062e-05   4.9944e-01   1.1444e-09   5.8893e-10
  5.8686e+21       7.1113   1.2848e-05   4.9944e-01   8.4007e-10   3.3281e-10
  6.0892e+21       7.0477   1.2641e-05   4.9943e-01   6.2221e-10   2.1092e-10
  6.3182e+21       6.9947   1.2451e-05   4.9943e-01   4.7220e-10   1.2206e-10
  6.5558e+21       6.9513   1.2282e-05   4.9943e-01   3.6596e-10   8.4037e-11
  6.8024e+21       6.9163   1.2139e-05   4.9942e-01   2.9126e-10   6.1996e-11
  7.0582e+21       6.8885   1.2025e-05   4.9942e-01   2.3792e-10   4.8720e-11
  7.3236e+21       6.8667   1.1939e-05   4.9942e-01   1.9903e-10   3.9565e-11
  7.5990e+21       6.8498   1.1878e-05   4.9942e-01   1.6994e-10   3.2749e-11
  7.8848e+21       6.8370   1.1839e-05   4.9942e-01   1.4789e-10   2.0090e-11
  8.1813e+21       6.8273   1.1817e-05   4.9942e-01   1.3009e-10   2.0379e-11
  8.4889e+21       6.8202   1.1805e-05   4.9942e-01   1.1600e-10   1.9409e-11
  8.8081e+21       6.8150   1.1801e-05   4.9942e-01   1.0474e-10   2.1268e-11
  9.1394e+21       6.8112   1.1802e-05   4.9942e-01   9.6408e-11   7.7505e-12
  9.4831e+21       6.8086   1.1804e-05   4.9943e-01   8.8328e-11   5.8318e-11
  9.8397e+21       6.8067   1.1809e-05   4.9942e-01   8.4357e-11   2.3340e-11
  1.0210e+22       6.8054   1.1755e-05   4.9942e-01   8.0213e-11   2.2687e-11
  1.0594e+22       6.8045   1.1814e-05   4.9942e-01   7.8656e-11   1.7934e-11
  1.0992e+22       6.8040   1.1831e-05   4.9942e-01   7.7023e-11   4.7130e-12
  1.1405e+22       6.8036   1.1843e-05   4.9942e-01   7.5614e-11   1.6382e-11
  1.1834e+22       6.8034   1.1859e-05   4.9942e-01   7.4901e-11   1.4552e-11
  1.2279e+22       6.8032   1.1873e-05   4.9942e-01   7.4789e-11   1.8857e-12
  1.2741e+22       6.8031   1.1901e-05   4.9942e-01   7.4234e-11   1.1072e-11
  1.3220e+22       6.8031   1.1927e-05   4.9942e-01   7.4282e-11   3.8860e-12
  1.3717e+22       6.8031   1.1956e-05   4.9942e-01   7.3998e-11   1.3689e-11
  1.4233e+22       6.8030   1.1927e-05   4.9942e-01   7.3609e-11   8.4749e-12
  1.4768e+22       6.8030   1.1927e-05   4.9942e-01   7.3610e-11   8.4744e-12
  1.5324e+22       6.8030   1.1927e-05   4.9942e-01   7.3610e-11   8.4557e-12
  1.5900e+22       6.8030   1.1992e-05   4.9942e-01   7.4054e-11   3.5549e-12
