# NH                 T_gas  H            H2           C            CO
  1.5900e+14    2172.4600   1.0000e+00   1.3864e-07   3.1687e-08   9.9155e-14
  1.6498e+14    2172.4600   1.0000e+00   1.3864e-07   3.1687e-08   9.9165e-14
  1.7118e+14    2172.4600   1.0000e+00   1.3864e-07   3.1687e-08   9.9175e-14
  1.7762e+14    2172.4600   1.0000e+00   1.3864e-07   3.1687e-08   9.9185e-14
  1.8430e+14    2172.4600   1.0000e+00   1.3864e-07   3.1687e-08   9.9195e-14
  1.9123e+14    2172.4600   1.0000e+00   1.3864e-07   3.1687e-08   9.9205e-14
  1.9842e+14    2172.4600   1.0000e+00   1.3864e-07   3.1687e-08   9.9215e-14
  2.0588e+14    2172.4600   1.0000e+00   1.3864e-07   3.1687e-08   9.9225e-14
  2.1363e+14    2172.4600   1.0000e+00   1.3864e-07   3.1687e-08   9.9235e-14
  2.2166e+14    2172.4600   1.0000e+00   1.3864e-07   3.1687e-08   9.9245e-14
  2.2999e+14    2172.4600   1.0000e+00   1.3864e-07   3.1687e-08   9.9255e-14
  2.3864e+14    2172.4600   1.0000e+00   1.3864e-07   3.1687e-08   9.9265e-14
  2.4762e+14    2172.4600   1.0000e+00   1.3864e-07   3.1687e-08   9.9275e-14
  2.5693e+14    2172.4600   1.0000e+00   1.3864e-07   3.1687e-08   9.9286e-14
  2.6659e+14    2172.4600   1.0000e+00   1.3864e-07   3.1687e-08   9.9296e-14
  2.7662e+14    2172.4600   1.0000e+00   1.3864e-07   3.1687e-08   9.9306e-14
  2.8702e+14    2172.4600   1.0000e+00   1.3864e-07   3.1687e-08   9.9316e-14
  2.9781e+14    2172.4600   1.0000e+00   1.3864e-07   3.1687e-08   9.9326e-14
  3.0901e+14    2172.4600   1.0000e+00   1.3864e-07   3.1687e-08   9.9336e-14
  3.2063e+14    2172.4600   1.0000e+00   1.3864e-07   3.1687e-08   9.9346e-14
  3.3269e+14    2172.4600   1.0000e+00   1.3864e-07   3.1687e-08   9.9356e-14
  3.4520e+14    2172.4600   1.0000e+00   1.3864e-07   3.1687e-08   9.9366e-14
  3.5818e+14    2172.4600   1.0000e+00   1.3864e-07   3.1687e-08   9.9376e-14
  3.7165e+14    2172.4600   1.0000e+00   1.3864e-07   3.1687e-08   9.9386e-14
  3.8563e+14    2172.4600   1.0000e+00   1.3864e-07   3.1687e-08   9.9396e-14
  4.0013e+14    2172.4600   1.0000e+00   1.3864e-07   3.1687e-08   9.9407e-14
  4.1517e+14    2172.4600   1.0000e+00   1.3864e-07   3.1687e-08   9.9417e-14
  4.3079e+14    2172.4600   1.0000e+00   1.3864e-07   3.1687e-08   9.9427e-14
  4.4699e+14    2172.4600   1.0000e+00   1.3864e-07   3.1687e-08   9.9437e-14
  4.6380e+14    2172.4600   1.0000e+00   1.3864e-07   3.1687e-08   9.9447e-14
  4.8124e+14    2172.4600   1.0000e+00   1.3864e-07   3.1687e-08   9.9457e-14
  4.9933e+14    2172.4600   1.0000e+00   1.3864e-07   3.1687e-08   9.9467e-14
  5.1811e+14    2172.4600   1.0000e+00   1.3864e-07   3.1687e-08   9.9477e-14
  5.3760e+14    2172.4600   1.0000e+00   1.3864e-07   3.1687e-08   9.9487e-14
  5.5781e+14    2172.4600   1.0000e+00   1.3864e-07   3.1687e-08   9.9497e-14
  5.7879e+14    2172.4600   1.0000e+00   1.3864e-07   3.1687e-08   9.9508e-14
  6.0055e+14    2172.4600   1.0000e+00   1.3864e-07   3.1687e-08   9.9518e-14
  6.2314e+14    2172.4600   1.0000e+00   1.3864e-07   3.1687e-08   9.9528e-14
  6.4657e+14    2172.4600   1.0000e+00   1.3864e-07   3.1687e-08   9.9538e-14
  6.7088e+14    2172.4600   1.0000e+00   1.3864e-07   3.1687e-08   9.9548e-14
  6.9611e+14    2172.4600   1.0000e+00   1.3864e-07   3.1687e-08   9.9558e-14
  7.2229e+14    2172.4600   1.0000e+00   1.3864e-07   3.1687e-08   9.9568e-14
  7.4945e+14    2172.4600   1.0000e+00   1.3864e-07   3.1687e-08   9.9578e-14
  7.7764e+14    2172.4600   1.0000e+00   1.3864e-07   3.1687e-08   9.9588e-14
  8.0688e+14    2172.4600   1.0000e+00   1.3864e-07   3.1687e-08   9.9598e-14
  8.3722e+14    2172.4600   1.0000e+00   1.3864e-07   3.1687e-08   9.9609e-14
  8.6870e+14    2172.4600   1.0000e+00   1.3864e-07   3.1687e-08   9.9619e-14
  9.0137e+14    2172.4600   1.0000e+00   1.3864e-07   3.1687e-08   9.9629e-14
  9.3527e+14    2172.4600   1.0000e+00   1.3864e-07   3.1687e-08   9.9639e-14
  9.7044e+14    2172.4600   1.0000e+00   1.3864e-07   3.1687e-08   9.9649e-14
  1.0069e+15    2172.4600   1.0000e+00   1.3864e-07   3.1687e-08   9.9659e-14
  1.0448e+15    2172.4600   1.0000e+00   1.3864e-07   3.1687e-08   9.9669e-14
  1.0841e+15    2172.4600   1.0000e+00   1.3864e-07   3.1687e-08   9.9680e-14
  1.1249e+15    2172.4600   1.0000e+00   1.3864e-07   3.1687e-08   9.9690e-14
  1.1672e+15    2172.4600   1.0000e+00   1.3864e-07   3.1687e-08   9.9700e-14
  1.2110e+15    2172.4600   1.0000e+00   1.3864e-07   3.1687e-08   9.9710e-14
  1.2566e+15    2172.4600   1.0000e+00   1.3864e-07   3.1687e-08   9.9720e-14
  1.3038e+15    2172.4600   1.0000e+00   1.3864e-07   3.1687e-08   9.9730e-14
  1.3529e+15    2172.4600   1.0000e+00   1.3864e-07   3.1687e-08   9.9740e-14
  1.4037e+15    2172.4600   1.0000e+00   1.3864e-07   3.1687e-08   9.9750e-14
  1.4565e+15    2172.4600   1.0000e+00   1.3864e-07   3.1687e-08   9.9761e-14
  1.5113e+15    2172.4600   1.0000e+00   1.3864e-07   3.1687e-08   9.9771e-14
  1.5681e+15    2172.4590   1.0000e+00   1.3864e-07   3.1687e-08   9.9781e-14
  1.6271e+15    2172.4590   1.0000e+00   1.3864e-07   3.1687e-08   9.9791e-14
  1.6883e+15    2172.4590   1.0000e+00   1.3864e-07   3.1687e-08   9.9801e-14
  1.7518e+15    2172.4590   1.0000e+00   1.3864e-07   3.1687e-08   9.9811e-14
  1.8177e+15    2172.4590   1.0000e+00   1.3864e-07   3.1687e-08   9.9821e-14
  1.8860e+15    2172.4590   1.0000e+00   1.3864e-07   3.1687e-08   9.9832e-14
  1.9569e+15    2172.4590   1.0000e+00   1.3864e-07   3.1687e-08   9.9842e-14
  2.0305e+15    2172.4590   1.0000e+00   1.3864e-07   3.1687e-08   9.9852e-14
  2.1069e+15    2172.4590   1.0000e+00   1.3864e-07   3.1687e-08   9.9862e-14
  2.1861e+15    2172.4590   1.0000e+00   1.3864e-07   3.1687e-08   9.9872e-14
  2.2683e+15    2172.4590   1.0000e+00   1.3864e-07   3.1687e-08   9.9882e-14
  2.3536e+15    2172.4590   1.0000e+00   1.3864e-07   3.1687e-08   9.9893e-14
  2.4421e+15    2172.4590   1.0000e+00   1.3864e-07   3.1687e-08   9.9903e-14
  2.5340e+15    2172.4590   1.0000e+00   1.3864e-07   3.1687e-08   9.9913e-14
  2.6293e+15    2172.4590   1.0000e+00   1.3864e-07   3.1687e-08   9.9923e-14
  2.7281e+15    2172.4590   1.0000e+00   1.3864e-07   3.1687e-08   9.9933e-14
  2.8307e+15    2172.4590   1.0000e+00   1.3864e-07   3.1687e-08   9.9944e-14
  2.9372e+15    2172.4590   1.0000e+00   1.3864e-07   3.1687e-08   9.9954e-14
  3.0476e+15    2172.4590   1.0000e+00   1.3864e-07   3.1687e-08   9.9964e-14
  3.1622e+15    2172.4590   1.0000e+00   1.3864e-07   3.1687e-08   9.9974e-14
  3.2812e+15    2172.4580   1.0000e+00   1.3864e-07   3.1687e-08   9.9984e-14
  3.4045e+15    2172.4580   1.0000e+00   1.3864e-07   3.1687e-08   9.9994e-14
  3.5326e+15    2172.4580   1.0000e+00   1.3864e-07   3.1687e-08   1.0000e-13
  3.6654e+15    2172.4580   1.0000e+00   1.3864e-07   3.1687e-08   1.0001e-13
  3.8032e+15    2172.4580   1.0000e+00   1.3864e-07   3.1687e-08   1.0003e-13
  3.9463e+15    2172.4580   1.0000e+00   1.3864e-07   3.1687e-08   1.0004e-13
  4.0947e+15    2172.4580   1.0000e+00   1.3864e-07   3.1687e-08   1.0005e-13
  4.2486e+15    2172.4580   1.0000e+00   1.3864e-07   3.1687e-08   1.0006e-13
  4.4084e+15    2172.4580   1.0000e+00   1.3864e-07   3.1687e-08   1.0007e-13
  4.5742e+15    2172.4580   1.0000e+00   1.3864e-07   3.1687e-08   1.0008e-13
  4.7462e+15    2172.4580   1.0000e+00   1.3864e-07   3.1687e-08   1.0009e-13
  4.9247e+15    2172.4570   1.0000e+00   1.3864e-07   3.1687e-08   1.0010e-13
  5.1099e+15    2172.4570   1.0000e+00   1.3864e-07   3.1687e-08   1.0011e-13
  5.3020e+15    2172.4570   1.0000e+00   1.3864e-07   3.1687e-08   1.0012e-13
  5.5014e+15    2172.4570   1.0000e+00   1.3864e-07   3.1687e-08   1.0013e-13
  5.7083e+15    2172.4570   1.0000e+00   1.3864e-07   3.1687e-08   1.0014e-13
  5.9230e+15    2172.4570   1.0000e+00   1.3864e-07   3.1687e-08   1.0015e-13
  6.1457e+15    2172.4570   1.0000e+00   1.3864e-07   3.1687e-08   1.0016e-13
  6.3768e+15    2172.4570   1.0000e+00   1.3864e-07   3.1687e-08   1.0017e-13
  6.6166e+15    2172.4560   1.0000e+00   1.3864e-07   3.1687e-08   1.0018e-13
  6.8654e+15    2172.4560   1.0000e+00   1.3864e-07   3.1687e-08   1.0019e-13
  7.1236e+15    2172.4560   1.0000e+00   1.3864e-07   3.1687e-08   1.0020e-13
  7.3915e+15    2172.4560   1.0000e+00   1.3864e-07   3.1687e-08   1.0021e-13
  7.6694e+15    2172.4560   1.0000e+00   1.3864e-07   3.1687e-08   1.0022e-13
  7.9579e+15    2172.4560   1.0000e+00   1.3864e-07   3.1688e-08   1.0023e-13
  8.2571e+15    2172.4550   1.0000e+00   1.3864e-07   3.1688e-08   1.0024e-13
  8.5676e+15    2172.4550   1.0000e+00   1.3864e-07   3.1688e-08   1.0025e-13
  8.8898e+15    2172.4550   1.0000e+00   1.3864e-07   3.1688e-08   1.0026e-13
  9.2241e+15    2172.4550   1.0000e+00   1.3864e-07   3.1688e-08   1.0027e-13
  9.5710e+15    2172.4550   1.0000e+00   1.3864e-07   3.1688e-08   1.0028e-13
  9.9309e+15    2172.4540   1.0000e+00   1.3864e-07   3.1688e-08   1.0029e-13
  1.0304e+16    2172.4540   1.0000e+00   1.3864e-07   3.1688e-08   1.0030e-13
  1.0692e+16    2172.4540   1.0000e+00   1.3864e-07   3.1688e-08   1.0031e-13
  1.1094e+16    2172.4540   1.0000e+00   1.3864e-07   3.1688e-08   1.0032e-13
  1.1511e+16    2172.4530   1.0000e+00   1.3864e-07   3.1688e-08   1.0033e-13
  1.1944e+16    2172.4530   1.0000e+00   1.3864e-07   3.1688e-08   1.0034e-13
  1.2393e+16    2172.4530   1.0000e+00   1.3864e-07   3.1688e-08   1.0035e-13
  1.2859e+16    2172.4530   1.0000e+00   1.3864e-07   3.1688e-08   1.0036e-13
  1.3343e+16    2172.4520   1.0000e+00   1.3864e-07   3.1688e-08   1.0038e-13
  1.3844e+16    2172.4520   1.0000e+00   1.3864e-07   3.1688e-08   1.0039e-13
  1.4365e+16    2172.4520   1.0000e+00   1.3864e-07   3.1688e-08   1.0040e-13
  1.4905e+16    2172.4510   1.0000e+00   1.3864e-07   3.1688e-08   1.0041e-13
  1.5466e+16    2172.4510   1.0000e+00   1.3864e-07   3.1688e-08   1.0042e-13
  1.6047e+16    2172.4510   1.0000e+00   1.3864e-07   3.1688e-08   1.0043e-13
  1.6651e+16    2172.4500   1.0000e+00   1.3864e-07   3.1688e-08   1.0044e-13
  1.7277e+16    2172.4500   1.0000e+00   1.3864e-07   3.1688e-08   1.0045e-13
  1.7927e+16    2172.4490   1.0000e+00   1.3864e-07   3.1688e-08   1.0046e-13
  1.8601e+16    2172.4490   1.0000e+00   1.3865e-07   3.1688e-08   1.0047e-13
  1.9300e+16    2172.4490   1.0000e+00   1.3865e-07   3.1688e-08   1.0048e-13
  2.0026e+16    2172.4480   1.0000e+00   1.3865e-07   3.1688e-08   1.0049e-13
  2.0779e+16    2172.4480   1.0000e+00   1.3865e-07   3.1688e-08   1.0050e-13
  2.1561e+16    2172.4470   1.0000e+00   1.3865e-07   3.1689e-08   1.0051e-13
  2.2371e+16    2172.4470   1.0000e+00   1.3865e-07   3.1689e-08   1.0052e-13
  2.3213e+16    2172.4460   1.0000e+00   1.3865e-07   3.1689e-08   1.0053e-13
  2.4086e+16    2172.4460   1.0000e+00   1.3865e-07   3.1689e-08   1.0054e-13
  2.4991e+16    2172.4450   1.0000e+00   1.3865e-07   3.1689e-08   1.0055e-13
  2.5931e+16    2172.4450   1.0000e+00   1.3865e-07   3.1689e-08   1.0056e-13
  2.6906e+16    2172.4440   1.0000e+00   1.3865e-07   3.1689e-08   1.0057e-13
  2.7918e+16    2172.4430   1.0000e+00   1.3865e-07   3.1689e-08   1.0059e-13
  2.8968e+16    2172.4430   1.0000e+00   1.3865e-07   3.1689e-08   1.0060e-13
  3.0057e+16    2172.4420   1.0000e+00   1.3865e-07   3.1689e-08   1.0061e-13
  3.1188e+16    2172.4410   1.0000e+00   1.3865e-07   3.1689e-08   1.0062e-13
  3.2360e+16    2172.4410   1.0000e+00   1.3865e-07   3.1689e-08   1.0063e-13
  3.3577e+16    2172.4400   1.0000e+00   1.3865e-07   3.1689e-08   1.0064e-13
  3.4840e+16    2172.4390   1.0000e+00   1.3865e-07   3.1690e-08   1.0065e-13
  3.6150e+16    2172.4380   1.0000e+00   1.3865e-07   3.1690e-08   1.0066e-13
  3.7510e+16    2172.4380   1.0000e+00   1.3865e-07   3.1690e-08   1.0067e-13
  3.8920e+16    2172.4370   1.0000e+00   1.3865e-07   3.1690e-08   1.0068e-13
  4.0384e+16    2172.4360   1.0000e+00   1.3865e-07   3.1690e-08   1.0069e-13
  4.1902e+16    2172.4350   1.0000e+00   1.3865e-07   3.1690e-08   1.0070e-13
  4.3478e+16    2172.4340   1.0000e+00   1.3866e-07   3.1690e-08   1.0072e-13
  4.5113e+16    2172.4330   1.0000e+00   1.3866e-07   3.1690e-08   1.0073e-13
  4.6810e+16    2172.4320   1.0000e+00   1.3866e-07   3.1690e-08   1.0074e-13
  4.8570e+16    2172.4310   1.0000e+00   1.3866e-07   3.1691e-08   1.0075e-13
  5.0396e+16    2172.4300   1.0000e+00   1.3866e-07   3.1691e-08   1.0076e-13
  5.2292e+16    2172.4280   1.0000e+00   1.3866e-07   3.1691e-08   1.0077e-13
  5.4258e+16    2172.4270   1.0000e+00   1.3866e-07   3.1691e-08   1.0078e-13
  5.6298e+16    2172.4260   1.0000e+00   1.3866e-07   3.1691e-08   1.0079e-13
  5.8415e+16    2172.4250   1.0000e+00   1.3866e-07   3.1691e-08   1.0080e-13
  6.0612e+16    2172.4230   1.0000e+00   1.3866e-07   3.1691e-08   1.0081e-13
  6.2891e+16    2172.4220   1.0000e+00   1.3866e-07   3.1692e-08   1.0083e-13
  6.5256e+16    2172.4210   1.0000e+00   1.3866e-07   3.1692e-08   1.0084e-13
  6.7710e+16    2172.4190   1.0000e+00   1.3867e-07   3.1692e-08   1.0085e-13
  7.0257e+16    2172.4170   1.0000e+00   1.3867e-07   3.1692e-08   1.0086e-13
  7.2899e+16    2172.4160   1.0000e+00   1.3867e-07   3.1692e-08   1.0087e-13
  7.5640e+16    2172.4140   1.0000e+00   1.3867e-07   3.1692e-08   1.0088e-13
  7.8484e+16    2172.4120   1.0000e+00   1.3867e-07   3.1693e-08   1.0089e-13
  8.1436e+16    2172.4110   1.0000e+00   1.3867e-07   3.1693e-08   1.0091e-13
  8.4498e+16    2172.4090   1.0000e+00   1.3867e-07   3.1693e-08   1.0092e-13
  8.7676e+16    2172.4070   1.0000e+00   1.3867e-07   3.1693e-08   1.0093e-13
  9.0973e+16    2172.4050   1.0000e+00   1.3868e-07   3.1694e-08   1.0094e-13
  9.4394e+16    2172.4030   1.0000e+00   1.3868e-07   3.1694e-08   1.0095e-13
  9.7944e+16    2172.4010   1.0000e+00   1.3868e-07   3.1694e-08   1.0096e-13
  1.0163e+17    2172.3980   1.0000e+00   1.3868e-07   3.1694e-08   1.0098e-13
  1.0545e+17    2172.3960   1.0000e+00   1.3868e-07   3.1694e-08   1.0099e-13
  1.0941e+17    2172.3940   1.0000e+00   1.3868e-07   3.1695e-08   1.0100e-13
  1.1353e+17    2172.3910   1.0000e+00   1.3868e-07   3.1695e-08   1.0101e-13
  1.1780e+17    2172.3880   1.0000e+00   1.3869e-07   3.1695e-08   1.0103e-13
  1.2223e+17    2172.3860   1.0000e+00   1.3869e-07   3.1696e-08   1.0104e-13
  1.2682e+17    2172.3830   1.0000e+00   1.3869e-07   3.1696e-08   1.0105e-13
  1.3159e+17    2172.3800   1.0000e+00   1.3869e-07   3.1696e-08   1.0106e-13
  1.3654e+17    2172.3770   1.0000e+00   1.3869e-07   3.1697e-08   1.0107e-13
  1.4168e+17    2172.3740   1.0000e+00   1.3870e-07   3.1697e-08   1.0109e-13
  1.4700e+17    2172.3710   1.0000e+00   1.3870e-07   3.1697e-08   1.0110e-13
  1.5253e+17    2172.3670   1.0000e+00   1.3870e-07   3.1698e-08   1.0111e-13
  1.5827e+17    2172.3640   1.0000e+00   1.3870e-07   3.1698e-08   1.0113e-13
  1.6422e+17    2172.3600   1.0000e+00   1.3871e-07   3.1699e-08   1.0114e-13
  1.7040e+17    2172.3560   1.0000e+00   1.3871e-07   3.1699e-08   1.0115e-13
  1.7680e+17    2172.3520   1.0000e+00   1.3871e-07   3.1699e-08   1.0116e-13
  1.8345e+17    2172.3480   1.0000e+00   1.3871e-07   3.1700e-08   1.0118e-13
  1.9035e+17    2172.3440   1.0000e+00   1.3872e-07   3.1700e-08   1.0119e-13
  1.9751e+17    2172.3400   1.0000e+00   1.3872e-07   3.1701e-08   1.0120e-13
  2.0494e+17    2172.3350   1.0000e+00   1.3872e-07   3.1701e-08   1.0122e-13
  2.1264e+17    2172.3300   1.0000e+00   1.3873e-07   3.1702e-08   1.0123e-13
  2.2064e+17    2172.3260   1.0000e+00   1.3873e-07   3.1702e-08   1.0125e-13
  2.2894e+17    2172.3200   1.0000e+00   1.3873e-07   3.1703e-08   1.0126e-13
  2.3754e+17    2172.3150   1.0000e+00   1.3874e-07   3.1704e-08   1.0127e-13
  2.4648e+17    2172.3100   1.0000e+00   1.3874e-07   3.1704e-08   1.0129e-13
  2.5575e+17    2172.3040   1.0000e+00   1.3874e-07   3.1705e-08   1.0130e-13
  2.6536e+17    2172.2980   1.0000e+00   1.3875e-07   3.1705e-08   1.0132e-13
  2.7534e+17    2172.2920   1.0000e+00   1.3875e-07   3.1706e-08   1.0133e-13
  2.8570e+17    2172.2860   1.0000e+00   1.3876e-07   3.1707e-08   1.0135e-13
  2.9644e+17    2172.2790   1.0000e+00   1.3876e-07   3.1707e-08   1.0136e-13
  3.0759e+17    2172.2720   1.0000e+00   1.3877e-07   3.1708e-08   1.0138e-13
  3.1916e+17    2172.2650   1.0000e+00   1.3877e-07   3.1709e-08   1.0139e-13
  3.3116e+17    2172.2580   1.0000e+00   1.3878e-07   3.1710e-08   1.0141e-13
  3.4361e+17    2172.2500   1.0000e+00   1.3878e-07   3.1711e-08   1.0143e-13
  3.5653e+17    2172.2420   1.0000e+00   1.3879e-07   3.1711e-08   1.0144e-13
  3.6994e+17    2172.2340   1.0000e+00   1.3879e-07   3.1712e-08   1.0146e-13
  3.8385e+17    2172.2260   1.0000e+00   1.3880e-07   3.1713e-08   1.0147e-13
  3.9829e+17    2172.2170   1.0000e+00   1.3880e-07   3.1714e-08   1.0149e-13
  4.1326e+17    2172.2080   1.0000e+00   1.3881e-07   3.1715e-08   1.0151e-13
  4.2880e+17    2172.1980   1.0000e+00   1.3882e-07   3.1716e-08   1.0153e-13
  4.4493e+17    2172.1880   1.0000e+00   1.3882e-07   3.1717e-08   1.0154e-13
  4.6166e+17    2172.1780   1.0000e+00   1.3883e-07   3.1718e-08   1.0156e-13
  4.7902e+17    2172.1670   1.0000e+00   1.3884e-07   3.1720e-08   1.0158e-13
  4.9704e+17    2172.1560   1.0000e+00   1.3885e-07   3.1721e-08   1.0160e-13
  5.1573e+17    2172.1450   1.0000e+00   1.3885e-07   3.1722e-08   1.0162e-13
  5.3512e+17    2172.1330   1.0000e+00   1.3886e-07   3.1723e-08   1.0164e-13
  5.5524e+17    2172.1210   1.0000e+00   1.3887e-07   3.1725e-08   1.0166e-13
  5.7612e+17    2172.1080   1.0000e+00   1.3888e-07   3.1726e-08   1.0168e-13
  5.9779e+17    2172.0950   1.0000e+00   1.3889e-07   3.1728e-08   1.0170e-13
  6.2027e+17    2172.0810   1.0000e+00   1.3890e-07   3.1729e-08   1.0172e-13
  6.4359e+17    2172.0670   1.0000e+00   1.3891e-07   3.1731e-08   1.0174e-13
  6.6780e+17    2172.0520   1.0000e+00   1.3892e-07   3.1732e-08   1.0176e-13
  6.9291e+17    2172.0370   1.0000e+00   1.3893e-07   3.1734e-08   1.0178e-13
  7.1896e+17    2172.0210   1.0000e+00   1.3894e-07   3.1736e-08   1.0180e-13
  7.4600e+17    2172.0040   1.0000e+00   1.3895e-07   3.1737e-08   1.0183e-13
  7.7406e+17    2171.9870   1.0000e+00   1.3896e-07   3.1739e-08   1.0185e-13
  8.0316e+17    2171.9690   1.0000e+00   1.3897e-07   3.1741e-08   1.0187e-13
  8.3337e+17    2171.9510   1.0000e+00   1.3899e-07   3.1743e-08   1.0190e-13
  8.6471e+17    2171.9310   1.0000e+00   1.3900e-07   3.1745e-08   1.0192e-13
  8.9722e+17    2171.9110   1.0000e+00   1.3901e-07   3.1747e-08   1.0195e-13
  9.3096e+17    2171.8910   1.0000e+00   1.3903e-07   3.1750e-08   1.0197e-13
  9.6597e+17    2171.8690   1.0000e+00   1.3904e-07   3.1752e-08   1.0200e-13
  1.0023e+18    2171.8470   1.0000e+00   1.3906e-07   3.1754e-08   1.0203e-13
  1.0400e+18    2171.8240   1.0000e+00   1.3907e-07   3.1757e-08   1.0205e-13
  1.0791e+18    2171.8000   1.0000e+00   1.3909e-07   3.1759e-08   1.0208e-13
  1.1197e+18    2171.7750   1.0000e+00   1.3911e-07   3.1762e-08   1.0211e-13
  1.1618e+18    2171.7490   1.0000e+00   1.3912e-07   3.1765e-08   1.0214e-13
  1.2055e+18    2171.7230   1.0000e+00   1.3914e-07   3.1768e-08   1.0217e-13
  1.2508e+18    2171.6950   1.0000e+00   1.3916e-07   3.1771e-08   1.0220e-13
  1.2978e+18    2171.6660   1.0000e+00   1.3918e-07   3.1774e-08   1.0223e-13
  1.3466e+18    2171.6360   1.0000e+00   1.3920e-07   3.1777e-08   1.0227e-13
  1.3973e+18    2171.6050   1.0000e+00   1.3922e-07   3.1780e-08   1.0230e-13
  1.4498e+18    2171.5730   1.0000e+00   1.3924e-07   3.1784e-08   1.0234e-13
  1.5044e+18    2171.5390   1.0000e+00   1.3927e-07   3.1787e-08   1.0237e-13
  1.5609e+18    2171.5050   1.0000e+00   1.3929e-07   3.1791e-08   1.0241e-13
  1.6196e+18    2171.4690   1.0000e+00   1.3932e-07   3.1795e-08   1.0244e-13
  1.6805e+18    2171.4310   1.0000e+00   1.3934e-07   3.1799e-08   1.0248e-13
  1.7437e+18    2171.3920   1.0000e+00   1.3937e-07   3.1803e-08   1.0252e-13
  1.8093e+18    2171.3520   1.0000e+00   1.3940e-07   3.1807e-08   1.0256e-13
  1.8773e+18    2171.3100   1.0000e+00   1.3942e-07   3.1812e-08   1.0261e-13
  1.9479e+18    2171.2670   1.0000e+00   1.3945e-07   3.1816e-08   1.0265e-13
  2.0212e+18    2171.2220   1.0000e+00   1.3949e-07   3.1821e-08   1.0269e-13
  2.0972e+18    2171.1750   1.0000e+00   1.3952e-07   3.1826e-08   1.0274e-13
  2.1761e+18    2171.1270   1.0000e+00   1.3955e-07   3.1831e-08   1.0278e-13
  2.2579e+18    2171.0770   1.0000e+00   1.3958e-07   3.1837e-08   1.0283e-13
  2.3428e+18    2171.0250   1.0000e+00   1.3962e-07   3.1842e-08   1.0288e-13
  2.4309e+18    2170.9700   1.0000e+00   1.3966e-07   3.1848e-08   1.0293e-13
  2.5223e+18    2170.9140   1.0000e+00   1.3970e-07   3.1854e-08   1.0299e-13
  2.6172e+18    2170.8560   1.0000e+00   1.3974e-07   3.1860e-08   1.0304e-13
  2.7156e+18    2170.7950   1.0000e+00   1.3978e-07   3.1867e-08   1.0310e-13
  2.8177e+18    2170.7330   1.0000e+00   1.3982e-07   3.1874e-08   1.0316e-13
  2.9237e+18    2170.6670   1.0000e+00   1.3987e-07   3.1880e-08   1.0321e-13
  3.0336e+18    2170.6000   1.0000e+00   1.3991e-07   3.1888e-08   1.0328e-13
  3.1477e+18    2170.5290   1.0000e+00   1.3996e-07   3.1895e-08   1.0334e-13
  3.2660e+18    2170.4570   1.0000e+00   1.4001e-07   3.1903e-08   1.0341e-13
  3.3889e+18    2170.3810   1.0000e+00   1.4006e-07   3.1911e-08   1.0347e-13
  3.5163e+18    2170.3020   1.0000e+00   1.4012e-07   3.1919e-08   1.0354e-13
  3.6485e+18    2170.2210   1.0000e+00   1.4017e-07   3.1928e-08   1.0361e-13
  3.7857e+18    2170.1360   1.0000e+00   1.4023e-07   3.1937e-08   1.0369e-13
  3.9281e+18    2170.0480   1.0000e+00   1.4029e-07   3.1946e-08   1.0377e-13
  4.0758e+18    2169.9570   1.0000e+00   1.4035e-07   3.1956e-08   1.0385e-13
  4.2291e+18    2169.8630   1.0000e+00   1.4042e-07   3.1966e-08   1.0393e-13
  4.3881e+18    2169.7650   1.0000e+00   1.4049e-07   3.1977e-08   1.0401e-13
  4.5531e+18    2169.6630   1.0000e+00   1.4056e-07   3.1987e-08   1.0410e-13
  4.7244e+18    2169.5570   1.0000e+00   1.4063e-07   3.1999e-08   1.0419e-13
  4.9020e+18    2169.4470   1.0000e+00   1.4070e-07   3.2010e-08   1.0429e-13
  5.0864e+18    2169.3330   1.0000e+00   1.4078e-07   3.2022e-08   1.0438e-13
  5.2776e+18    2169.2150   1.0000e+00   1.4086e-07   3.2035e-08   1.0448e-13
  5.4761e+18    2169.0920   1.0000e+00   1.4095e-07   3.2048e-08   1.0459e-13
  5.6820e+18    2168.9650   1.0000e+00   1.4104e-07   3.2062e-08   1.0469e-13
  5.8957e+18    2168.8320   1.0000e+00   1.4113e-07   3.2076e-08   1.0481e-13
  6.1174e+18    2168.6950   1.0000e+00   1.4122e-07   3.2090e-08   1.0492e-13
  6.3475e+18    2168.5520   1.0000e+00   1.4132e-07   3.2105e-08   1.0504e-13
  6.5862e+18    2168.4040   1.0000e+00   1.4142e-07   3.2121e-08   1.0516e-13
  6.8338e+18    2168.2500   1.0000e+00   1.4153e-07   3.2137e-08   1.0529e-13
  7.0908e+18    2168.0910   1.0000e+00   1.4164e-07   3.2154e-08   1.0542e-13
  7.3575e+18    2167.9250   1.0000e+00   1.4175e-07   3.2172e-08   1.0556e-13
  7.6341e+18    2167.7530   1.0000e+00   1.4187e-07   3.2190e-08   1.0570e-13
  7.9212e+18    2167.5750   1.0000e+00   1.4200e-07   3.2209e-08   1.0585e-13
  8.2191e+18    2167.3890   1.0000e+00   1.4213e-07   3.2229e-08   1.0600e-13
  8.5282e+18    2167.1970   1.0000e+00   1.4226e-07   3.2249e-08   1.0616e-13
  8.8489e+18    2166.9970   1.0000e+00   1.4240e-07   3.2270e-08   1.0633e-13
  9.1816e+18    2166.7890   1.0000e+00   1.4254e-07   3.2292e-08   1.0650e-13
  9.5269e+18    2166.5740   1.0000e+00   1.4269e-07   3.2315e-08   1.0667e-13
  9.8852e+18    2166.3500   1.0000e+00   1.4285e-07   3.2339e-08   1.0686e-13
  1.0257e+19    2166.1180   1.0000e+00   1.4301e-07   3.2364e-08   1.0705e-13
  1.0643e+19    2165.8760   1.0000e+00   1.4318e-07   3.2389e-08   1.0724e-13
  1.1043e+19    2165.6260   1.0000e+00   1.4335e-07   3.2416e-08   1.0745e-13
  1.1458e+19    2165.3660   1.0000e+00   1.4353e-07   3.2443e-08   1.0766e-13
  1.1889e+19    2165.0950   1.0000e+00   1.4372e-07   3.2472e-08   1.0788e-13
  1.2336e+19    2164.8150   1.0000e+00   1.4391e-07   3.2502e-08   1.0811e-13
  1.2800e+19    2164.5230   1.0000e+00   1.4412e-07   3.2533e-08   1.0834e-13
  1.3281e+19    2164.2210   1.0000e+00   1.4433e-07   3.2565e-08   1.0859e-13
  1.3781e+19    2163.9060   1.0000e+00   1.4455e-07   3.2598e-08   1.0885e-13
  1.4299e+19    2163.5800   1.0000e+00   1.4478e-07   3.2633e-08   1.0911e-13
  1.4837e+19    2163.2410   1.0000e+00   1.4502e-07   3.2669e-08   1.0939e-13
  1.5395e+19    2162.8880   1.0000e+00   1.4526e-07   3.2706e-08   1.0967e-13
  1.5974e+19    2162.5220   1.0000e+00   1.4552e-07   3.2745e-08   1.0997e-13
  1.6574e+19    2162.1420   1.0000e+00   1.4579e-07   3.2785e-08   1.1028e-13
  1.7198e+19    2161.7470   1.0000e+00   1.4606e-07   3.2827e-08   1.1060e-13
  1.7844e+19    2161.3370   1.0000e+00   1.4635e-07   3.2871e-08   1.1093e-13
  1.8515e+19    2160.9110   1.0000e+00   1.4665e-07   3.2916e-08   1.1128e-13
  1.9212e+19    2160.4680   1.0000e+00   1.4697e-07   3.2963e-08   1.1164e-13
  1.9934e+19    2160.0080   1.0000e+00   1.4729e-07   3.3011e-08   1.1202e-13
  2.0684e+19    2159.5310   1.0000e+00   1.4763e-07   3.3062e-08   1.1241e-13
  2.1461e+19    2159.0340   1.0000e+00   1.4798e-07   3.3115e-08   1.1281e-13
  2.2268e+19    2158.5180   1.0000e+00   1.4835e-07   3.3170e-08   1.1324e-13
  2.3106e+19    2157.9820   1.0000e+00   1.4873e-07   3.3227e-08   1.1368e-13
  2.3975e+19    2157.4250   1.0000e+00   1.4913e-07   3.3286e-08   1.1413e-13
  2.4876e+19    2156.8460   1.0000e+00   1.4954e-07   3.3347e-08   1.1461e-13
  2.5812e+19    2156.2440   1.0000e+00   1.4997e-07   3.3411e-08   1.1511e-13
  2.6782e+19    2155.6190   1.0000e+00   1.5042e-07   3.3478e-08   1.1562e-13
  2.7790e+19    2154.9690   1.0000e+00   1.5089e-07   3.3547e-08   1.1616e-13
  2.8835e+19    2154.2940   1.0000e+00   1.5137e-07   3.3619e-08   1.1672e-13
  2.9919e+19    2153.5920   1.0000e+00   1.5188e-07   3.3694e-08   1.1730e-13
  3.1044e+19    2152.8620   1.0000e+00   1.5241e-07   3.3771e-08   1.1791e-13
  3.2211e+19    2152.1040   1.0000e+00   1.5296e-07   3.3852e-08   1.1855e-13
  3.3423e+19    2151.3160   1.0000e+00   1.5353e-07   3.3936e-08   1.1921e-13
  3.4680e+19    2150.4960   1.0000e+00   1.5413e-07   3.4024e-08   1.1990e-13
  3.5984e+19    2149.6440   1.0000e+00   1.5476e-07   3.4115e-08   1.2062e-13
  3.7337e+19    2148.7590   1.0000e+00   1.5541e-07   3.4210e-08   1.2137e-13
  3.8741e+19    2147.8380   1.0000e+00   1.5609e-07   3.4308e-08   1.2216e-13
  4.0198e+19    2146.8800   1.0000e+00   1.5679e-07   3.4411e-08   1.2297e-13
  4.1709e+19    2145.8850   1.0000e+00   1.5753e-07   3.4518e-08   1.2383e-13
  4.3278e+19    2144.8500   1.0000e+00   1.5830e-07   3.4629e-08   1.2472e-13
  4.4905e+19    2143.7740   1.0000e+00   1.5911e-07   3.4745e-08   1.2566e-13
  4.6594e+19    2142.6550   1.0000e+00   1.5995e-07   3.4866e-08   1.2663e-13
  4.8346e+19    2141.4910   1.0000e+00   1.6083e-07   3.4991e-08   1.2765e-13
  5.0164e+19    2140.2800   1.0000e+00   1.6175e-07   3.5122e-08   1.2872e-13
  5.2051e+19    2139.0220   1.0000e+00   1.6271e-07   3.5258e-08   1.2983e-13
  5.4008e+19    2137.7130   1.0000e+00   1.6371e-07   3.5400e-08   1.3100e-13
  5.6039e+19    2136.3520   1.0000e+00   1.6476e-07   3.5548e-08   1.3222e-13
  5.8146e+19    2134.9360   1.0000e+00   1.6585e-07   3.5702e-08   1.3350e-13
  6.0333e+19    2133.4630   1.0000e+00   1.6700e-07   3.5863e-08   1.3485e-13
  6.2602e+19    2131.9310   1.0000e+00   1.6820e-07   3.6030e-08   1.3625e-13
  6.4956e+19    2130.3380   1.0000e+00   1.6946e-07   3.6205e-08   1.3773e-13
  6.7399e+19    2128.6810   1.0000e+00   1.7078e-07   3.6387e-08   1.3928e-13
  6.9933e+19    2126.9570   1.0000e+00   1.7216e-07   3.6577e-08   1.4090e-13
  7.2563e+19    2125.1640   1.0000e+00   1.7361e-07   3.6776e-08   1.4260e-13
  7.5292e+19    2123.2980   1.0000e+00   1.7512e-07   3.6983e-08   1.4440e-13
  7.8123e+19    2121.3580   1.0000e+00   1.7671e-07   3.7199e-08   1.4628e-13
  8.1061e+19    2119.3390   1.0000e+00   1.7838e-07   3.7424e-08   1.4826e-13
  8.4109e+19    2117.2390   1.0000e+00   1.8014e-07   3.7659e-08   1.5034e-13
  8.7272e+19    2115.0540   1.0000e+00   1.8198e-07   3.7905e-08   1.5253e-13
  9.0554e+19    2112.7820   1.0000e+00   1.8392e-07   3.8162e-08   1.5484e-13
  9.3959e+19    2110.4170   1.0000e+00   1.8595e-07   3.8431e-08   1.5728e-13
  9.7493e+19    2107.9580   1.0000e+00   1.8810e-07   3.8711e-08   1.5985e-13
  1.0116e+20    2105.3990   1.0000e+00   1.9035e-07   3.9005e-08   1.6255e-13
  1.0496e+20    2102.7370   1.0000e+00   1.9273e-07   3.9312e-08   1.6542e-13
  1.0891e+20    2099.9670   1.0000e+00   1.9523e-07   3.9633e-08   1.6844e-13
  1.1301e+20    2097.0870   1.0000e+00   1.9787e-07   3.9969e-08   1.7164e-13
  1.1726e+20    2094.0900   1.0000e+00   2.0066e-07   4.0321e-08   1.7502e-13
  1.2166e+20    2090.9720   1.0000e+00   2.0360e-07   4.0689e-08   1.7860e-13
  1.2624e+20    2087.7290   1.0000e+00   2.0671e-07   4.1075e-08   1.8240e-13
  1.3099e+20    2084.3550   1.0000e+00   2.1000e-07   4.1479e-08   1.8643e-13
  1.3591e+20    2080.8440   1.0000e+00   2.1347e-07   4.1903e-08   1.9070e-13
  1.4102e+20    2077.1950   1.0000e+00   2.1717e-07   4.2347e-08   1.9526e-13
  1.4633e+20    2073.3990   1.0000e+00   2.2108e-07   4.2814e-08   2.0009e-13
  1.5183e+20    2069.4500   1.0000e+00   2.2523e-07   4.3303e-08   2.0524e-13
  1.5754e+20    2065.3420   1.0000e+00   2.2965e-07   4.3817e-08   2.1073e-13
  1.6346e+20    2061.0710   1.0000e+00   2.3434e-07   4.4357e-08   2.1659e-13
  1.6961e+20    2056.6290   1.0000e+00   2.3933e-07   4.4924e-08   2.2285e-13
  1.7599e+20    2052.0090   1.0000e+00   2.4466e-07   4.5521e-08   2.2954e-13
  1.8261e+20    2047.2060   1.0000e+00   2.5034e-07   4.6148e-08   2.3671e-13
  1.8947e+20    2042.2110   1.0000e+00   2.5641e-07   4.6809e-08   2.4439e-13
  1.9660e+20    2037.0180   1.0000e+00   2.6290e-07   4.7504e-08   2.5264e-13
  2.0399e+20    2031.6200   1.0000e+00   2.6986e-07   4.8237e-08   2.6151e-13
  2.1166e+20    2026.0080   1.0000e+00   2.7733e-07   4.9010e-08   2.7106e-13
  2.1962e+20    2020.1750   1.0000e+00   2.8536e-07   4.9825e-08   2.8135e-13
  2.2788e+20    2014.1120   1.0000e+00   2.9400e-07   5.0685e-08   2.9247e-13
  2.3645e+20    2007.8110   1.0000e+00   3.0332e-07   5.1594e-08   3.0450e-13
  2.4534e+20    2001.2630   1.0000e+00   3.1339e-07   5.2554e-08   3.1753e-13
  2.5457e+20    1994.4600   1.0000e+00   3.2430e-07   5.3570e-08   3.3168e-13
  2.6414e+20    1987.3920   1.0000e+00   3.3613e-07   5.4645e-08   3.4706e-13
  2.7408e+20    1980.0510   1.0000e+00   3.4899e-07   5.5784e-08   3.6383e-13
  2.8438e+20    1972.4250   1.0000e+00   3.6302e-07   5.6991e-08   3.8213e-13
  2.9508e+20    1964.5070   1.0000e+00   3.7835e-07   5.8272e-08   4.0217e-13
  3.0617e+20    1956.2850   1.0000e+00   3.9515e-07   5.9631e-08   4.2414e-13
  3.1769e+20    1947.7490   1.0000e+00   4.1362e-07   6.1076e-08   4.4830e-13
  3.2963e+20    1938.8890   1.0000e+00   4.3399e-07   6.2613e-08   4.7494e-13
  3.4203e+20    1929.6940   1.0000e+00   4.5653e-07   6.4249e-08   5.0438e-13
  3.5489e+20    1920.1540   1.0000e+00   4.8158e-07   6.5993e-08   5.3701e-13
  3.6824e+20    1910.2570   1.0000e+00   5.0952e-07   6.7853e-08   5.7329e-13
  3.8208e+20    1899.9940   1.0000e+00   5.4082e-07   6.9839e-08   6.1375e-13
  3.9645e+20    1889.3490   1.0000e+00   5.7606e-07   7.1962e-08   6.5904e-13
  4.1136e+20    1878.3140   1.0000e+00   6.1596e-07   7.4234e-08   7.0991e-13
  4.2683e+20    1866.8770   1.0000e+00   6.6137e-07   7.6669e-08   7.6728e-13
  4.4288e+20    1855.0250   1.0000e+00   7.1342e-07   7.9280e-08   8.3226e-13
  4.5954e+20    1842.7450   1.0000e+00   7.7349e-07   8.2086e-08   9.0619e-13
  4.7682e+20    1830.0240   1.0000e+00   8.4337e-07   8.5103e-08   9.9074e-13
  4.9475e+20    1816.8480   1.0000e+00   9.2540e-07   8.8352e-08   1.0880e-12
  5.1335e+20    1803.2010   1.0000e+00   1.0227e-06   9.1857e-08   1.2005e-12
  5.3266e+20    1789.0680   1.0000e+00   1.1393e-06   9.5644e-08   1.3316e-12
  5.5269e+20    1774.4240   1.0000e+00   1.2811e-06   9.9740e-08   1.4857e-12
  5.7347e+20    1759.2510   1.0000e+00   1.4561e-06   1.0418e-07   1.6685e-12
  5.9504e+20    1743.5170   1.0000e+00   1.6758e-06   1.0900e-07   1.8878e-12
  6.1741e+20    1727.1870   9.9999e-01   1.9576e-06   1.1424e-07   2.1545e-12
  6.4063e+20    1710.2140   9.9999e-01   2.3282e-06   1.1996e-07   2.4848e-12
  6.6472e+20    1692.5360   9.9999e-01   2.8306e-06   1.2620e-07   2.9032e-12
  6.8972e+20    1674.0680   9.9999e-01   3.5379e-06   1.3304e-07   3.4494e-12
  7.1566e+20    1654.6920   9.9999e-01   4.5821e-06   1.4055e-07   4.1929e-12
  7.4257e+20    1634.2360   9.9999e-01   6.2220e-06   1.4883e-07   5.2663e-12
  7.7049e+20    1612.4270   9.9998e-01   9.0170e-06   1.5800e-07   6.9520e-12
  7.9947e+20    1588.7850   9.9997e-01   1.4332e-05   1.6820e-07   9.9308e-12
  8.2953e+20    1562.3220   9.9995e-01   2.5908e-05   1.7969e-07   1.6044e-11
  8.6072e+20    1531.0500   9.9989e-01   5.3549e-05   1.9286e-07   2.9994e-11
  8.9309e+20    1493.4680   9.9978e-01   1.1052e-04   2.0815e-07   5.7571e-11
  9.2668e+20    1451.8260   9.9960e-01   1.9695e-04   2.2576e-07   9.7851e-11
  9.6152e+20    1408.5750   9.9938e-01   3.0934e-04   2.4581e-07   1.4735e-10
  9.9768e+20    1364.2860   9.9909e-01   4.5342e-04   2.6865e-07   2.0665e-10
  1.0352e+21    1318.9590   9.9871e-01   6.4162e-04   2.9479e-07   2.7844e-10
  1.0741e+21    1272.6170   9.9821e-01   8.9185e-04   3.2483e-07   3.6599e-10
  1.1145e+21    1225.3800   9.9754e-01   1.2293e-03   3.5953e-07   4.7313e-10
  1.1564e+21    1177.4510   9.9662e-01   1.6899e-03   3.9982e-07   6.0438e-10
  1.1999e+21    1129.0900   9.9535e-01   2.3249e-03   4.4686e-07   7.6523e-10
  1.2450e+21    1080.5990   9.9358e-01   3.2085e-03   5.0207e-07   9.6242e-10
  1.2919e+21    1032.2950   9.9110e-01   4.4481e-03   5.6730e-07   1.2042e-09
  1.3404e+21     984.7012   9.8760e-01   6.1960e-03   6.4483e-07   1.5018e-09
  1.3909e+21     938.2917   9.8265e-01   8.6700e-03   7.3761e-07   1.8695e-09
  1.4432e+21     892.7901   9.7561e-01   1.2193e-02   8.4977e-07   2.3189e-09
  1.4974e+21     848.2688   9.6555e-01   1.7221e-02   9.8671e-07   2.8609e-09
  1.5537e+21     804.7966   9.5122e-01   2.4388e-02   1.1557e-06   3.5040e-09
  1.6122e+21     762.2978   9.3090e-01   3.4545e-02   1.3665e-06   4.2412e-09
  1.6728e+21     720.3713   9.0240e-01   4.8795e-02   1.6326e-06   5.0322e-09
  1.7357e+21     678.4691   8.6312e-01   6.8435e-02   1.9720e-06   5.7774e-09
  1.8010e+21     635.5938   8.1039e-01   9.4797e-02   2.4080e-06   6.2763e-09
  1.8687e+21     590.1544   7.4236e-01   1.2881e-01   2.9700e-06   6.2136e-09
  1.9390e+21     540.0987   6.6000e-01   1.6999e-01   3.6956e-06   5.3029e-09
  2.0119e+21     483.3851   5.7040e-01   2.1479e-01   4.6442e-06   3.6771e-09
  2.0875e+21     422.8846   4.8667e-01   2.5665e-01   5.9057e-06   2.3251e-09
  2.1660e+21     367.4690   4.1481e-01   2.9258e-01   7.5523e-06   1.9271e-09
  2.2475e+21     321.5409   3.5048e-01   3.2474e-01   9.6277e-06   2.1446e-09
  2.3320e+21     284.0888   2.9036e-01   3.5480e-01   1.2200e-05   2.5604e-09
  2.4197e+21     253.1994   2.3481e-01   3.8258e-01   1.5366e-05   3.0390e-09
  2.5107e+21     227.5204   1.8573e-01   4.0713e-01   1.9015e-05   3.5333e-09
  2.6051e+21     205.5657   1.4440e-01   4.2779e-01   2.3057e-05   4.0699e-09
  2.7031e+21     186.5854   1.1095e-01   4.4452e-01   2.7881e-05   4.7155e-09
  2.8047e+21     169.8714   8.4563e-02   4.5771e-01   3.3578e-05   5.4795e-09
  2.9102e+21     154.9456   6.4095e-02   4.6795e-01   4.0180e-05   6.4310e-09
  3.0196e+21     141.5244   4.8362e-02   4.7582e-01   4.7612e-05   7.7140e-09
  3.1332e+21     129.3899   3.6324e-02   4.8184e-01   5.5652e-05   9.2774e-09
  3.2510e+21     118.3801   2.7132e-02   4.8643e-01   6.3914e-05   1.1151e-08
  3.3733e+21     108.3929   2.0127e-02   4.8994e-01   7.1893e-05   1.3424e-08
  3.5001e+21      99.3785   1.4806e-02   4.9260e-01   7.9081e-05   1.6374e-08
  3.6317e+21      91.4164   1.0785e-02   4.9461e-01   8.5098e-05   1.9870e-08
  3.7683e+21      84.2922   7.7772e-03   4.9611e-01   8.9810e-05   2.4167e-08
  3.9100e+21      77.9815   5.5517e-03   4.9722e-01   9.3274e-05   2.9418e-08
  4.0571e+21      72.4500   3.9245e-03   4.9804e-01   9.5687e-05   3.6311e-08
  4.2096e+21      67.6548   2.7494e-03   4.9863e-01   9.7293e-05   4.6391e-08
  4.3679e+21      63.5508   1.9109e-03   4.9904e-01   9.8318e-05   6.2040e-08
  4.5322e+21      60.0932   1.3196e-03   4.9934e-01   9.8944e-05   8.7364e-08
  4.7026e+21      57.2352   9.0742e-04   4.9955e-01   9.9299e-05   1.3129e-07
  4.8795e+21      54.9233   6.2349e-04   4.9969e-01   9.9457e-05   2.1241e-07
  5.0629e+21      53.0913   4.3030e-04   4.9978e-01   9.9437e-05   3.7305e-07
  5.2533e+21      51.6527   3.0048e-04   4.9985e-01   9.9175e-05   7.1763e-07
  5.4509e+21      50.4756   2.1418e-04   4.9989e-01   9.8376e-05   1.5639e-06
  5.6559e+21      49.2706   1.5679e-04   4.9992e-01   9.5863e-05   4.1035e-06
  5.8686e+21      47.1951   1.1581e-04   4.9994e-01   8.6331e-05   1.3651e-05
  6.0892e+21      44.1458   7.9622e-05   4.9996e-01   6.1224e-05   3.8767e-05
  6.3182e+21      42.7851   5.0281e-05   4.9997e-01   3.3313e-05   6.6683e-05
  6.5558e+21      43.0326   3.2871e-05   4.9998e-01   1.6383e-05   8.3615e-05
  6.8024e+21      43.7410   2.3953e-05   4.9999e-01   8.3817e-06   9.1617e-05
  7.0582e+21      44.4613   1.9426e-05   4.9999e-01   4.7797e-06   9.5220e-05
  7.3236e+21      45.0963   1.7054e-05   4.9999e-01   3.0875e-06   9.6912e-05
  7.5990e+21      45.6445   1.5783e-05   4.9999e-01   2.2321e-06   9.7768e-05
  7.8848e+21      46.1228   1.5102e-05   4.9999e-01   1.7587e-06   9.8241e-05
  8.1813e+21      46.5480   1.4760e-05   4.9999e-01   1.4692e-06   9.8530e-05
  8.4889e+21      46.9329   1.4639e-05   4.9999e-01   1.2769e-06   9.8723e-05
  8.8081e+21      47.2871   1.4686e-05   4.9999e-01   1.1390e-06   9.8860e-05
  9.1394e+21      47.6168   1.4895e-05   4.9999e-01   1.0297e-06   9.8970e-05
  9.4831e+21      47.9266   1.5265e-05   4.9999e-01   9.3161e-07   9.9067e-05
  9.8397e+21      48.2212   1.5824e-05   4.9999e-01   8.3288e-07   9.9165e-05
  1.0210e+22      49.0559   1.3631e-05   4.9988e-01   9.1610e-07   9.9079e-05
  1.0594e+22      49.7003   1.1414e-05   4.9982e-01   1.2700e-06   9.8709e-05
  1.0992e+22      50.0864   1.0697e-05   4.9980e-01   1.7213e-06   9.8206e-05
  1.1405e+22      50.4051   1.0496e-05   4.9980e-01   2.0990e-06   9.7695e-05
  1.1834e+22      50.7054   1.0357e-05   4.9979e-01   2.2258e-06   9.7286e-05
  1.2279e+22      51.0076   1.0120e-05   4.9979e-01   2.0873e-06   9.6931e-05
  1.2741e+22      51.3228   9.7655e-06   4.9979e-01   1.7845e-06   9.6504e-05
  1.3220e+22      51.6618   9.3638e-06   4.9979e-01   1.4470e-06   9.5886e-05
  1.3717e+22      52.0901   9.0497e-06   4.9979e-01   1.2126e-06   9.4617e-05
  1.4233e+22      53.7887   9.5071e-06   4.9976e-01   2.6495e-06   8.2224e-05
  1.4768e+22      54.7156   9.8623e-06   4.9971e-01   4.5601e-06   6.5216e-05
  1.5324e+22      55.3575   9.7958e-06   4.9967e-01   5.0292e-06   4.9253e-05
  1.5900e+22      55.9888   9.5804e-06   4.9962e-01   4.8820e-06   3.3501e-05
