#Jup Flux
   1    8.454e-10
   2    1.378e-08
   3    4.798e-08
   4    8.416e-08
   5    1.004e-07
   6    9.218e-08
   7    6.535e-08
   8    3.381e-08
   9    1.211e-08
  10    4.806e-09
  11    2.428e-09
  12    1.290e-09
  13    6.939e-10
  14    3.606e-10
  15    1.744e-10
  16    9.531e-11
  17    5.049e-11
  18    2.636e-11
  19    1.341e-11
  20    6.735e-12
  21    3.315e-12
  22    1.600e-12
  23    7.556e-13
  24    3.496e-13
  25    1.586e-13
  26    7.047e-14
  27    3.068e-14
  28    1.309e-14
  29    5.470e-15
  30    2.232e-15
  31    8.973e-16
  32    3.530e-16
  33    1.367e-16
  34    5.188e-17
  35    1.930e-17
  36    7.036e-18
  37    2.515e-18
  38    8.888e-19
  39    3.056e-19
  40    1.024e-19
  41    3.391e-20
  42    3.324e-21
  43    0.000e+00
  44    0.000e+00
  45    0.000e+00
  46    0.000e+00
  47    0.000e+00
  48    0.000e+00
  49    0.000e+00
  50    0.000e+00
  51    0.000e+00
  52    0.000e+00
  53    0.000e+00
  54    0.000e+00
  55    0.000e+00
  56    0.000e+00
  57    0.000e+00
  58    0.000e+00
  59    0.000e+00
  60    0.000e+00
  61    0.000e+00
  62    0.000e+00
  63    0.000e+00
  64    0.000e+00
  65    0.000e+00
  66    0.000e+00
  67    0.000e+00
  68    0.000e+00
  69    0.000e+00
  70    0.000e+00
  71    0.000e+00
  72    0.000e+00
  73    0.000e+00
  74    0.000e+00
  75    0.000e+00
  76    0.000e+00
  77    0.000e+00
  78    0.000e+00
  79    0.000e+00
  80    0.000e+00