#Jup Flux
   1    8.996e-10
   2    2.012e-08
   3    9.277e-08
   4    2.122e-07
   5    3.190e-07
   6    3.487e-07
   7    2.823e-07
   8    1.833e-07
   9    1.180e-07
  10    8.389e-08
  11    6.263e-08
  12    4.760e-08
  13    3.637e-08
  14    2.805e-08
  15    2.170e-08
  16    1.744e-08
  17    1.410e-08
  18    1.152e-08
  19    9.458e-09
  20    7.833e-09
  21    6.457e-09
  22    5.335e-09
  23    4.410e-09
  24    3.647e-09
  25    3.019e-09
  26    2.496e-09
  27    2.061e-09
  28    1.698e-09
  29    1.398e-09
  30    1.147e-09
  31    9.394e-10
  32    7.666e-10
  33    6.245e-10
  34    5.072e-10
  35    4.109e-10
  36    3.319e-10
  37    2.673e-10
  38    2.150e-10
  39    1.728e-10
  40    1.387e-10
  41    1.110e-10
  42    8.895e-11
  43    7.120e-11
  44    5.693e-11
  45    4.547e-11
  46    3.629e-11
  47    2.892e-11
  48    2.303e-11
  49    1.832e-11
  50    1.456e-11
  51    1.156e-11
  52    9.168e-12
  53    7.267e-12
  54    5.757e-12
  55    4.553e-12
  56    3.602e-12
  57    2.847e-12
  58    2.248e-12
  59    1.774e-12
  60    1.400e-12
  61    1.103e-12
  62    8.689e-13
  63    6.842e-13
  64    5.388e-13
  65    4.240e-13
  66    3.333e-13
  67    2.619e-13
  68    2.058e-13
  69    1.613e-13
  70    1.263e-13
  71    9.868e-14
  72    7.685e-14
  73    5.953e-14
  74    4.577e-14
  75    3.478e-14
  76    2.597e-14
  77    1.882e-14
  78    1.293e-14
  79    8.000e-15
  80    3.761e-15