# N, Tdust, PE, H2vib, H2form, dust, OI, CII, CO, CI
   1.0e-5     1.3e-5
   0.570E+14   0.119E+03   0.813E-16   0.291E-17   0.899E-19  -0.308E-16  -0.430E-16  -0.288E-18  -0.176E-24  -0.187E-24
   0.765E+14   0.119E+03   0.813E-16   0.291E-17   0.899E-19  -0.308E-16  -0.430E-16  -0.288E-18  -0.173E-24  -0.187E-24
   0.103E+15   0.119E+03   0.813E-16   0.291E-17   0.899E-19  -0.308E-16  -0.430E-16  -0.288E-18  -0.173E-24  -0.187E-24
   0.138E+15   0.119E+03   0.813E-16   0.291E-17   0.899E-19  -0.308E-16  -0.430E-16  -0.288E-18  -0.173E-24  -0.187E-24
   0.184E+15   0.119E+03   0.813E-16   0.291E-17   0.899E-19  -0.308E-16  -0.430E-16  -0.288E-18  -0.173E-24  -0.187E-24
   0.247E+15   0.119E+03   0.813E-16   0.291E-17   0.898E-19  -0.308E-16  -0.430E-16  -0.288E-18  -0.173E-24  -0.187E-24
   0.332E+15   0.119E+03   0.813E-16   0.291E-17   0.899E-19  -0.308E-16  -0.430E-16  -0.288E-18  -0.173E-24  -0.187E-24
   0.445E+15   0.119E+03   0.813E-16   0.291E-17   0.899E-19  -0.308E-16  -0.430E-16  -0.288E-18  -0.173E-24  -0.187E-24
   0.597E+15   0.119E+03   0.813E-16   0.291E-17   0.900E-19  -0.307E-16  -0.430E-16  -0.288E-18  -0.173E-24  -0.187E-24
   0.801E+15   0.119E+03   0.813E-16   0.291E-17   0.899E-19  -0.308E-16  -0.430E-16  -0.288E-18  -0.173E-24  -0.187E-24
   0.107E+16   0.119E+03   0.813E-16   0.291E-17   0.899E-19  -0.308E-16  -0.430E-16  -0.288E-18  -0.173E-24  -0.187E-24
   0.144E+16   0.119E+03   0.813E-16   0.291E-17   0.899E-19  -0.308E-16  -0.430E-16  -0.288E-18  -0.173E-24  -0.187E-24
   0.193E+16   0.119E+03   0.813E-16   0.292E-17   0.900E-19  -0.307E-16  -0.430E-16  -0.288E-18  -0.173E-24  -0.187E-24
   0.259E+16   0.119E+03   0.813E-16   0.291E-17   0.900E-19  -0.307E-16  -0.430E-16  -0.288E-18  -0.173E-24  -0.187E-24
   0.348E+16   0.119E+03   0.813E-16   0.291E-17   0.899E-19  -0.308E-16  -0.430E-16  -0.287E-18  -0.173E-24  -0.187E-24
   0.466E+16   0.119E+03   0.813E-16   0.291E-17   0.899E-19  -0.308E-16  -0.430E-16  -0.287E-18  -0.173E-24  -0.187E-24
   0.625E+16   0.119E+03   0.812E-16   0.291E-17   0.898E-19  -0.308E-16  -0.429E-16  -0.287E-18  -0.173E-24  -0.187E-24
   0.838E+16   0.119E+03   0.813E-16   0.291E-17   0.899E-19  -0.308E-16  -0.430E-16  -0.287E-18  -0.173E-24  -0.187E-24
   0.112E+17   0.119E+03   0.812E-16   0.291E-17   0.899E-19  -0.308E-16  -0.430E-16  -0.287E-18  -0.173E-24  -0.187E-24
   0.151E+17   0.119E+03   0.812E-16   0.291E-17   0.899E-19  -0.308E-16  -0.430E-16  -0.288E-18  -0.174E-24  -0.187E-24
   0.202E+17   0.119E+03   0.812E-16   0.291E-17   0.898E-19  -0.308E-16  -0.429E-16  -0.287E-18  -0.175E-24  -0.187E-24
   0.271E+17   0.119E+03   0.813E-16   0.291E-17   0.899E-19  -0.308E-16  -0.430E-16  -0.288E-18  -0.176E-24  -0.187E-24
   0.364E+17   0.119E+03   0.813E-16   0.291E-17   0.899E-19  -0.308E-16  -0.430E-16  -0.287E-18  -0.176E-24  -0.187E-24
   0.488E+17   0.119E+03   0.812E-16   0.291E-17   0.899E-19  -0.308E-16  -0.429E-16  -0.287E-18  -0.177E-24  -0.187E-24
   0.655E+17   0.119E+03   0.812E-16   0.291E-17   0.899E-19  -0.308E-16  -0.430E-16  -0.287E-18  -0.178E-24  -0.187E-24
   0.878E+17   0.119E+03   0.812E-16   0.291E-17   0.899E-19  -0.308E-16  -0.430E-16  -0.287E-18  -0.179E-24  -0.187E-24
   0.118E+18   0.119E+03   0.812E-16   0.291E-17   0.899E-19  -0.308E-16  -0.430E-16  -0.287E-18  -0.179E-24  -0.187E-24
   0.158E+18   0.119E+03   0.812E-16   0.291E-17   0.899E-19  -0.308E-16  -0.430E-16  -0.287E-18  -0.180E-24  -0.187E-24
   0.212E+18   0.119E+03   0.812E-16   0.292E-17   0.901E-19  -0.307E-16  -0.430E-16  -0.287E-18  -0.181E-24  -0.187E-24
   0.284E+18   0.119E+03   0.812E-16   0.292E-17   0.901E-19  -0.307E-16  -0.430E-16  -0.287E-18  -0.182E-24  -0.187E-24
   0.381E+18   0.119E+03   0.812E-16   0.292E-17   0.902E-19  -0.307E-16  -0.430E-16  -0.287E-18  -0.183E-24  -0.187E-24
   0.511E+18   0.119E+03   0.811E-16   0.292E-17   0.902E-19  -0.307E-16  -0.430E-16  -0.287E-18  -0.183E-24  -0.186E-24
   0.686E+18   0.119E+03   0.811E-16   0.292E-17   0.903E-19  -0.306E-16  -0.430E-16  -0.287E-18  -0.184E-24  -0.186E-24
   0.920E+18   0.119E+03   0.810E-16   0.293E-17   0.904E-19  -0.306E-16  -0.430E-16  -0.287E-18  -0.185E-24  -0.186E-24
   0.123E+19   0.119E+03   0.809E-16   0.293E-17   0.906E-19  -0.306E-16  -0.430E-16  -0.287E-18  -0.186E-24  -0.186E-24
   0.165E+19   0.119E+03   0.809E-16   0.294E-17   0.908E-19  -0.305E-16  -0.430E-16  -0.288E-18  -0.186E-24  -0.186E-24
   0.222E+19   0.119E+03   0.808E-16   0.294E-17   0.911E-19  -0.304E-16  -0.430E-16  -0.287E-18  -0.187E-24  -0.186E-24
   0.298E+19   0.119E+03   0.806E-16   0.295E-17   0.914E-19  -0.304E-16  -0.430E-16  -0.287E-18  -0.188E-24  -0.186E-24
   0.399E+19   0.119E+03   0.804E-16   0.296E-17   0.918E-19  -0.303E-16  -0.429E-16  -0.287E-18  -0.190E-24  -0.185E-24
   0.535E+19   0.119E+03   0.802E-16   0.298E-17   0.924E-19  -0.301E-16  -0.430E-16  -0.287E-18  -0.191E-24  -0.185E-24
   0.718E+19   0.119E+03   0.799E-16   0.300E-17   0.931E-19  -0.299E-16  -0.429E-16  -0.287E-18  -0.193E-24  -0.185E-24
   0.963E+19   0.119E+03   0.795E-16   0.302E-17   0.940E-19  -0.297E-16  -0.429E-16  -0.287E-18  -0.196E-24  -0.184E-24
   0.129E+20   0.119E+03   0.790E-16   0.305E-17   0.951E-19  -0.294E-16  -0.429E-16  -0.287E-18  -0.199E-24  -0.184E-24
   0.173E+20   0.119E+03   0.784E-16   0.309E-17   0.965E-19  -0.290E-16  -0.429E-16  -0.287E-18  -0.203E-24  -0.184E-24
   0.232E+20   0.119E+03   0.776E-16   0.314E-17   0.984E-19  -0.286E-16  -0.429E-16  -0.287E-18  -0.209E-24  -0.183E-24
   0.312E+20   0.119E+03   0.767E-16   0.321E-17   0.101E-18  -0.280E-16  -0.428E-16  -0.287E-18  -0.217E-24  -0.183E-24
   0.418E+20   0.118E+03   0.755E-16   0.330E-17   0.104E-18  -0.273E-16  -0.428E-16  -0.287E-18  -0.227E-24  -0.183E-24
   0.561E+20   0.118E+03   0.741E-16   0.341E-17   0.108E-18  -0.263E-16  -0.427E-16  -0.287E-18  -0.242E-24  -0.184E-24
   0.734E+20   0.118E+03   0.725E-16   0.355E-17   0.113E-18  -0.254E-16  -0.426E-16  -0.287E-18  -0.261E-24  -0.185E-24
   0.906E+20   0.117E+03   0.711E-16   0.368E-17   0.117E-18  -0.244E-16  -0.425E-16  -0.287E-18  -0.281E-24  -0.186E-24
   0.108E+21   0.117E+03   0.697E-16   0.382E-17   0.122E-18  -0.236E-16  -0.424E-16  -0.287E-18  -0.302E-24  -0.188E-24
   0.125E+21   0.117E+03   0.684E-16   0.396E-17   0.127E-18  -0.228E-16  -0.423E-16  -0.287E-18  -0.324E-24  -0.190E-24
   0.143E+21   0.116E+03   0.672E-16   0.410E-17   0.131E-18  -0.220E-16  -0.422E-16  -0.287E-18  -0.348E-24  -0.193E-24
   0.160E+21   0.116E+03   0.661E-16   0.424E-17   0.136E-18  -0.213E-16  -0.421E-16  -0.287E-18  -0.373E-24  -0.196E-24
   0.177E+21   0.116E+03   0.650E-16   0.438E-17   0.141E-18  -0.206E-16  -0.421E-16  -0.287E-18  -0.401E-24  -0.199E-24
   0.194E+21   0.115E+03   0.640E-16   0.452E-17   0.145E-18  -0.199E-16  -0.420E-16  -0.287E-18  -0.430E-24  -0.202E-24
   0.212E+21   0.115E+03   0.630E-16   0.467E-17   0.150E-18  -0.193E-16  -0.419E-16  -0.287E-18  -0.462E-24  -0.206E-24
   0.229E+21   0.115E+03   0.620E-16   0.482E-17   0.155E-18  -0.187E-16  -0.418E-16  -0.286E-18  -0.495E-24  -0.210E-24
   0.246E+21   0.114E+03   0.611E-16   0.497E-17   0.160E-18  -0.182E-16  -0.417E-16  -0.286E-18  -0.531E-24  -0.214E-24
   0.264E+21   0.114E+03   0.603E-16   0.512E-17   0.165E-18  -0.176E-16  -0.416E-16  -0.286E-18  -0.569E-24  -0.219E-24
   0.281E+21   0.114E+03   0.594E-16   0.528E-17   0.170E-18  -0.171E-16  -0.415E-16  -0.286E-18  -0.608E-24  -0.224E-24
   0.298E+21   0.113E+03   0.586E-16   0.544E-17   0.175E-18  -0.166E-16  -0.414E-16  -0.286E-18  -0.651E-24  -0.229E-24
   0.315E+21   0.113E+03   0.578E-16   0.560E-17   0.180E-18  -0.162E-16  -0.413E-16  -0.286E-18  -0.696E-24  -0.234E-24
   0.333E+21   0.113E+03   0.571E-16   0.577E-17   0.185E-18  -0.158E-16  -0.412E-16  -0.286E-18  -0.744E-24  -0.240E-24
   0.350E+21   0.112E+03   0.563E-16   0.594E-17   0.190E-18  -0.153E-16  -0.411E-16  -0.286E-18  -0.795E-24  -0.246E-24
   0.367E+21   0.112E+03   0.556E-16   0.611E-17   0.195E-18  -0.150E-16  -0.410E-16  -0.286E-18  -0.850E-24  -0.252E-24
   0.385E+21   0.112E+03   0.550E-16   0.629E-17   0.200E-18  -0.146E-16  -0.409E-16  -0.286E-18  -0.908E-24  -0.259E-24
   0.402E+21   0.111E+03   0.543E-16   0.646E-17   0.205E-18  -0.142E-16  -0.408E-16  -0.286E-18  -0.970E-24  -0.266E-24
   0.419E+21   0.111E+03   0.536E-16   0.665E-17   0.210E-18  -0.139E-16  -0.407E-16  -0.286E-18  -0.104E-23  -0.274E-24
   0.436E+21   0.111E+03   0.530E-16   0.684E-17   0.214E-18  -0.136E-16  -0.406E-16  -0.286E-18  -0.111E-23  -0.281E-24
   0.454E+21   0.110E+03   0.524E-16   0.702E-17   0.219E-18  -0.133E-16  -0.405E-16  -0.286E-18  -0.118E-23  -0.290E-24
   0.471E+21   0.110E+03   0.518E-16   0.721E-17   0.224E-18  -0.130E-16  -0.404E-16  -0.285E-18  -0.126E-23  -0.298E-24
   0.488E+21   0.110E+03   0.513E-16   0.741E-17   0.228E-18  -0.128E-16  -0.404E-16  -0.285E-18  -0.135E-23  -0.307E-24
   0.506E+21   0.109E+03   0.507E-16   0.761E-17   0.233E-18  -0.125E-16  -0.403E-16  -0.285E-18  -0.144E-23  -0.317E-24
   0.523E+21   0.109E+03   0.502E-16   0.781E-17   0.237E-18  -0.123E-16  -0.402E-16  -0.285E-18  -0.154E-23  -0.326E-24
   0.540E+21   0.109E+03   0.496E-16   0.802E-17   0.241E-18  -0.121E-16  -0.401E-16  -0.285E-18  -0.165E-23  -0.337E-24
   0.557E+21   0.108E+03   0.491E-16   0.822E-17   0.245E-18  -0.119E-16  -0.400E-16  -0.285E-18  -0.177E-23  -0.348E-24
   0.575E+21   0.108E+03   0.486E-16   0.844E-17   0.249E-18  -0.117E-16  -0.399E-16  -0.285E-18  -0.190E-23  -0.359E-24
   0.592E+21   0.108E+03   0.481E-16   0.865E-17   0.253E-18  -0.116E-16  -0.398E-16  -0.285E-18  -0.203E-23  -0.371E-24
   0.609E+21   0.107E+03   0.477E-16   0.886E-17   0.257E-18  -0.114E-16  -0.397E-16  -0.285E-18  -0.218E-23  -0.383E-24
   0.627E+21   0.107E+03   0.472E-16   0.908E-17   0.260E-18  -0.113E-16  -0.397E-16  -0.285E-18  -0.234E-23  -0.396E-24
   0.644E+21   0.107E+03   0.468E-16   0.930E-17   0.263E-18  -0.111E-16  -0.396E-16  -0.285E-18  -0.252E-23  -0.411E-24
   0.661E+21   0.107E+03   0.463E-16   0.953E-17   0.266E-18  -0.110E-16  -0.395E-16  -0.285E-18  -0.271E-23  -0.425E-24
   0.679E+21   0.106E+03   0.459E-16   0.974E-17   0.269E-18  -0.109E-16  -0.394E-16  -0.285E-18  -0.292E-23  -0.440E-24
   0.696E+21   0.106E+03   0.455E-16   0.997E-17   0.272E-18  -0.108E-16  -0.393E-16  -0.285E-18  -0.315E-23  -0.455E-24
   0.713E+21   0.106E+03   0.451E-16   0.102E-16   0.275E-18  -0.107E-16  -0.393E-16  -0.285E-18  -0.340E-23  -0.472E-24
   0.730E+21   0.105E+03   0.447E-16   0.104E-16   0.277E-18  -0.106E-16  -0.392E-16  -0.285E-18  -0.368E-23  -0.489E-24
   0.748E+21   0.105E+03   0.443E-16   0.107E-16   0.279E-18  -0.105E-16  -0.391E-16  -0.285E-18  -0.398E-23  -0.506E-24
   0.765E+21   0.105E+03   0.439E-16   0.109E-16   0.281E-18  -0.104E-16  -0.390E-16  -0.285E-18  -0.432E-23  -0.525E-24
   0.782E+21   0.104E+03   0.435E-16   0.111E-16   0.283E-18  -0.104E-16  -0.390E-16  -0.284E-18  -0.469E-23  -0.544E-24
   0.800E+21   0.104E+03   0.432E-16   0.113E-16   0.285E-18  -0.103E-16  -0.389E-16  -0.284E-18  -0.511E-23  -0.564E-24
   0.817E+21   0.104E+03   0.428E-16   0.116E-16   0.287E-18  -0.103E-16  -0.388E-16  -0.284E-18  -0.558E-23  -0.585E-24
   0.834E+21   0.104E+03   0.425E-16   0.118E-16   0.288E-18  -0.102E-16  -0.387E-16  -0.284E-18  -0.612E-23  -0.608E-24
   0.851E+21   0.103E+03   0.421E-16   0.120E-16   0.290E-18  -0.102E-16  -0.387E-16  -0.284E-18  -0.672E-23  -0.631E-24
   0.869E+21   0.103E+03   0.418E-16   0.122E-16   0.291E-18  -0.101E-16  -0.386E-16  -0.284E-18  -0.741E-23  -0.655E-24
   0.886E+21   0.103E+03   0.415E-16   0.125E-16   0.292E-18  -0.101E-16  -0.385E-16  -0.284E-18  -0.819E-23  -0.680E-24
   0.903E+21   0.102E+03   0.412E-16   0.127E-16   0.293E-18  -0.101E-16  -0.385E-16  -0.284E-18  -0.910E-23  -0.708E-24
   0.921E+21   0.102E+03   0.409E-16   0.129E-16   0.294E-18  -0.100E-16  -0.384E-16  -0.284E-18  -0.102E-22  -0.736E-24
   0.938E+21   0.102E+03   0.406E-16   0.131E-16   0.295E-18  -0.100E-16  -0.384E-16  -0.284E-18  -0.114E-22  -0.766E-24
   0.955E+21   0.102E+03   0.403E-16   0.133E-16   0.295E-18  -0.100E-16  -0.383E-16  -0.284E-18  -0.129E-22  -0.797E-24
   0.972E+21   0.101E+03   0.400E-16   0.135E-16   0.296E-18  -0.999E-17  -0.382E-16  -0.284E-18  -0.147E-22  -0.829E-24
   0.990E+21   0.101E+03   0.398E-16   0.137E-16   0.296E-18  -0.996E-17  -0.382E-16  -0.284E-18  -0.168E-22  -0.863E-24
   0.101E+22   0.101E+03   0.395E-16   0.139E-16   0.297E-18  -0.994E-17  -0.381E-16  -0.284E-18  -0.195E-22  -0.900E-24
   0.102E+22   0.100E+03   0.393E-16   0.141E-16   0.297E-18  -0.992E-17  -0.380E-16  -0.284E-18  -0.227E-22  -0.938E-24
   0.104E+22   0.100E+03   0.391E-16   0.143E-16   0.298E-18  -0.990E-17  -0.380E-16  -0.284E-18  -0.269E-22  -0.979E-24
   0.106E+22   0.998E+02   0.389E-16   0.145E-16   0.298E-18  -0.988E-17  -0.379E-16  -0.284E-18  -0.321E-22  -0.103E-23
   0.108E+22   0.996E+02   0.387E-16   0.147E-16   0.298E-18  -0.985E-17  -0.378E-16  -0.284E-18  -0.389E-22  -0.107E-23
   0.109E+22   0.993E+02   0.385E-16   0.149E-16   0.299E-18  -0.981E-17  -0.378E-16  -0.284E-18  -0.479E-22  -0.112E-23
   0.111E+22   0.990E+02   0.384E-16   0.150E-16   0.299E-18  -0.977E-17  -0.377E-16  -0.284E-18  -0.598E-22  -0.118E-23
   0.113E+22   0.988E+02   0.383E-16   0.152E-16   0.300E-18  -0.971E-17  -0.376E-16  -0.284E-18  -0.759E-22  -0.125E-23
   0.115E+22   0.985E+02   0.383E-16   0.154E-16   0.301E-18  -0.963E-17  -0.376E-16  -0.284E-18  -0.979E-22  -0.132E-23
   0.116E+22   0.982E+02   0.383E-16   0.155E-16   0.302E-18  -0.952E-17  -0.375E-16  -0.284E-18  -0.128E-21  -0.141E-23
   0.118E+22   0.980E+02   0.384E-16   0.157E-16   0.303E-18  -0.939E-17  -0.374E-16  -0.283E-18  -0.169E-21  -0.151E-23
   0.120E+22   0.977E+02   0.385E-16   0.158E-16   0.305E-18  -0.921E-17  -0.373E-16  -0.283E-18  -0.224E-21  -0.162E-23
   0.121E+22   0.975E+02   0.388E-16   0.160E-16   0.308E-18  -0.898E-17  -0.372E-16  -0.283E-18  -0.297E-21  -0.177E-23
   0.123E+22   0.972E+02   0.391E-16   0.162E-16   0.311E-18  -0.871E-17  -0.371E-16  -0.283E-18  -0.389E-21  -0.194E-23
   0.125E+22   0.969E+02   0.395E-16   0.164E-16   0.316E-18  -0.841E-17  -0.369E-16  -0.283E-18  -0.499E-21  -0.214E-23
   0.127E+22   0.967E+02   0.400E-16   0.166E-16   0.321E-18  -0.809E-17  -0.368E-16  -0.283E-18  -0.624E-21  -0.236E-23
   0.128E+22   0.964E+02   0.404E-16   0.169E-16   0.328E-18  -0.776E-17  -0.366E-16  -0.283E-18  -0.759E-21  -0.259E-23
   0.130E+22   0.962E+02   0.409E-16   0.172E-16   0.334E-18  -0.746E-17  -0.365E-16  -0.283E-18  -0.903E-21  -0.286E-23
   0.132E+22   0.959E+02   0.412E-16   0.175E-16   0.343E-18  -0.716E-17  -0.363E-16  -0.282E-18  -0.106E-20  -0.312E-23
   0.134E+22   0.957E+02   0.416E-16   0.179E-16   0.351E-18  -0.689E-17  -0.362E-16  -0.282E-18  -0.123E-20  -0.341E-23
   0.135E+22   0.954E+02   0.419E-16   0.182E-16   0.360E-18  -0.663E-17  -0.360E-16  -0.282E-18  -0.141E-20  -0.370E-23
   0.137E+22   0.952E+02   0.421E-16   0.186E-16   0.369E-18  -0.639E-17  -0.359E-16  -0.282E-18  -0.160E-20  -0.402E-23
   0.139E+22   0.949E+02   0.424E-16   0.191E-16   0.378E-18  -0.617E-17  -0.357E-16  -0.282E-18  -0.179E-20  -0.434E-23
   0.140E+22   0.947E+02   0.426E-16   0.195E-16   0.388E-18  -0.595E-17  -0.356E-16  -0.281E-18  -0.200E-20  -0.469E-23
   0.142E+22   0.944E+02   0.427E-16   0.200E-16   0.399E-18  -0.574E-17  -0.354E-16  -0.281E-18  -0.222E-20  -0.503E-23
   0.144E+22   0.942E+02   0.429E-16   0.205E-16   0.410E-18  -0.554E-17  -0.352E-16  -0.281E-18  -0.245E-20  -0.540E-23
   0.146E+22   0.940E+02   0.430E-16   0.210E-16   0.422E-18  -0.535E-17  -0.351E-16  -0.281E-18  -0.269E-20  -0.581E-23
   0.147E+22   0.937E+02   0.431E-16   0.215E-16   0.435E-18  -0.517E-17  -0.349E-16  -0.281E-18  -0.294E-20  -0.621E-23
   0.149E+22   0.935E+02   0.432E-16   0.221E-16   0.447E-18  -0.500E-17  -0.347E-16  -0.280E-18  -0.320E-20  -0.664E-23
   0.151E+22   0.933E+02   0.433E-16   0.227E-16   0.460E-18  -0.484E-17  -0.346E-16  -0.280E-18  -0.348E-20  -0.710E-23
   0.153E+22   0.930E+02   0.434E-16   0.233E-16   0.474E-18  -0.468E-17  -0.344E-16  -0.280E-18  -0.377E-20  -0.756E-23
   0.154E+22   0.928E+02   0.434E-16   0.238E-16   0.487E-18  -0.453E-17  -0.342E-16  -0.280E-18  -0.408E-20  -0.806E-23
   0.156E+22   0.926E+02   0.435E-16   0.244E-16   0.502E-18  -0.438E-17  -0.341E-16  -0.280E-18  -0.439E-20  -0.858E-23
   0.158E+22   0.923E+02   0.435E-16   0.250E-16   0.515E-18  -0.425E-17  -0.339E-16  -0.279E-18  -0.473E-20  -0.913E-23
   0.159E+22   0.921E+02   0.435E-16   0.256E-16   0.530E-18  -0.412E-17  -0.337E-16  -0.279E-18  -0.508E-20  -0.971E-23
   0.161E+22   0.919E+02   0.435E-16   0.262E-16   0.545E-18  -0.399E-17  -0.335E-16  -0.279E-18  -0.544E-20  -0.103E-22
   0.163E+22   0.917E+02   0.435E-16   0.268E-16   0.559E-18  -0.388E-17  -0.333E-16  -0.279E-18  -0.583E-20  -0.110E-22
   0.165E+22   0.914E+02   0.434E-16   0.274E-16   0.573E-18  -0.376E-17  -0.332E-16  -0.279E-18  -0.623E-20  -0.116E-22
   0.166E+22   0.912E+02   0.434E-16   0.279E-16   0.588E-18  -0.366E-17  -0.330E-16  -0.278E-18  -0.665E-20  -0.124E-22
   0.168E+22   0.910E+02   0.434E-16   0.284E-16   0.601E-18  -0.356E-17  -0.328E-16  -0.278E-18  -0.711E-20  -0.131E-22
   0.170E+22   0.908E+02   0.433E-16   0.290E-16   0.616E-18  -0.346E-17  -0.326E-16  -0.278E-18  -0.755E-20  -0.139E-22
   0.172E+22   0.905E+02   0.432E-16   0.294E-16   0.628E-18  -0.337E-17  -0.324E-16  -0.278E-18  -0.806E-20  -0.148E-22
   0.173E+22   0.903E+02   0.432E-16   0.298E-16   0.642E-18  -0.328E-17  -0.323E-16  -0.277E-18  -0.855E-20  -0.157E-22
   0.175E+22   0.901E+02   0.431E-16   0.303E-16   0.655E-18  -0.319E-17  -0.321E-16  -0.277E-18  -0.907E-20  -0.167E-22
   0.177E+22   0.899E+02   0.431E-16   0.306E-16   0.667E-18  -0.311E-17  -0.319E-16  -0.277E-18  -0.963E-20  -0.178E-22
   0.179E+22   0.897E+02   0.430E-16   0.309E-16   0.679E-18  -0.304E-17  -0.317E-16  -0.277E-18  -0.102E-19  -0.189E-22
   0.180E+22   0.895E+02   0.429E-16   0.312E-16   0.691E-18  -0.296E-17  -0.315E-16  -0.276E-18  -0.108E-19  -0.201E-22
   0.182E+22   0.893E+02   0.428E-16   0.314E-16   0.702E-18  -0.289E-17  -0.313E-16  -0.276E-18  -0.113E-19  -0.214E-22
   0.184E+22   0.891E+02   0.428E-16   0.316E-16   0.713E-18  -0.282E-17  -0.311E-16  -0.276E-18  -0.120E-19  -0.228E-22
   0.185E+22   0.889E+02   0.427E-16   0.317E-16   0.722E-18  -0.276E-17  -0.310E-16  -0.275E-18  -0.126E-19  -0.244E-22
   0.187E+22   0.887E+02   0.426E-16   0.318E-16   0.732E-18  -0.269E-17  -0.308E-16  -0.275E-18  -0.132E-19  -0.260E-22
   0.189E+22   0.885E+02   0.425E-16   0.318E-16   0.740E-18  -0.263E-17  -0.306E-16  -0.275E-18  -0.139E-19  -0.278E-22
   0.191E+22   0.883E+02   0.424E-16   0.318E-16   0.748E-18  -0.257E-17  -0.304E-16  -0.275E-18  -0.145E-19  -0.297E-22
   0.229E+22   0.842E+02   0.389E-16   0.323E-16   0.780E-18  -0.215E-17  -0.293E-16  -0.272E-18  -0.313E-19  -0.881E-22
   0.267E+22   0.808E+02   0.365E-16   0.127E-16   0.644E-18  -0.136E-17  -0.241E-16  -0.262E-18  -0.282E-19  -0.235E-21
   0.305E+22   0.781E+02   0.328E-16   0.168E-17   0.269E-18  -0.995E-18  -0.187E-16  -0.251E-18  -0.196E-19  -0.409E-21
   0.343E+22   0.759E+02   0.278E-16   0.222E-18   0.904E-19  -0.889E-18  -0.152E-16  -0.240E-18  -0.279E-19  -0.692E-21
   0.381E+22   0.742E+02   0.228E-16   0.332E-19   0.331E-19  -0.808E-18  -0.129E-16  -0.223E-18  -0.403E-19  -0.128E-20
   0.419E+22   0.730E+02   0.180E-16   0.540E-20   0.134E-19  -0.715E-18  -0.109E-16  -0.193E-18  -0.498E-19  -0.249E-20
   0.457E+22   0.720E+02   0.135E-16   0.916E-21   0.590E-20  -0.594E-18  -0.904E-17  -0.144E-18  -0.541E-19  -0.462E-20
   0.495E+22   0.714E+02   0.948E-17   0.161E-21   0.275E-20  -0.447E-18  -0.703E-17  -0.836E-19  -0.700E-19  -0.730E-20
   0.533E+22   0.709E+02   0.630E-17   0.303E-22   0.134E-20  -0.309E-18  -0.500E-17  -0.349E-19  -0.111E-18  -0.923E-20
   0.571E+22   0.705E+02   0.422E-17   0.654E-23   0.673E-21  -0.212E-18  -0.336E-17  -0.105E-19  -0.210E-18  -0.957E-20
   0.609E+22   0.703E+02   0.305E-17   0.163E-23   0.346E-21  -0.152E-18  -0.223E-17  -0.231E-20  -0.421E-18  -0.822E-20
   0.647E+22   0.701E+02   0.233E-17   0.460E-24   0.181E-21  -0.108E-18  -0.144E-17  -0.404E-21  -0.635E-18  -0.574E-20
   0.685E+22   0.700E+02   0.177E-17   0.154E-24   0.955E-22  -0.792E-19  -0.990E-18  -0.849E-22  -0.607E-18  -0.418E-20
   0.723E+22   0.699E+02   0.132E-17   0.601E-25   0.510E-22  -0.588E-19  -0.738E-18  -0.259E-22  -0.457E-18  -0.384E-20
   0.761E+22   0.698E+02   0.968E-18   0.257E-25   0.275E-22  -0.413E-19  -0.556E-18  -0.953E-23  -0.326E-18  -0.386E-20
   0.799E+22   0.698E+02   0.706E-18   0.117E-25   0.149E-22  -0.258E-19  -0.413E-18  -0.389E-23  -0.238E-18  -0.379E-20
   0.837E+22   0.697E+02   0.514E-18   0.558E-26   0.812E-23  -0.121E-19  -0.301E-18  -0.188E-23  -0.182E-18  -0.353E-20
   0.875E+22   0.697E+02   0.375E-18   0.277E-26   0.445E-23  -0.427E-21  -0.218E-18  -0.115E-23  -0.145E-18  -0.314E-20
   0.913E+22   0.697E+02   0.273E-18   0.141E-26   0.245E-23   0.945E-20  -0.158E-18  -0.858E-24  -0.118E-18  -0.270E-20
   0.951E+22   0.697E+02   0.198E-18   0.734E-27   0.135E-23   0.176E-19  -0.115E-18  -0.720E-24  -0.978E-19  -0.228E-20
   0.989E+22   0.697E+02   0.143E-18   0.388E-27   0.751E-24   0.244E-19  -0.844E-19  -0.637E-24  -0.819E-19  -0.188E-20
   0.103E+23   0.697E+02   0.103E-18   0.208E-27   0.418E-24   0.300E-19  -0.626E-19  -0.579E-24  -0.696E-19  -0.152E-20
   0.106E+23   0.697E+02   0.735E-19   0.112E-27   0.233E-24   0.344E-19  -0.476E-19  -0.537E-24  -0.601E-19  -0.120E-20
   0.110E+23   0.697E+02   0.523E-19   0.613E-28   0.130E-24   0.378E-19  -0.370E-19  -0.503E-24  -0.528E-19  -0.926E-21
   0.114E+23   0.697E+02   0.370E-19   0.338E-28   0.731E-25   0.402E-19  -0.301E-19  -0.479E-24  -0.470E-19  -0.699E-21
   0.118E+23   0.697E+02   0.261E-19   0.187E-28   0.411E-25   0.421E-19  -0.251E-19  -0.460E-24  -0.423E-19  -0.516E-21
   0.122E+23   0.697E+02   0.184E-19   0.104E-28   0.231E-25   0.433E-19  -0.219E-19  -0.445E-24  -0.387E-19  -0.374E-21
   0.125E+23   0.697E+02   0.130E-19   0.585E-29   0.130E-25   0.442E-19  -0.196E-19  -0.435E-24  -0.356E-19  -0.267E-21
   0.129E+23   0.697E+02   0.913E-20   0.329E-29   0.737E-26   0.448E-19  -0.180E-19  -0.427E-24  -0.331E-19  -0.188E-21
   0.133E+23   0.697E+02   0.642E-20   0.186E-29   0.417E-26   0.451E-19  -0.168E-19  -0.421E-24  -0.311E-19  -0.132E-21
   0.137E+23   0.697E+02   0.452E-20   0.105E-29   0.237E-26   0.455E-19  -0.158E-19  -0.416E-24  -0.293E-19  -0.914E-22
   0.141E+23   0.697E+02   0.318E-20   0.595E-30   0.134E-26   0.459E-19  -0.147E-19  -0.412E-24  -0.277E-19  -0.631E-22
   0.144E+23   0.697E+02   0.224E-20   0.338E-30   0.764E-27   0.462E-19  -0.137E-19  -0.409E-24  -0.262E-19  -0.433E-22
   0.148E+23   0.697E+02   0.157E-20   0.192E-30   0.435E-27   0.466E-19  -0.126E-19  -0.406E-24  -0.246E-19  -0.296E-22
   0.152E+23   0.697E+02   0.111E-20   0.109E-30   0.248E-27   0.473E-19  -0.113E-19  -0.403E-24  -0.230E-19  -0.201E-22
   0.156E+23   0.697E+02   0.777E-21   0.618E-31   0.142E-27   0.481E-19  -0.988E-20  -0.398E-24  -0.213E-19  -0.135E-22
   0.160E+23   0.697E+02   0.547E-21   0.351E-31   0.809E-28   0.490E-19  -0.853E-20  -0.391E-24  -0.197E-19  -0.904E-23
   0.163E+23   0.697E+02   0.386E-21   0.199E-31   0.463E-28   0.500E-19  -0.720E-20  -0.377E-24  -0.183E-19  -0.596E-23
   0.167E+23   0.697E+02   0.275E-21   0.113E-31   0.265E-28   0.507E-19  -0.619E-20  -0.359E-24  -0.171E-19  -0.388E-23
   0.171E+23   0.697E+02   0.197E-21   0.646E-32   0.152E-28   0.513E-19  -0.535E-20  -0.334E-24  -0.161E-19  -0.249E-23
   0.175E+23   0.697E+02   0.142E-21   0.369E-32   0.872E-29   0.514E-19  -0.489E-20  -0.306E-24  -0.156E-19  -0.158E-23
   0.179E+23   0.697E+02   0.103E-21   0.211E-32   0.501E-29   0.512E-19  -0.467E-20  -0.275E-24  -0.153E-19  -0.994E-24
   0.182E+23   0.697E+02   0.763E-22   0.121E-32   0.288E-29   0.504E-19  -0.469E-20  -0.243E-24  -0.154E-19  -0.624E-24
   0.186E+23   0.697E+02   0.569E-22   0.696E-33   0.165E-29   0.492E-19  -0.478E-20  -0.212E-24  -0.158E-19  -0.397E-24
   0.190E+23   0.697E+02   0.431E-22   0.400E-33   0.952E-30   0.476E-19  -0.487E-20  -0.185E-24  -0.167E-19  -0.261E-24
