# J Flux
           1  1.2859749E-06
           2  1.6077582E-05
           3  6.3561572E-05
           4  1.5861099E-04
           5  3.0438585E-04
           6  4.8730421E-04
           7  6.7629572E-04
           8  8.2395872E-04
           9  8.7304122E-04
          10  7.8609481E-04
          11  5.8159395E-04
          12  3.5472287E-04
          13  1.9794988E-04
          14  1.0980993E-04
          15  6.3665480E-05
          16  3.9814870E-05
          17  2.5994555E-05
          18  1.7416865E-05
          19  1.1813213E-05
          20  7.9209722E-06
          21  5.2226105E-06
          22  3.3799104E-06
          23  2.1458468E-06
          24  1.3387788E-06
          25  8.2223772E-07
          26  4.9843192E-07
          27  2.9887039E-07
          28  1.7778503E-07
          29  1.0621807E-07
          30  6.3209946E-08
