# NH	T	H	H2	C	CO 
  5.699E+13  5.362E+03  9.997E-01  9.108E-08  1.336E-09  3.157E-13
  7.643E+13  5.362E+03  9.997E-01  9.108E-08  1.336E-09  3.118E-13
  1.025E+14  5.362E+03  9.997E-01  9.108E-08  1.336E-09  3.118E-13
  1.375E+14  5.362E+03  9.997E-01  9.106E-08  1.336E-09  3.117E-13
  1.844E+14  5.362E+03  9.997E-01  9.106E-08  1.336E-09  3.117E-13
  2.473E+14  5.365E+03  9.997E-01  9.101E-08  1.336E-09  3.115E-13
  3.317E+14  5.364E+03  9.997E-01  9.102E-08  1.336E-09  3.115E-13
  4.449E+14  5.364E+03  9.997E-01  9.102E-08  1.336E-09  3.115E-13
  5.968E+14  5.360E+03  9.997E-01  9.111E-08  1.336E-09  3.119E-13
  8.004E+14  5.362E+03  9.997E-01  9.108E-08  1.336E-09  3.118E-13
  1.074E+15  5.364E+03  9.997E-01  9.102E-08  1.336E-09  3.115E-13
  1.440E+15  5.364E+03  9.997E-01  9.103E-08  1.336E-09  3.116E-13
  1.931E+15  5.360E+03  9.997E-01  9.112E-08  1.336E-09  3.119E-13
  2.590E+15  5.361E+03  9.997E-01  9.109E-08  1.336E-09  3.118E-13
  3.474E+15  5.363E+03  9.997E-01  9.104E-08  1.336E-09  3.116E-13
  4.660E+15  5.363E+03  9.997E-01  9.104E-08  1.336E-09  3.116E-13
  6.250E+15  5.365E+03  9.997E-01  9.101E-08  1.336E-09  3.115E-13
  8.382E+15  5.363E+03  9.997E-01  9.104E-08  1.336E-09  3.116E-13
  1.124E+16  5.364E+03  9.997E-01  9.102E-08  1.336E-09  3.118E-13
  1.508E+16  5.364E+03  9.997E-01  9.103E-08  1.336E-09  3.130E-13
  2.023E+16  5.366E+03  9.997E-01  9.098E-08  1.335E-09  3.141E-13
  2.713E+16  5.362E+03  9.997E-01  9.108E-08  1.335E-09  3.158E-13
  3.638E+16  5.362E+03  9.997E-01  9.108E-08  1.335E-09  3.172E-13
  4.880E+16  5.363E+03  9.997E-01  9.105E-08  1.335E-09  3.184E-13
  6.545E+16  5.362E+03  9.997E-01  9.109E-08  1.335E-09  3.200E-13
  8.779E+16  5.362E+03  9.997E-01  9.109E-08  1.335E-09  3.213E-13
  1.177E+17  5.362E+03  9.997E-01  9.110E-08  1.335E-09  3.227E-13
  1.579E+17  5.362E+03  9.997E-01  9.111E-08  1.335E-09  3.240E-13
  2.118E+17  5.358E+03  9.997E-01  9.121E-08  1.335E-09  3.257E-13
  2.841E+17  5.358E+03  9.997E-01  9.122E-08  1.334E-09  3.270E-13
  3.810E+17  5.353E+03  9.997E-01  9.133E-08  1.334E-09  3.285E-13
  5.110E+17  5.353E+03  9.997E-01  9.136E-08  1.333E-09  3.297E-13
  6.854E+17  5.349E+03  9.997E-01  9.149E-08  1.333E-09  3.312E-13
  9.193E+17  5.345E+03  9.997E-01  9.162E-08  1.332E-09  3.327E-13
  1.233E+18  5.341E+03  9.997E-01  9.178E-08  1.331E-09  3.341E-13
  1.654E+18  5.332E+03  9.997E-01  9.206E-08  1.330E-09  3.359E-13
  2.218E+18  5.324E+03  9.997E-01  9.235E-08  1.329E-09  3.377E-13
  2.975E+18  5.316E+03  9.997E-01  9.269E-08  1.327E-09  3.396E-13
  3.990E+18  5.303E+03  9.997E-01  9.316E-08  1.325E-09  3.420E-13
  5.352E+18  5.282E+03  9.997E-01  9.391E-08  1.323E-09  3.454E-13
  7.178E+18  5.261E+03  9.998E-01  9.474E-08  1.321E-09  3.492E-13
  9.628E+18  5.232E+03  9.998E-01  9.590E-08  1.318E-09  3.544E-13
  1.291E+19  5.199E+03  9.998E-01  9.733E-08  1.315E-09  3.607E-13
  1.732E+19  5.154E+03  9.998E-01  9.929E-08  1.312E-09  3.694E-13
  2.323E+19  5.098E+03  9.998E-01  1.019E-07  1.310E-09  3.812E-13
  3.116E+19  5.025E+03  9.998E-01  1.054E-07  1.309E-09  3.973E-13
  4.179E+19  4.938E+03  9.998E-01  1.100E-07  1.309E-09  4.191E-13
  5.605E+19  4.826E+03  9.998E-01  1.164E-07  1.313E-09  4.499E-13
  7.334E+19  4.700E+03  9.998E-01  1.243E-07  1.321E-09  4.889E-13
  9.062E+19  4.582E+03  9.998E-01  1.328E-07  1.332E-09  5.304E-13
  1.079E+20  4.474E+03  9.998E-01  1.415E-07  1.346E-09  5.742E-13
  1.252E+20  4.368E+03  9.998E-01  1.508E-07  1.362E-09  6.215E-13
  1.425E+20  4.265E+03  9.999E-01  1.607E-07  1.381E-09  6.723E-13
  1.598E+20  4.167E+03  9.999E-01  1.711E-07  1.401E-09  7.264E-13
  1.771E+20  4.076E+03  9.999E-01  1.821E-07  1.424E-09  7.858E-13
  1.943E+20  3.986E+03  9.999E-01  1.938E-07  1.449E-09  8.506E-13
  2.116E+20  3.901E+03  9.999E-01  2.061E-07  1.475E-09  9.196E-13
  2.289E+20  3.818E+03  9.999E-01  2.193E-07  1.504E-09  9.936E-13
  2.462E+20  3.740E+03  9.999E-01  2.332E-07  1.534E-09  1.072E-12
  2.635E+20  3.663E+03  9.999E-01  2.481E-07  1.567E-09  1.157E-12
  2.808E+20  3.591E+03  9.999E-01  2.639E-07  1.602E-09  1.247E-12
  2.981E+20  3.521E+03  9.999E-01  2.809E-07  1.639E-09  1.344E-12
  3.154E+20  3.454E+03  9.999E-01  2.989E-07  1.678E-09  1.447E-12
  3.327E+20  3.392E+03  9.999E-01  3.180E-07  1.719E-09  1.557E-12
  3.499E+20  3.330E+03  9.999E-01  3.385E-07  1.763E-09  1.676E-12
  3.672E+20  3.273E+03  9.999E-01  3.604E-07  1.809E-09  1.802E-12
  3.845E+20  3.216E+03  9.999E-01  3.840E-07  1.857E-09  1.938E-12
  4.018E+20  3.163E+03  9.999E-01  4.091E-07  1.908E-09  2.084E-12
  4.191E+20  3.113E+03  9.999E-01  4.361E-07  1.962E-09  2.240E-12
  4.364E+20  3.064E+03  9.999E-01  4.651E-07  2.019E-09  2.407E-12
  4.537E+20  3.020E+03  9.999E-01  4.960E-07  2.078E-09  2.587E-12
  4.710E+20  2.975E+03  9.999E-01  5.296E-07  2.140E-09  2.781E-12
  4.883E+20  2.936E+03  9.999E-01  5.656E-07  2.205E-09  2.988E-12
  5.055E+20  2.896E+03  9.999E-01  6.046E-07  2.273E-09  3.213E-12
  5.228E+20  2.862E+03  1.000E+00  6.463E-07  2.344E-09  3.454E-12
  5.401E+20  2.826E+03  1.000E+00  6.922E-07  2.420E-09  3.715E-12
  5.574E+20  2.795E+03  1.000E+00  7.413E-07  2.498E-09  3.996E-12
  5.747E+20  2.764E+03  1.000E+00  7.949E-07  2.580E-09  4.301E-12
  5.920E+20  2.738E+03  1.000E+00  8.527E-07  2.665E-09  4.631E-12
  6.093E+20  2.710E+03  1.000E+00  9.164E-07  2.755E-09  4.989E-12
  6.266E+20  2.686E+03  1.000E+00  9.854E-07  2.848E-09  5.378E-12
  6.439E+20  2.663E+03  1.000E+00  1.061E-06  2.947E-09  5.801E-12
  6.611E+20  2.642E+03  1.000E+00  1.145E-06  3.049E-09  6.262E-12
  6.784E+20  2.624E+03  1.000E+00  1.236E-06  3.156E-09  6.766E-12
  6.957E+20  2.605E+03  1.000E+00  1.337E-06  3.268E-09  7.317E-12
  7.130E+20  2.589E+03  1.000E+00  1.448E-06  3.385E-09  7.922E-12
  7.303E+20  2.574E+03  1.000E+00  1.571E-06  3.507E-09  8.588E-12
  7.476E+20  2.560E+03  1.000E+00  1.709E-06  3.635E-09  9.323E-12
  7.649E+20  2.548E+03  1.000E+00  1.863E-06  3.768E-09  1.014E-11
  7.822E+20  2.536E+03  1.000E+00  2.036E-06  3.908E-09  1.104E-11
  7.995E+20  2.526E+03  1.000E+00  2.229E-06  4.054E-09  1.205E-11
  8.168E+20  2.516E+03  1.000E+00  2.448E-06  4.207E-09  1.318E-11
  8.340E+20  2.508E+03  1.000E+00  2.697E-06  4.367E-09  1.445E-11
  8.513E+20  2.500E+03  1.000E+00  2.982E-06  4.534E-09  1.590E-11
  8.686E+20  2.494E+03  1.000E+00  3.306E-06  4.708E-09  1.755E-11
  8.859E+20  2.488E+03  1.000E+00  3.682E-06  4.892E-09  1.943E-11
  9.032E+20  2.483E+03  1.000E+00  4.119E-06  5.084E-09  2.161E-11
  9.205E+20  2.479E+03  1.000E+00  4.629E-06  5.285E-09  2.416E-11
  9.378E+20  2.473E+03  1.000E+00  5.233E-06  5.498E-09  2.714E-11
  9.551E+20  2.469E+03  1.000E+00  5.948E-06  5.721E-09  3.068E-11
  9.724E+20  2.467E+03  1.000E+00  6.800E-06  5.954E-09  3.495E-11
  9.897E+20  2.463E+03  1.000E+00  7.838E-06  6.202E-09  4.009E-11
  1.007E+21  2.459E+03  1.000E+00  9.106E-06  6.464E-09  4.640E-11
  1.024E+21  2.455E+03  1.000E+00  1.067E-05  6.743E-09  5.424E-11
  1.042E+21  2.451E+03  1.000E+00  1.263E-05  7.039E-09  6.412E-11
  1.059E+21  2.448E+03  1.000E+00  1.512E-05  7.357E-09  7.676E-11
  1.076E+21  2.442E+03  1.000E+00  1.832E-05  7.700E-09  9.311E-11
  1.093E+21  2.436E+03  9.999E-01  2.249E-05  8.074E-09  1.147E-10
  1.111E+21  2.428E+03  9.999E-01  2.804E-05  8.487E-09  1.434E-10
  1.128E+21  2.417E+03  9.999E-01  3.552E-05  8.950E-09  1.822E-10
  1.145E+21  2.404E+03  9.999E-01  4.573E-05  9.476E-09  2.356E-10
  1.163E+21  2.385E+03  9.999E-01  5.990E-05  1.009E-08  3.088E-10
  1.180E+21  2.360E+03  9.998E-01  7.964E-05  1.081E-08  4.100E-10
  1.197E+21  2.329E+03  9.998E-01  1.072E-04  1.167E-08  5.478E-10
  1.214E+21  2.288E+03  9.997E-01  1.453E-04  1.270E-08  7.308E-10
  1.232E+21  2.240E+03  9.996E-01  1.969E-04  1.393E-08  9.655E-10
  1.249E+21  2.185E+03  9.995E-01  2.641E-04  1.535E-08  1.253E-09
  1.266E+21  2.127E+03  9.993E-01  3.486E-04  1.694E-08  1.586E-09
  1.284E+21  2.066E+03  9.991E-01  4.507E-04  1.868E-08  1.956E-09
  1.301E+21  2.009E+03  9.988E-01  5.694E-04  2.054E-08  2.359E-09
  1.318E+21  1.952E+03  9.986E-01  7.067E-04  2.250E-08  2.806E-09
  1.335E+21  1.900E+03  9.983E-01  8.613E-04  2.455E-08  3.299E-09
  1.353E+21  1.849E+03  9.979E-01  1.037E-03  2.669E-08  3.826E-09
  1.370E+21  1.801E+03  9.975E-01  1.233E-03  2.893E-08  4.393E-09
  1.387E+21  1.756E+03  9.971E-01  1.455E-03  3.128E-08  5.002E-09
  1.405E+21  1.712E+03  9.966E-01  1.706E-03  3.373E-08  5.651E-09
  1.422E+21  1.669E+03  9.960E-01  1.989E-03  3.630E-08  6.342E-09
  1.439E+21  1.628E+03  9.954E-01  2.307E-03  3.900E-08  7.090E-09
  1.456E+21  1.588E+03  9.946E-01  2.667E-03  4.182E-08  7.883E-09
  1.474E+21  1.549E+03  9.938E-01  3.074E-03  4.477E-08  8.726E-09
  1.491E+21  1.513E+03  9.929E-01  3.531E-03  4.788E-08  9.631E-09
  1.508E+21  1.477E+03  9.919E-01  4.046E-03  5.114E-08  1.059E-08
  1.526E+21  1.442E+03  9.907E-01  4.626E-03  5.456E-08  1.161E-08
  1.543E+21  1.409E+03  9.894E-01  5.271E-03  5.817E-08  1.272E-08
  1.560E+21  1.377E+03  9.880E-01  5.998E-03  6.195E-08  1.387E-08
  1.578E+21  1.347E+03  9.864E-01  6.807E-03  6.594E-08  1.512E-08
  1.595E+21  1.317E+03  9.846E-01  7.710E-03  7.013E-08  1.643E-08
  1.612E+21  1.288E+03  9.825E-01  8.721E-03  7.452E-08  1.781E-08
  1.629E+21  1.261E+03  9.803E-01  9.831E-03  7.922E-08  1.930E-08
  1.647E+21  1.234E+03  9.778E-01  1.107E-02  8.412E-08  2.085E-08
  1.664E+21  1.209E+03  9.751E-01  1.244E-02  8.935E-08  2.251E-08
  1.681E+21  1.185E+03  9.721E-01  1.393E-02  9.498E-08  2.432E-08
  1.699E+21  1.161E+03  9.688E-01  1.560E-02  1.008E-07  2.611E-08
  1.716E+21  1.139E+03  9.652E-01  1.739E-02  1.072E-07  2.813E-08
  1.733E+21  1.116E+03  9.612E-01  1.938E-02  1.138E-07  3.015E-08
  1.750E+21  1.095E+03  9.569E-01  2.155E-02  1.210E-07  3.229E-08
  1.768E+21  1.075E+03  9.522E-01  2.388E-02  1.288E-07  3.461E-08
  1.785E+21  1.056E+03  9.471E-01  2.642E-02  1.371E-07  3.699E-08
  1.802E+21  1.037E+03  9.416E-01  2.918E-02  1.459E-07  3.944E-08
  1.820E+21  1.018E+03  9.356E-01  3.218E-02  1.554E-07  4.193E-08
  1.837E+21  1.000E+03  9.292E-01  3.539E-02  1.657E-07  4.456E-08
  1.854E+21  9.837E+02  9.224E-01  3.878E-02  1.771E-07  4.744E-08
  1.871E+21  9.667E+02  9.150E-01  4.249E-02  1.889E-07  5.014E-08
  1.889E+21  9.507E+02  9.072E-01  4.640E-02  2.021E-07  5.310E-08
  1.906E+21  9.350E+02  8.988E-01  5.058E-02  2.160E-07  5.601E-08
  2.286E+21  8.176E+02  8.099E-01  9.503E-02  6.418E-07  1.293E-07
  2.666E+21  5.813E+02  4.561E-01  2.719E-01  1.726E-06  1.502E-07
  3.046E+21  4.597E+02  1.696E-01  4.152E-01  3.033E-06  1.358E-07
  3.426E+21  4.214E+02  6.181E-02  4.691E-01  5.150E-06  2.166E-07
  3.806E+21  3.914E+02  2.451E-02  4.877E-01  9.543E-06  3.474E-07
  4.186E+21  3.567E+02  1.041E-02  4.948E-01  1.871E-05  4.936E-07
  4.566E+21  3.109E+02  4.716E-03  4.976E-01  3.499E-05  6.575E-07
  4.946E+21  2.540E+02  2.287E-03  4.989E-01  5.613E-05  1.154E-06
  5.326E+21  1.986E+02  1.140E-03  4.994E-01  7.293E-05  2.679E-06
  5.706E+21  1.589E+02  5.696E-04  4.997E-01  7.821E-05  7.180E-06
  6.086E+21  1.339E+02  2.816E-04  4.999E-01  6.963E-05  1.930E-05
  6.466E+21  1.157E+02  1.403E-04  4.999E-01  5.045E-05  3.935E-05
  6.846E+21  1.035E+02  7.720E-05  5.000E-01  3.796E-05  5.200E-05
  7.226E+21  9.484E+01  4.856E-05  5.000E-01  3.584E-05  5.415E-05
  7.606E+21  8.744E+01  3.414E-05  5.000E-01  3.711E-05  5.288E-05
  7.986E+21  8.082E+01  2.646E-05  5.000E-01  3.761E-05  5.239E-05
  8.366E+21  7.495E+01  2.235E-05  5.000E-01  3.619E-05  5.380E-05
  8.746E+21  6.991E+01  2.020E-05  5.000E-01  3.330E-05  5.670E-05
  9.126E+21  6.558E+01  1.908E-05  5.000E-01  2.966E-05  6.034E-05
  9.506E+21  6.197E+01  1.851E-05  5.000E-01  2.577E-05  6.423E-05
  9.886E+21  5.889E+01  1.822E-05  5.000E-01  2.191E-05  6.809E-05
  1.027E+22  5.634E+01  1.805E-05  5.000E-01  1.819E-05  7.181E-05
  1.065E+22  5.430E+01  1.793E-05  5.000E-01  1.472E-05  7.528E-05
  1.103E+22  5.268E+01  1.783E-05  5.000E-01  1.160E-05  7.840E-05
  1.141E+22  5.152E+01  1.771E-05  5.000E-01  8.894E-06  8.111E-05
  1.179E+22  5.062E+01  1.761E-05  5.000E-01  6.650E-06  8.335E-05
  1.217E+22  5.003E+01  1.752E-05  5.000E-01  4.863E-06  8.514E-05
  1.255E+22  4.959E+01  1.745E-05  5.000E-01  3.493E-06  8.651E-05
  1.293E+22  4.932E+01  1.740E-05  5.000E-01  2.475E-06  8.752E-05
  1.331E+22  4.913E+01  1.737E-05  5.000E-01  1.735E-06  8.826E-05
  1.369E+22  4.897E+01  1.737E-05  5.000E-01  1.208E-06  8.879E-05
  1.407E+22  4.878E+01  1.738E-05  5.000E-01  8.359E-07  8.916E-05
  1.445E+22  4.863E+01  1.740E-05  5.000E-01  5.755E-07  8.942E-05
  1.483E+22  4.840E+01  1.743E-05  5.000E-01  3.942E-07  8.960E-05
  1.521E+22  4.805E+01  1.748E-05  5.000E-01  2.686E-07  8.973E-05
  1.559E+22  4.764E+01  1.754E-05  5.000E-01  1.818E-07  8.981E-05
  1.597E+22  4.719E+01  1.761E-05  5.000E-01  1.220E-07  8.987E-05
  1.635E+22  4.670E+01  1.767E-05  5.000E-01  8.091E-08  8.991E-05
  1.673E+22  4.634E+01  1.771E-05  5.000E-01  5.293E-08  8.994E-05
  1.711E+22  4.604E+01  1.773E-05  5.000E-01  3.411E-08  8.996E-05
  1.749E+22  4.597E+01  1.768E-05  5.000E-01  2.166E-08  8.997E-05
  1.787E+22  4.610E+01  1.756E-05  5.000E-01  1.359E-08  8.998E-05
  1.825E+22  4.648E+01  1.733E-05  5.000E-01  8.494E-09  8.998E-05
  1.863E+22  4.708E+01  1.696E-05  5.000E-01  5.361E-09  8.998E-05
  1.901E+22  4.792E+01  1.644E-05  5.000E-01  3.489E-09  8.998E-05
