# N, Tdust, PE, H2vib, H2form, dust, OI, CII, CO, CI
   1.0e-5     1.3e-5
   0.570E+14   0.119E+03   0.793E-16   0.540E-18   0.721E-17  -0.327E-16  -0.431E-16  -0.288E-18  -0.800E-25  -0.186E-24
   0.765E+14   0.119E+03   0.794E-16   0.527E-18   0.721E-17  -0.331E-16  -0.424E-16  -0.288E-18  -0.765E-25  -0.187E-24
   0.103E+15   0.119E+03   0.794E-16   0.527E-18   0.721E-17  -0.331E-16  -0.424E-16  -0.288E-18  -0.766E-25  -0.187E-24
   0.138E+15   0.119E+03   0.794E-16   0.528E-18   0.721E-17  -0.331E-16  -0.424E-16  -0.288E-18  -0.766E-25  -0.187E-24
   0.184E+15   0.119E+03   0.794E-16   0.527E-18   0.721E-17  -0.331E-16  -0.424E-16  -0.288E-18  -0.766E-25  -0.187E-24
   0.247E+15   0.119E+03   0.793E-16   0.526E-18   0.721E-17  -0.332E-16  -0.424E-16  -0.288E-18  -0.765E-25  -0.187E-24
   0.332E+15   0.119E+03   0.793E-16   0.527E-18   0.721E-17  -0.332E-16  -0.424E-16  -0.288E-18  -0.765E-25  -0.187E-24
   0.445E+15   0.119E+03   0.793E-16   0.527E-18   0.721E-17  -0.332E-16  -0.424E-16  -0.288E-18  -0.765E-25  -0.187E-24
   0.597E+15   0.119E+03   0.793E-16   0.526E-18   0.721E-17  -0.332E-16  -0.424E-16  -0.288E-18  -0.765E-25  -0.187E-24
   0.801E+15   0.119E+03   0.793E-16   0.527E-18   0.721E-17  -0.331E-16  -0.424E-16  -0.288E-18  -0.766E-25  -0.187E-24
   0.107E+16   0.119E+03   0.793E-16   0.527E-18   0.721E-17  -0.332E-16  -0.424E-16  -0.288E-18  -0.765E-25  -0.187E-24
   0.144E+16   0.119E+03   0.794E-16   0.528E-18   0.721E-17  -0.331E-16  -0.424E-16  -0.288E-18  -0.766E-25  -0.187E-24
   0.193E+16   0.119E+03   0.793E-16   0.526E-18   0.721E-17  -0.332E-16  -0.424E-16  -0.288E-18  -0.765E-25  -0.187E-24
   0.259E+16   0.119E+03   0.793E-16   0.526E-18   0.721E-17  -0.332E-16  -0.424E-16  -0.288E-18  -0.765E-25  -0.187E-24
   0.348E+16   0.119E+03   0.793E-16   0.527E-18   0.721E-17  -0.331E-16  -0.424E-16  -0.288E-18  -0.766E-25  -0.187E-24
   0.466E+16   0.119E+03   0.793E-16   0.527E-18   0.721E-17  -0.331E-16  -0.425E-16  -0.288E-18  -0.766E-25  -0.187E-24
   0.625E+16   0.119E+03   0.793E-16   0.527E-18   0.721E-17  -0.331E-16  -0.424E-16  -0.287E-18  -0.766E-25  -0.187E-24
   0.838E+16   0.119E+03   0.793E-16   0.527E-18   0.721E-17  -0.332E-16  -0.424E-16  -0.287E-18  -0.765E-25  -0.187E-24
   0.112E+17   0.119E+03   0.793E-16   0.526E-18   0.721E-17  -0.332E-16  -0.424E-16  -0.287E-18  -0.765E-25  -0.187E-24
   0.151E+17   0.119E+03   0.793E-16   0.527E-18   0.721E-17  -0.332E-16  -0.424E-16  -0.288E-18  -0.765E-25  -0.187E-24
   0.202E+17   0.119E+03   0.793E-16   0.527E-18   0.721E-17  -0.331E-16  -0.424E-16  -0.287E-18  -0.766E-25  -0.187E-24
   0.271E+17   0.119E+03   0.793E-16   0.526E-18   0.721E-17  -0.332E-16  -0.424E-16  -0.288E-18  -0.766E-25  -0.187E-24
   0.364E+17   0.119E+03   0.793E-16   0.527E-18   0.721E-17  -0.332E-16  -0.424E-16  -0.287E-18  -0.769E-25  -0.187E-24
   0.488E+17   0.119E+03   0.793E-16   0.527E-18   0.721E-17  -0.332E-16  -0.424E-16  -0.287E-18  -0.772E-25  -0.187E-24
   0.655E+17   0.119E+03   0.793E-16   0.528E-18   0.721E-17  -0.331E-16  -0.424E-16  -0.287E-18  -0.776E-25  -0.187E-24
   0.878E+17   0.119E+03   0.793E-16   0.528E-18   0.721E-17  -0.331E-16  -0.424E-16  -0.288E-18  -0.780E-25  -0.187E-24
   0.118E+18   0.119E+03   0.793E-16   0.529E-18   0.721E-17  -0.331E-16  -0.424E-16  -0.287E-18  -0.784E-25  -0.187E-24
   0.158E+18   0.119E+03   0.793E-16   0.528E-18   0.721E-17  -0.331E-16  -0.424E-16  -0.288E-18  -0.787E-25  -0.187E-24
   0.212E+18   0.119E+03   0.793E-16   0.529E-18   0.721E-17  -0.331E-16  -0.424E-16  -0.288E-18  -0.791E-25  -0.187E-24
   0.284E+18   0.119E+03   0.792E-16   0.529E-18   0.721E-17  -0.331E-16  -0.424E-16  -0.287E-18  -0.794E-25  -0.187E-24
   0.381E+18   0.119E+03   0.792E-16   0.529E-18   0.721E-17  -0.331E-16  -0.424E-16  -0.287E-18  -0.799E-25  -0.187E-24
   0.511E+18   0.119E+03   0.792E-16   0.530E-18   0.721E-17  -0.331E-16  -0.424E-16  -0.287E-18  -0.803E-25  -0.187E-24
   0.686E+18   0.119E+03   0.792E-16   0.530E-18   0.721E-17  -0.330E-16  -0.424E-16  -0.288E-18  -0.807E-25  -0.187E-24
   0.920E+18   0.119E+03   0.791E-16   0.531E-18   0.721E-17  -0.330E-16  -0.424E-16  -0.288E-18  -0.812E-25  -0.187E-24
   0.123E+19   0.119E+03   0.790E-16   0.532E-18   0.721E-17  -0.330E-16  -0.424E-16  -0.287E-18  -0.816E-25  -0.187E-24
   0.165E+19   0.119E+03   0.789E-16   0.533E-18   0.721E-17  -0.329E-16  -0.424E-16  -0.288E-18  -0.822E-25  -0.187E-24
   0.222E+19   0.119E+03   0.788E-16   0.535E-18   0.721E-17  -0.328E-16  -0.424E-16  -0.287E-18  -0.828E-25  -0.186E-24
   0.298E+19   0.119E+03   0.787E-16   0.537E-18   0.721E-17  -0.327E-16  -0.424E-16  -0.287E-18  -0.836E-25  -0.186E-24
   0.399E+19   0.119E+03   0.785E-16   0.540E-18   0.721E-17  -0.326E-16  -0.424E-16  -0.287E-18  -0.844E-25  -0.186E-24
   0.535E+19   0.119E+03   0.783E-16   0.544E-18   0.721E-17  -0.325E-16  -0.424E-16  -0.287E-18  -0.856E-25  -0.186E-24
   0.718E+19   0.119E+03   0.779E-16   0.549E-18   0.721E-17  -0.323E-16  -0.424E-16  -0.288E-18  -0.871E-25  -0.185E-24
   0.963E+19   0.119E+03   0.776E-16   0.556E-18   0.721E-17  -0.320E-16  -0.424E-16  -0.287E-18  -0.889E-25  -0.185E-24
   0.129E+20   0.119E+03   0.771E-16   0.564E-18   0.721E-17  -0.318E-16  -0.424E-16  -0.287E-18  -0.912E-25  -0.184E-24
   0.173E+20   0.119E+03   0.765E-16   0.574E-18   0.721E-17  -0.313E-16  -0.424E-16  -0.287E-18  -0.944E-25  -0.184E-24
   0.232E+20   0.119E+03   0.757E-16   0.587E-18   0.721E-17  -0.309E-16  -0.424E-16  -0.287E-18  -0.986E-25  -0.184E-24
   0.312E+20   0.119E+03   0.748E-16   0.605E-18   0.721E-17  -0.303E-16  -0.424E-16  -0.287E-18  -0.104E-24  -0.183E-24
   0.418E+20   0.118E+03   0.736E-16   0.627E-18   0.721E-17  -0.295E-16  -0.423E-16  -0.287E-18  -0.112E-24  -0.183E-24
   0.561E+20   0.118E+03   0.722E-16   0.659E-18   0.721E-17  -0.286E-16  -0.423E-16  -0.287E-18  -0.123E-24  -0.184E-24
   0.734E+20   0.118E+03   0.707E-16   0.692E-18   0.721E-17  -0.276E-16  -0.422E-16  -0.287E-18  -0.137E-24  -0.185E-24
   0.906E+20   0.117E+03   0.693E-16   0.729E-18   0.721E-17  -0.266E-16  -0.422E-16  -0.287E-18  -0.151E-24  -0.186E-24
   0.108E+21   0.117E+03   0.679E-16   0.767E-18   0.722E-17  -0.257E-16  -0.421E-16  -0.287E-18  -0.167E-24  -0.188E-24
   0.125E+21   0.117E+03   0.667E-16   0.804E-18   0.722E-17  -0.248E-16  -0.421E-16  -0.287E-18  -0.183E-24  -0.190E-24
   0.143E+21   0.116E+03   0.655E-16   0.843E-18   0.722E-17  -0.240E-16  -0.420E-16  -0.287E-18  -0.201E-24  -0.193E-24
   0.160E+21   0.116E+03   0.644E-16   0.882E-18   0.722E-17  -0.232E-16  -0.419E-16  -0.287E-18  -0.221E-24  -0.195E-24
   0.177E+21   0.116E+03   0.634E-16   0.923E-18   0.722E-17  -0.225E-16  -0.419E-16  -0.287E-18  -0.241E-24  -0.198E-24
   0.194E+21   0.115E+03   0.624E-16   0.964E-18   0.722E-17  -0.218E-16  -0.418E-16  -0.287E-18  -0.264E-24  -0.202E-24
   0.212E+21   0.115E+03   0.614E-16   0.100E-17   0.723E-17  -0.211E-16  -0.417E-16  -0.287E-18  -0.287E-24  -0.205E-24
   0.229E+21   0.115E+03   0.605E-16   0.105E-17   0.723E-17  -0.204E-16  -0.416E-16  -0.287E-18  -0.313E-24  -0.209E-24
   0.246E+21   0.114E+03   0.597E-16   0.109E-17   0.723E-17  -0.198E-16  -0.416E-16  -0.287E-18  -0.341E-24  -0.213E-24
   0.264E+21   0.114E+03   0.589E-16   0.113E-17   0.723E-17  -0.192E-16  -0.415E-16  -0.286E-18  -0.372E-24  -0.217E-24
   0.281E+21   0.114E+03   0.581E-16   0.118E-17   0.723E-17  -0.187E-16  -0.414E-16  -0.286E-18  -0.404E-24  -0.222E-24
   0.298E+21   0.113E+03   0.573E-16   0.122E-17   0.723E-17  -0.181E-16  -0.413E-16  -0.286E-18  -0.439E-24  -0.227E-24
   0.315E+21   0.113E+03   0.566E-16   0.127E-17   0.724E-17  -0.176E-16  -0.412E-16  -0.286E-18  -0.476E-24  -0.232E-24
   0.333E+21   0.113E+03   0.559E-16   0.131E-17   0.724E-17  -0.171E-16  -0.412E-16  -0.286E-18  -0.516E-24  -0.238E-24
   0.350E+21   0.112E+03   0.552E-16   0.136E-17   0.724E-17  -0.166E-16  -0.411E-16  -0.286E-18  -0.559E-24  -0.244E-24
   0.367E+21   0.112E+03   0.546E-16   0.141E-17   0.724E-17  -0.162E-16  -0.410E-16  -0.286E-18  -0.604E-24  -0.250E-24
   0.385E+21   0.112E+03   0.539E-16   0.145E-17   0.724E-17  -0.157E-16  -0.409E-16  -0.286E-18  -0.652E-24  -0.257E-24
   0.402E+21   0.111E+03   0.533E-16   0.150E-17   0.725E-17  -0.153E-16  -0.408E-16  -0.286E-18  -0.704E-24  -0.264E-24
   0.419E+21   0.111E+03   0.527E-16   0.154E-17   0.725E-17  -0.149E-16  -0.407E-16  -0.286E-18  -0.759E-24  -0.271E-24
   0.436E+21   0.111E+03   0.522E-16   0.159E-17   0.725E-17  -0.145E-16  -0.406E-16  -0.286E-18  -0.817E-24  -0.279E-24
   0.454E+21   0.110E+03   0.516E-16   0.164E-17   0.725E-17  -0.142E-16  -0.405E-16  -0.286E-18  -0.879E-24  -0.287E-24
   0.471E+21   0.110E+03   0.511E-16   0.169E-17   0.725E-17  -0.138E-16  -0.405E-16  -0.286E-18  -0.946E-24  -0.296E-24
   0.488E+21   0.110E+03   0.506E-16   0.173E-17   0.725E-17  -0.135E-16  -0.404E-16  -0.286E-18  -0.102E-23  -0.305E-24
   0.506E+21   0.109E+03   0.501E-16   0.178E-17   0.726E-17  -0.132E-16  -0.403E-16  -0.285E-18  -0.109E-23  -0.314E-24
   0.523E+21   0.109E+03   0.497E-16   0.182E-17   0.726E-17  -0.129E-16  -0.402E-16  -0.285E-18  -0.117E-23  -0.324E-24
   0.540E+21   0.109E+03   0.492E-16   0.187E-17   0.726E-17  -0.126E-16  -0.401E-16  -0.285E-18  -0.126E-23  -0.335E-24
   0.557E+21   0.108E+03   0.488E-16   0.191E-17   0.726E-17  -0.123E-16  -0.400E-16  -0.285E-18  -0.135E-23  -0.346E-24
   0.575E+21   0.108E+03   0.484E-16   0.195E-17   0.726E-17  -0.120E-16  -0.399E-16  -0.285E-18  -0.144E-23  -0.357E-24
   0.592E+21   0.108E+03   0.480E-16   0.200E-17   0.727E-17  -0.118E-16  -0.398E-16  -0.285E-18  -0.155E-23  -0.369E-24
   0.609E+21   0.107E+03   0.476E-16   0.204E-17   0.727E-17  -0.115E-16  -0.397E-16  -0.285E-18  -0.166E-23  -0.382E-24
   0.627E+21   0.107E+03   0.472E-16   0.208E-17   0.727E-17  -0.113E-16  -0.396E-16  -0.285E-18  -0.177E-23  -0.395E-24
   0.644E+21   0.107E+03   0.468E-16   0.212E-17   0.727E-17  -0.111E-16  -0.396E-16  -0.285E-18  -0.190E-23  -0.409E-24
   0.661E+21   0.107E+03   0.465E-16   0.215E-17   0.727E-17  -0.109E-16  -0.395E-16  -0.285E-18  -0.203E-23  -0.425E-24
   0.679E+21   0.106E+03   0.461E-16   0.220E-17   0.727E-17  -0.107E-16  -0.394E-16  -0.285E-18  -0.217E-23  -0.440E-24
   0.696E+21   0.106E+03   0.458E-16   0.223E-17   0.728E-17  -0.105E-16  -0.393E-16  -0.285E-18  -0.233E-23  -0.456E-24
   0.713E+21   0.106E+03   0.455E-16   0.226E-17   0.728E-17  -0.103E-16  -0.392E-16  -0.285E-18  -0.249E-23  -0.473E-24
   0.730E+21   0.105E+03   0.452E-16   0.230E-17   0.728E-17  -0.102E-16  -0.391E-16  -0.285E-18  -0.266E-23  -0.491E-24
   0.748E+21   0.105E+03   0.449E-16   0.234E-17   0.728E-17  -0.100E-16  -0.390E-16  -0.284E-18  -0.285E-23  -0.509E-24
   0.765E+21   0.105E+03   0.446E-16   0.237E-17   0.728E-17  -0.984E-17  -0.389E-16  -0.284E-18  -0.305E-23  -0.529E-24
   0.782E+21   0.104E+03   0.443E-16   0.240E-17   0.728E-17  -0.970E-17  -0.388E-16  -0.284E-18  -0.326E-23  -0.549E-24
   0.800E+21   0.104E+03   0.441E-16   0.243E-17   0.729E-17  -0.956E-17  -0.387E-16  -0.284E-18  -0.349E-23  -0.570E-24
   0.817E+21   0.104E+03   0.438E-16   0.246E-17   0.729E-17  -0.943E-17  -0.387E-16  -0.284E-18  -0.374E-23  -0.593E-24
   0.834E+21   0.104E+03   0.435E-16   0.249E-17   0.729E-17  -0.930E-17  -0.386E-16  -0.284E-18  -0.400E-23  -0.616E-24
   0.851E+21   0.103E+03   0.433E-16   0.251E-17   0.729E-17  -0.918E-17  -0.385E-16  -0.284E-18  -0.429E-23  -0.640E-24
   0.869E+21   0.103E+03   0.431E-16   0.253E-17   0.729E-17  -0.906E-17  -0.384E-16  -0.284E-18  -0.459E-23  -0.665E-24
   0.886E+21   0.103E+03   0.428E-16   0.256E-17   0.729E-17  -0.895E-17  -0.383E-16  -0.284E-18  -0.492E-23  -0.692E-24
   0.903E+21   0.102E+03   0.426E-16   0.258E-17   0.729E-17  -0.884E-17  -0.382E-16  -0.284E-18  -0.528E-23  -0.722E-24
   0.921E+21   0.102E+03   0.424E-16   0.260E-17   0.730E-17  -0.874E-17  -0.381E-16  -0.284E-18  -0.566E-23  -0.751E-24
   0.938E+21   0.102E+03   0.422E-16   0.262E-17   0.730E-17  -0.865E-17  -0.381E-16  -0.284E-18  -0.608E-23  -0.781E-24
   0.955E+21   0.102E+03   0.420E-16   0.264E-17   0.730E-17  -0.856E-17  -0.380E-16  -0.284E-18  -0.653E-23  -0.813E-24
   0.972E+21   0.101E+03   0.418E-16   0.266E-17   0.730E-17  -0.847E-17  -0.379E-16  -0.284E-18  -0.701E-23  -0.846E-24
   0.990E+21   0.101E+03   0.416E-16   0.267E-17   0.730E-17  -0.839E-17  -0.378E-16  -0.284E-18  -0.754E-23  -0.881E-24
   0.101E+22   0.101E+03   0.414E-16   0.269E-17   0.730E-17  -0.831E-17  -0.377E-16  -0.283E-18  -0.811E-23  -0.918E-24
   0.102E+22   0.100E+03   0.412E-16   0.270E-17   0.730E-17  -0.824E-17  -0.376E-16  -0.283E-18  -0.873E-23  -0.955E-24
   0.104E+22   0.100E+03   0.410E-16   0.272E-17   0.730E-17  -0.815E-17  -0.376E-16  -0.283E-18  -0.940E-23  -0.998E-24
   0.106E+22   0.998E+02   0.408E-16   0.273E-17   0.731E-17  -0.809E-17  -0.375E-16  -0.283E-18  -0.101E-22  -0.104E-23
   0.108E+22   0.996E+02   0.407E-16   0.274E-17   0.731E-17  -0.802E-17  -0.374E-16  -0.283E-18  -0.109E-22  -0.108E-23
   0.109E+22   0.993E+02   0.405E-16   0.276E-17   0.731E-17  -0.794E-17  -0.373E-16  -0.283E-18  -0.118E-22  -0.113E-23
   0.111E+22   0.990E+02   0.403E-16   0.277E-17   0.731E-17  -0.788E-17  -0.372E-16  -0.283E-18  -0.128E-22  -0.118E-23
   0.113E+22   0.988E+02   0.402E-16   0.279E-17   0.731E-17  -0.782E-17  -0.372E-16  -0.283E-18  -0.138E-22  -0.123E-23
   0.115E+22   0.985E+02   0.400E-16   0.280E-17   0.731E-17  -0.776E-17  -0.371E-16  -0.283E-18  -0.150E-22  -0.128E-23
   0.116E+22   0.982E+02   0.399E-16   0.281E-17   0.731E-17  -0.770E-17  -0.370E-16  -0.283E-18  -0.162E-22  -0.133E-23
   0.118E+22   0.980E+02   0.397E-16   0.283E-17   0.731E-17  -0.765E-17  -0.369E-16  -0.283E-18  -0.176E-22  -0.139E-23
   0.120E+22   0.977E+02   0.396E-16   0.284E-17   0.731E-17  -0.759E-17  -0.368E-16  -0.283E-18  -0.192E-22  -0.145E-23
   0.121E+22   0.975E+02   0.394E-16   0.285E-17   0.732E-17  -0.754E-17  -0.368E-16  -0.283E-18  -0.209E-22  -0.151E-23
   0.123E+22   0.972E+02   0.393E-16   0.287E-17   0.732E-17  -0.749E-17  -0.367E-16  -0.283E-18  -0.228E-22  -0.158E-23
   0.125E+22   0.969E+02   0.392E-16   0.288E-17   0.732E-17  -0.744E-17  -0.366E-16  -0.283E-18  -0.249E-22  -0.165E-23
   0.127E+22   0.967E+02   0.390E-16   0.289E-17   0.732E-17  -0.740E-17  -0.365E-16  -0.283E-18  -0.272E-22  -0.172E-23
   0.128E+22   0.964E+02   0.389E-16   0.290E-17   0.732E-17  -0.735E-17  -0.364E-16  -0.283E-18  -0.298E-22  -0.179E-23
   0.130E+22   0.962E+02   0.387E-16   0.290E-17   0.732E-17  -0.731E-17  -0.364E-16  -0.282E-18  -0.327E-22  -0.187E-23
   0.132E+22   0.959E+02   0.386E-16   0.291E-17   0.732E-17  -0.726E-17  -0.363E-16  -0.282E-18  -0.360E-22  -0.195E-23
   0.134E+22   0.957E+02   0.385E-16   0.292E-17   0.732E-17  -0.723E-17  -0.362E-16  -0.282E-18  -0.396E-22  -0.204E-23
   0.135E+22   0.954E+02   0.383E-16   0.293E-17   0.732E-17  -0.719E-17  -0.361E-16  -0.282E-18  -0.437E-22  -0.213E-23
   0.137E+22   0.952E+02   0.382E-16   0.293E-17   0.733E-17  -0.715E-17  -0.361E-16  -0.282E-18  -0.483E-22  -0.222E-23
   0.139E+22   0.949E+02   0.381E-16   0.294E-17   0.733E-17  -0.711E-17  -0.360E-16  -0.282E-18  -0.535E-22  -0.232E-23
   0.140E+22   0.947E+02   0.380E-16   0.295E-17   0.733E-17  -0.706E-17  -0.359E-16  -0.282E-18  -0.594E-22  -0.242E-23
   0.142E+22   0.944E+02   0.378E-16   0.294E-17   0.733E-17  -0.704E-17  -0.358E-16  -0.282E-18  -0.661E-22  -0.252E-23
   0.144E+22   0.942E+02   0.377E-16   0.294E-17   0.733E-17  -0.698E-17  -0.358E-16  -0.282E-18  -0.737E-22  -0.264E-23
   0.146E+22   0.940E+02   0.376E-16   0.293E-17   0.733E-17  -0.696E-17  -0.357E-16  -0.282E-18  -0.825E-22  -0.276E-23
   0.147E+22   0.937E+02   0.375E-16   0.293E-17   0.733E-17  -0.691E-17  -0.356E-16  -0.282E-18  -0.923E-22  -0.288E-23
   0.149E+22   0.935E+02   0.374E-16   0.293E-17   0.733E-17  -0.686E-17  -0.355E-16  -0.282E-18  -0.104E-21  -0.301E-23
   0.151E+22   0.933E+02   0.373E-16   0.290E-17   0.733E-17  -0.684E-17  -0.355E-16  -0.282E-18  -0.117E-21  -0.315E-23
   0.153E+22   0.930E+02   0.372E-16   0.289E-17   0.734E-17  -0.679E-17  -0.354E-16  -0.282E-18  -0.132E-21  -0.329E-23
   0.154E+22   0.928E+02   0.371E-16   0.287E-17   0.734E-17  -0.674E-17  -0.353E-16  -0.282E-18  -0.149E-21  -0.344E-23
   0.156E+22   0.926E+02   0.370E-16   0.284E-17   0.734E-17  -0.668E-17  -0.352E-16  -0.282E-18  -0.169E-21  -0.360E-23
   0.158E+22   0.923E+02   0.369E-16   0.280E-17   0.734E-17  -0.663E-17  -0.351E-16  -0.282E-18  -0.192E-21  -0.377E-23
   0.159E+22   0.921E+02   0.368E-16   0.275E-17   0.734E-17  -0.658E-17  -0.351E-16  -0.281E-18  -0.219E-21  -0.395E-23
   0.161E+22   0.919E+02   0.367E-16   0.268E-17   0.734E-17  -0.653E-17  -0.350E-16  -0.281E-18  -0.250E-21  -0.414E-23
   0.163E+22   0.917E+02   0.366E-16   0.260E-17   0.735E-17  -0.648E-17  -0.349E-16  -0.281E-18  -0.286E-21  -0.434E-23
   0.165E+22   0.914E+02   0.366E-16   0.251E-17   0.735E-17  -0.643E-17  -0.348E-16  -0.281E-18  -0.328E-21  -0.455E-23
   0.166E+22   0.912E+02   0.366E-16   0.242E-17   0.735E-17  -0.632E-17  -0.347E-16  -0.281E-18  -0.376E-21  -0.479E-23
   0.168E+22   0.910E+02   0.365E-16   0.228E-17   0.735E-17  -0.628E-17  -0.346E-16  -0.281E-18  -0.434E-21  -0.503E-23
   0.170E+22   0.908E+02   0.365E-16   0.214E-17   0.736E-17  -0.617E-17  -0.345E-16  -0.281E-18  -0.500E-21  -0.530E-23
   0.172E+22   0.905E+02   0.364E-16   0.198E-17   0.736E-17  -0.607E-17  -0.344E-16  -0.281E-18  -0.583E-21  -0.558E-23
   0.173E+22   0.903E+02   0.364E-16   0.177E-17   0.736E-17  -0.597E-17  -0.343E-16  -0.281E-18  -0.682E-21  -0.589E-23
   0.175E+22   0.901E+02   0.364E-16   0.153E-17   0.737E-17  -0.587E-17  -0.342E-16  -0.281E-18  -0.801E-21  -0.622E-23
   0.177E+22   0.899E+02   0.365E-16   0.126E-17   0.737E-17  -0.572E-17  -0.341E-16  -0.280E-18  -0.944E-21  -0.659E-23
   0.179E+22   0.897E+02   0.366E-16   0.946E-18   0.738E-17  -0.557E-17  -0.339E-16  -0.280E-18  -0.112E-20  -0.701E-23
   0.180E+22   0.895E+02   0.366E-16   0.547E-18   0.738E-17  -0.539E-17  -0.338E-16  -0.280E-18  -0.134E-20  -0.749E-23
   0.182E+22   0.893E+02   0.368E-16   0.560E-19   0.739E-17  -0.520E-17  -0.336E-16  -0.280E-18  -0.161E-20  -0.803E-23
   0.184E+22   0.891E+02   0.370E-16  -0.552E-18   0.740E-17  -0.497E-17  -0.335E-16  -0.280E-18  -0.197E-20  -0.868E-23
   0.185E+22   0.889E+02   0.373E-16  -0.132E-17   0.741E-17  -0.470E-17  -0.332E-16  -0.279E-18  -0.242E-20  -0.947E-23
   0.187E+22   0.887E+02   0.376E-16  -0.233E-17   0.741E-17  -0.442E-17  -0.330E-16  -0.279E-18  -0.299E-20  -0.104E-22
   0.189E+22   0.885E+02   0.380E-16  -0.366E-17   0.742E-17  -0.412E-17  -0.327E-16  -0.279E-18  -0.375E-20  -0.116E-22
   0.191E+22   0.883E+02   0.383E-16  -0.539E-17   0.741E-17  -0.383E-17  -0.324E-16  -0.278E-18  -0.474E-20  -0.132E-22
   0.229E+22   0.842E+02   0.402E-16  -0.138E-16   0.455E-17  -0.167E-17  -0.279E-16  -0.269E-18  -0.134E-19  -0.119E-21
   0.267E+22   0.808E+02   0.365E-16  -0.117E-16   0.224E-17  -0.132E-17  -0.230E-16  -0.260E-18  -0.270E-19  -0.290E-21
   0.305E+22   0.781E+02   0.318E-16  -0.103E-16   0.106E-17  -0.117E-17  -0.191E-16  -0.251E-18  -0.551E-19  -0.520E-21
   0.343E+22   0.759E+02   0.270E-16  -0.828E-17   0.476E-18  -0.106E-17  -0.161E-16  -0.239E-18  -0.986E-19  -0.831E-21
   0.381E+22   0.742E+02   0.223E-16  -0.602E-17   0.199E-18  -0.938E-18  -0.136E-16  -0.222E-18  -0.141E-18  -0.137E-20
   0.419E+22   0.730E+02   0.178E-16  -0.382E-17   0.789E-19  -0.799E-18  -0.115E-16  -0.193E-18  -0.141E-18  -0.251E-20
   0.457E+22   0.720E+02   0.134E-16  -0.197E-17   0.314E-19  -0.637E-18  -0.944E-17  -0.145E-18  -0.969E-19  -0.462E-20
   0.495E+22   0.714E+02   0.942E-17  -0.709E-18   0.141E-19  -0.464E-18  -0.727E-17  -0.836E-19  -0.838E-19  -0.733E-20
   0.533E+22   0.709E+02   0.627E-17  -0.194E-18   0.655E-20  -0.312E-18  -0.511E-17  -0.345E-19  -0.107E-18  -0.929E-20
   0.571E+22   0.705E+02   0.422E-17  -0.707E-19   0.300E-20  -0.213E-18  -0.346E-17  -0.105E-19  -0.156E-18  -0.980E-20
   0.609E+22   0.703E+02   0.305E-17  -0.378E-19   0.144E-20  -0.157E-18  -0.241E-17  -0.251E-20  -0.240E-18  -0.923E-20
   0.647E+22   0.701E+02   0.232E-17  -0.229E-19   0.795E-21  -0.119E-18  -0.170E-17  -0.529E-21  -0.337E-18  -0.805E-20
   0.685E+22   0.700E+02   0.177E-17  -0.139E-19   0.521E-21  -0.888E-19  -0.120E-17  -0.117E-21  -0.361E-18  -0.697E-20
   0.723E+22   0.699E+02   0.132E-17  -0.853E-20   0.385E-21  -0.642E-19  -0.861E-18  -0.300E-22  -0.311E-18  -0.636E-20
   0.761E+22   0.698E+02   0.967E-18  -0.510E-20   0.303E-21  -0.431E-19  -0.612E-18  -0.866E-23  -0.261E-18  -0.577E-20
   0.799E+22   0.698E+02   0.706E-18  -0.297E-20   0.249E-21  -0.247E-19  -0.425E-18  -0.300E-23  -0.225E-18  -0.501E-20
   0.837E+22   0.697E+02   0.514E-18  -0.174E-20   0.213E-21  -0.942E-20  -0.292E-18  -0.145E-23  -0.194E-18  -0.419E-20
   0.875E+22   0.697E+02   0.375E-18  -0.107E-20   0.188E-21   0.293E-20  -0.203E-18  -0.972E-24  -0.164E-18  -0.344E-20
   0.913E+22   0.697E+02   0.273E-18  -0.696E-21   0.172E-21   0.127E-19  -0.144E-18  -0.784E-24  -0.137E-18  -0.280E-20
   0.951E+22   0.697E+02   0.199E-18  -0.480E-21   0.161E-21   0.207E-19  -0.103E-18  -0.682E-24  -0.113E-18  -0.227E-20
   0.989E+22   0.697E+02   0.143E-18  -0.355E-21   0.153E-21   0.271E-19  -0.750E-19  -0.614E-24  -0.945E-19  -0.182E-20
   0.103E+23   0.697E+02   0.103E-18  -0.280E-21   0.148E-21   0.323E-19  -0.555E-19  -0.563E-24  -0.795E-19  -0.145E-20
   0.106E+23   0.697E+02   0.735E-19  -0.235E-21   0.144E-21   0.364E-19  -0.421E-19  -0.523E-24  -0.681E-19  -0.113E-20
   0.110E+23   0.697E+02   0.523E-19  -0.206E-21   0.141E-21   0.396E-19  -0.328E-19  -0.492E-24  -0.593E-19  -0.869E-21
   0.114E+23   0.697E+02   0.370E-19  -0.188E-21   0.138E-21   0.420E-19  -0.264E-19  -0.468E-24  -0.524E-19  -0.653E-21
   0.118E+23   0.697E+02   0.261E-19  -0.177E-21   0.136E-21   0.436E-19  -0.222E-19  -0.450E-24  -0.469E-19  -0.481E-21
   0.122E+23   0.697E+02   0.184E-19  -0.170E-21   0.134E-21   0.447E-19  -0.193E-19  -0.437E-24  -0.426E-19  -0.348E-21
   0.125E+23   0.697E+02   0.130E-19  -0.166E-21   0.133E-21   0.454E-19  -0.174E-19  -0.427E-24  -0.393E-19  -0.248E-21
   0.129E+23   0.697E+02   0.913E-20  -0.163E-21   0.132E-21   0.460E-19  -0.160E-19  -0.419E-24  -0.365E-19  -0.175E-21
   0.133E+23   0.697E+02   0.642E-20  -0.161E-21   0.131E-21   0.463E-19  -0.150E-19  -0.414E-24  -0.341E-19  -0.122E-21
   0.137E+23   0.697E+02   0.452E-20  -0.160E-21   0.131E-21   0.465E-19  -0.142E-19  -0.410E-24  -0.320E-19  -0.849E-22
   0.141E+23   0.697E+02   0.318E-20  -0.159E-21   0.131E-21   0.467E-19  -0.133E-19  -0.407E-24  -0.302E-19  -0.586E-22
   0.144E+23   0.697E+02   0.224E-20  -0.157E-21   0.131E-21   0.470E-19  -0.124E-19  -0.404E-24  -0.284E-19  -0.402E-22
   0.148E+23   0.697E+02   0.157E-20  -0.156E-21   0.131E-21   0.475E-19  -0.114E-19  -0.401E-24  -0.267E-19  -0.275E-22
   0.152E+23   0.697E+02   0.110E-20  -0.153E-21   0.131E-21   0.482E-19  -0.102E-19  -0.398E-24  -0.249E-19  -0.186E-22
   0.156E+23   0.697E+02   0.775E-21  -0.150E-21   0.131E-21   0.490E-19  -0.886E-20  -0.394E-24  -0.231E-19  -0.125E-22
   0.160E+23   0.697E+02   0.545E-21  -0.147E-21   0.132E-21   0.499E-19  -0.758E-20  -0.385E-24  -0.213E-19  -0.834E-23
   0.163E+23   0.697E+02   0.385E-21  -0.145E-21   0.132E-21   0.508E-19  -0.641E-20  -0.372E-24  -0.197E-19  -0.549E-23
   0.167E+23   0.697E+02   0.274E-21  -0.142E-21   0.132E-21   0.515E-19  -0.540E-20  -0.352E-24  -0.183E-19  -0.356E-23
   0.171E+23   0.697E+02   0.196E-21  -0.141E-21   0.132E-21   0.520E-19  -0.468E-20  -0.327E-24  -0.173E-19  -0.228E-23
   0.175E+23   0.697E+02   0.142E-21  -0.140E-21   0.131E-21   0.522E-19  -0.426E-20  -0.298E-24  -0.167E-19  -0.144E-23
   0.179E+23   0.697E+02   0.103E-21  -0.140E-21   0.130E-21   0.519E-19  -0.408E-20  -0.267E-24  -0.163E-19  -0.905E-24
   0.182E+23   0.697E+02   0.761E-22  -0.141E-21   0.128E-21   0.512E-19  -0.412E-20  -0.235E-24  -0.163E-19  -0.567E-24
   0.186E+23   0.697E+02   0.568E-22  -0.142E-21   0.125E-21   0.499E-19  -0.427E-20  -0.205E-24  -0.169E-19  -0.360E-24
   0.190E+23   0.697E+02   0.431E-22  -0.145E-21   0.121E-21   0.482E-19  -0.441E-20  -0.179E-24  -0.178E-19  -0.237E-24
