# NH	T	H	H2	C	CO 
  5.736E+13  1.126E+02  6.930E-01  1.523E-01  2.797E-06  9.714E-05
  7.676E+13  8.089E+01  6.964E-01  1.504E-01  2.989E-06  9.694E-05
  1.028E+14  8.070E+01  6.948E-01  1.513E-01  2.990E-06  9.694E-05
  1.377E+14  8.045E+01  6.925E-01  1.524E-01  2.990E-06  9.694E-05
  1.845E+14  8.007E+01  6.895E-01  1.539E-01  2.991E-06  9.694E-05
  2.473E+14  7.956E+01  6.853E-01  1.560E-01  2.993E-06  9.694E-05
  3.314E+14  7.888E+01  6.796E-01  1.589E-01  2.994E-06  9.693E-05
  4.444E+14  7.794E+01  6.716E-01  1.629E-01  2.997E-06  9.693E-05
  5.958E+14  7.672E+01  6.604E-01  1.685E-01  3.000E-06  9.693E-05
  7.990E+14  7.503E+01  6.445E-01  1.764E-01  3.006E-06  9.692E-05
  1.071E+15  7.266E+01  6.214E-01  1.880E-01  3.014E-06  9.691E-05
  1.437E+15  6.963E+01  5.875E-01  2.050E-01  3.025E-06  9.689E-05
  1.927E+15  6.585E+01  5.367E-01  2.304E-01  3.041E-06  9.687E-05
  2.585E+15  6.097E+01  4.640E-01  2.668E-01  3.066E-06  9.684E-05
  3.467E+15  5.467E+01  3.709E-01  3.134E-01  3.117E-06  9.677E-05
  4.650E+15  4.689E+01  2.677E-01  3.651E-01  3.209E-06  9.665E-05
  6.238E+15  3.804E+01  1.741E-01  4.121E-01  3.336E-06  9.648E-05
  8.369E+15  2.961E+01  1.059E-01  4.464E-01  3.567E-06  9.618E-05
  1.123E+16  2.252E+01  6.291E-02  4.680E-01  3.900E-06  9.576E-05
  1.506E+16  1.743E+01  3.871E-02  4.803E-01  4.278E-06  9.531E-05
  2.021E+16  1.410E+01  2.586E-02  4.868E-01  4.649E-06  9.488E-05
  2.711E+16  1.210E+01  1.873E-02  4.904E-01  4.959E-06  9.454E-05
  3.636E+16  1.081E+01  1.447E-02  4.926E-01  5.235E-06  9.426E-05
  4.878E+16  1.002E+01  1.169E-02  4.940E-01  5.458E-06  9.404E-05
  6.543E+16  9.555E+00  9.762E-03  4.950E-01  5.625E-06  9.389E-05
  8.776E+16  9.262E+00  8.321E-03  4.957E-01  5.767E-06  9.376E-05
  1.177E+17  9.116E+00  7.223E-03  4.963E-01  5.860E-06  9.369E-05
  1.579E+17  9.059E+00  6.348E-03  4.967E-01  5.930E-06  9.364E-05
  2.118E+17  9.098E+00  5.667E-03  4.971E-01  5.934E-06  9.366E-05
  2.841E+17  9.202E+00  5.099E-03  4.974E-01  5.919E-06  9.371E-05
  3.810E+17  9.386E+00  4.632E-03  4.976E-01  5.861E-06  9.379E-05
  5.111E+17  9.800E+00  2.227E-03  4.989E-01  8.859E-06  9.029E-05
  6.855E+17  1.001E+01  1.984E-03  4.990E-01  8.529E-06  9.067E-05
  9.195E+17  1.051E+01  1.751E-03  4.991E-01  8.222E-06  9.102E-05
  1.233E+18  1.167E+01  1.544E-03  4.992E-01  7.908E-06  9.139E-05
  1.654E+18  1.309E+01  1.363E-03  4.993E-01  7.589E-06  9.175E-05
  2.219E+18  3.124E+01  1.090E-03  4.994E-01  7.041E-06  9.234E-05
  2.976E+18  3.060E+01  1.036E-03  4.995E-01  6.938E-06  9.251E-05
  3.991E+18  3.002E+01  9.128E-04  4.995E-01  6.583E-06  9.291E-05
  5.353E+18  2.948E+01  8.003E-04  4.996E-01  6.206E-06  9.333E-05
  7.180E+18  2.899E+01  6.974E-04  4.996E-01  5.796E-06  9.379E-05
  9.630E+18  2.856E+01  6.033E-04  4.997E-01  5.351E-06  9.428E-05
  1.292E+19  2.816E+01  5.175E-04  4.997E-01  4.872E-06  9.481E-05
  1.732E+19  2.782E+01  4.393E-04  4.998E-01  4.369E-06  9.536E-05
  2.324E+19  2.749E+01  3.691E-04  4.998E-01  3.865E-06  9.590E-05
  3.116E+19  2.721E+01  3.069E-04  4.998E-01  3.390E-06  9.642E-05
  4.180E+19  2.696E+01  2.525E-04  4.999E-01  2.961E-06  9.689E-05
  5.606E+19  2.670E+01  2.055E-04  4.999E-01  2.583E-06  9.729E-05
  7.335E+19  2.651E+01  1.676E-04  4.999E-01  2.237E-06  9.767E-05
  9.064E+19  2.635E+01  1.407E-04  4.999E-01  1.941E-06  9.798E-05
  1.079E+20  2.622E+01  1.214E-04  4.999E-01  1.748E-06  9.819E-05
  1.252E+20  2.608E+01  1.068E-04  4.999E-01  1.613E-06  9.833E-05
  1.425E+20  2.597E+01  9.532E-05  5.000E-01  1.513E-06  9.844E-05
  1.598E+20  2.585E+01  8.595E-05  5.000E-01  1.436E-06  9.852E-05
  1.771E+20  2.575E+01  7.814E-05  5.000E-01  1.374E-06  9.859E-05
  1.944E+20  2.563E+01  7.152E-05  5.000E-01  1.324E-06  9.864E-05
  2.117E+20  2.553E+01  6.581E-05  5.000E-01  1.282E-06  9.869E-05
  2.290E+20  2.541E+01  6.084E-05  5.000E-01  1.246E-06  9.873E-05
  2.463E+20  2.529E+01  5.647E-05  5.000E-01  1.216E-06  9.876E-05
  2.635E+20  2.517E+01  5.259E-05  5.000E-01  1.189E-06  9.879E-05
  2.808E+20  2.505E+01  4.912E-05  5.000E-01  1.165E-06  9.881E-05
  2.981E+20  2.493E+01  4.600E-05  5.000E-01  1.144E-06  9.884E-05
  3.154E+20  2.481E+01  4.317E-05  5.000E-01  1.124E-06  9.886E-05
  3.327E+20  2.469E+01  4.061E-05  5.000E-01  1.107E-06  9.888E-05
  3.500E+20  2.458E+01  3.828E-05  5.000E-01  1.090E-06  9.889E-05
  3.673E+20  2.446E+01  3.614E-05  5.000E-01  1.075E-06  9.891E-05
  3.846E+20  2.435E+01  3.418E-05  5.000E-01  1.061E-06  9.892E-05
  4.019E+20  2.423E+01  3.237E-05  5.000E-01  1.048E-06  9.894E-05
  4.192E+20  2.410E+01  3.070E-05  5.000E-01  1.035E-06  9.895E-05
  4.364E+20  2.398E+01  2.916E-05  5.000E-01  1.023E-06  9.896E-05
  4.537E+20  2.387E+01  2.773E-05  5.000E-01  1.011E-06  9.898E-05
  4.710E+20  2.376E+01  2.640E-05  5.000E-01  9.994E-07  9.899E-05
  4.883E+20  2.363E+01  2.517E-05  5.000E-01  9.883E-07  9.900E-05
  5.056E+20  2.353E+01  2.401E-05  5.000E-01  9.775E-07  9.901E-05
  5.229E+20  2.340E+01  2.294E-05  5.000E-01  9.668E-07  9.902E-05
  5.402E+20  2.329E+01  2.193E-05  5.000E-01  9.563E-07  9.903E-05
  5.575E+20  2.318E+01  2.099E-05  5.000E-01  9.459E-07  9.905E-05
  5.748E+20  2.307E+01  2.011E-05  5.000E-01  9.355E-07  9.906E-05
  5.921E+20  2.297E+01  1.929E-05  5.000E-01  9.252E-07  9.907E-05
  6.093E+20  2.284E+01  1.851E-05  5.000E-01  9.149E-07  9.908E-05
  6.266E+20  2.273E+01  1.778E-05  5.000E-01  9.046E-07  9.909E-05
  6.439E+20  2.262E+01  1.710E-05  5.000E-01  8.942E-07  9.910E-05
  6.612E+20  2.252E+01  1.646E-05  5.000E-01  8.838E-07  9.911E-05
  6.785E+20  2.241E+01  1.585E-05  5.000E-01  8.733E-07  9.912E-05
  6.958E+20  2.229E+01  1.528E-05  5.000E-01  8.628E-07  9.913E-05
  7.131E+20  2.220E+01  1.474E-05  5.000E-01  8.523E-07  9.914E-05
  7.304E+20  2.208E+01  1.423E-05  5.000E-01  8.416E-07  9.915E-05
  7.477E+20  2.197E+01  1.374E-05  5.000E-01  8.310E-07  9.916E-05
  7.650E+20  2.187E+01  1.329E-05  5.000E-01  8.203E-07  9.917E-05
  7.822E+20  2.177E+01  1.285E-05  5.000E-01  8.096E-07  9.919E-05
  7.995E+20  2.166E+01  1.244E-05  5.000E-01  7.990E-07  9.920E-05
  8.168E+20  2.156E+01  1.205E-05  5.000E-01  7.884E-07  9.921E-05
  8.341E+20  2.144E+01  1.168E-05  5.000E-01  7.779E-07  9.922E-05
  8.514E+20  2.134E+01  1.132E-05  5.000E-01  7.676E-07  9.923E-05
  8.687E+20  2.124E+01  1.098E-05  5.000E-01  7.574E-07  9.924E-05
  8.860E+20  2.116E+01  1.066E-05  5.000E-01  7.474E-07  9.925E-05
  9.033E+20  2.106E+01  1.034E-05  5.000E-01  7.377E-07  9.926E-05
  9.206E+20  2.096E+01  1.004E-05  5.000E-01  7.283E-07  9.927E-05
  9.379E+20  2.086E+01  9.754E-06  5.000E-01  7.193E-07  9.928E-05
  9.551E+20  2.076E+01  9.475E-06  5.000E-01  7.107E-07  9.929E-05
  9.724E+20  2.065E+01  9.205E-06  5.000E-01  7.024E-07  9.929E-05
  9.897E+20  2.056E+01  8.943E-06  5.000E-01  6.947E-07  9.930E-05
  1.007E+21  2.047E+01  8.690E-06  5.000E-01  6.873E-07  9.931E-05
  1.024E+21  2.037E+01  8.444E-06  5.000E-01  6.805E-07  9.932E-05
  1.042E+21  2.027E+01  8.205E-06  5.000E-01  6.741E-07  9.932E-05
  1.059E+21  2.019E+01  7.972E-06  5.000E-01  6.683E-07  9.933E-05
  1.076E+21  2.008E+01  7.748E-06  5.000E-01  6.628E-07  9.933E-05
  1.093E+21  1.999E+01  7.528E-06  5.000E-01  6.580E-07  9.934E-05
  1.111E+21  1.991E+01  7.316E-06  5.000E-01  6.535E-07  9.934E-05
  1.128E+21  1.982E+01  7.110E-06  5.000E-01  6.494E-07  9.935E-05
  1.145E+21  1.972E+01  6.911E-06  5.000E-01  6.457E-07  9.935E-05
  1.163E+21  1.963E+01  6.718E-06  5.000E-01  6.424E-07  9.936E-05
  1.180E+21  1.954E+01  6.531E-06  5.000E-01  6.394E-07  9.936E-05
  1.197E+21  1.946E+01  6.351E-06  5.000E-01  6.367E-07  9.936E-05
  1.214E+21  1.937E+01  6.177E-06  5.000E-01  6.342E-07  9.936E-05
  1.232E+21  1.928E+01  6.010E-06  5.000E-01  6.319E-07  9.937E-05
  1.249E+21  1.920E+01  5.849E-06  5.000E-01  6.298E-07  9.937E-05
  1.266E+21  1.911E+01  5.694E-06  5.000E-01  6.279E-07  9.937E-05
  1.284E+21  1.902E+01  5.545E-06  5.000E-01  6.261E-07  9.937E-05
  1.301E+21  1.894E+01  5.402E-06  5.000E-01  6.243E-07  9.937E-05
  1.318E+21  1.885E+01  5.264E-06  5.000E-01  6.227E-07  9.938E-05
  1.336E+21  1.878E+01  5.133E-06  5.000E-01  6.211E-07  9.938E-05
  1.353E+21  1.869E+01  5.006E-06  5.000E-01  6.195E-07  9.938E-05
  1.370E+21  1.860E+01  4.885E-06  5.000E-01  6.180E-07  9.938E-05
  1.387E+21  1.853E+01  4.769E-06  5.000E-01  6.165E-07  9.938E-05
  1.405E+21  1.844E+01  4.658E-06  5.000E-01  6.149E-07  9.938E-05
  1.422E+21  1.837E+01  4.551E-06  5.000E-01  6.133E-07  9.939E-05
  1.439E+21  1.828E+01  4.449E-06  5.000E-01  6.117E-07  9.939E-05
  1.457E+21  1.821E+01  4.352E-06  5.000E-01  6.101E-07  9.939E-05
  1.474E+21  1.813E+01  4.258E-06  5.000E-01  6.084E-07  9.939E-05
  1.491E+21  1.805E+01  4.169E-06  5.000E-01  6.066E-07  9.939E-05
  1.508E+21  1.798E+01  4.083E-06  5.000E-01  6.048E-07  9.939E-05
  1.526E+21  1.790E+01  4.000E-06  5.000E-01  6.030E-07  9.940E-05
  1.543E+21  1.781E+01  3.922E-06  5.000E-01  6.011E-07  9.940E-05
  1.560E+21  1.774E+01  3.846E-06  5.000E-01  5.991E-07  9.940E-05
  1.578E+21  1.767E+01  3.774E-06  5.000E-01  5.970E-07  9.940E-05
  1.595E+21  1.759E+01  3.704E-06  5.000E-01  5.949E-07  9.940E-05
  1.612E+21  1.752E+01  3.637E-06  5.000E-01  5.927E-07  9.941E-05
  1.629E+21  1.745E+01  3.574E-06  5.000E-01  5.904E-07  9.941E-05
  1.647E+21  1.737E+01  3.512E-06  5.000E-01  5.881E-07  9.941E-05
  1.664E+21  1.730E+01  3.454E-06  5.000E-01  5.857E-07  9.941E-05
  1.681E+21  1.723E+01  3.397E-06  5.000E-01  5.832E-07  9.942E-05
  1.699E+21  1.717E+01  3.343E-06  5.000E-01  5.806E-07  9.942E-05
  1.716E+21  1.710E+01  3.291E-06  5.000E-01  5.779E-07  9.942E-05
  1.733E+21  1.703E+01  3.241E-06  5.000E-01  5.752E-07  9.942E-05
  1.750E+21  1.696E+01  3.193E-06  5.000E-01  5.723E-07  9.943E-05
  1.768E+21  1.688E+01  3.147E-06  5.000E-01  5.694E-07  9.943E-05
  1.785E+21  1.682E+01  3.103E-06  5.000E-01  5.665E-07  9.943E-05
  1.802E+21  1.675E+01  3.060E-06  5.000E-01  5.634E-07  9.944E-05
  1.820E+21  1.668E+01  3.019E-06  5.000E-01  5.602E-07  9.944E-05
  1.837E+21  1.662E+01  2.980E-06  5.000E-01  5.570E-07  9.944E-05
  1.854E+21  1.655E+01  2.942E-06  5.000E-01  5.537E-07  9.945E-05
  1.872E+21  1.648E+01  2.906E-06  5.000E-01  5.503E-07  9.945E-05
  1.889E+21  1.641E+01  2.871E-06  5.000E-01  5.468E-07  9.945E-05
  1.906E+21  1.635E+01  2.837E-06  5.000E-01  5.432E-07  9.946E-05
  2.286E+21  1.503E+01  2.349E-06  5.000E-01  5.049E-07  9.949E-05
  2.666E+21  1.395E+01  2.118E-06  5.000E-01  3.494E-07  9.965E-05
  3.046E+21  1.304E+01  2.008E-06  5.000E-01  2.317E-07  9.977E-05
  3.426E+21  1.227E+01  1.953E-06  5.000E-01  1.550E-07  9.984E-05
  3.806E+21  1.165E+01  1.922E-06  5.000E-01  1.056E-07  9.989E-05
  4.186E+21  1.115E+01  1.904E-06  5.000E-01  7.278E-08  9.993E-05
  4.566E+21  1.076E+01  1.891E-06  5.000E-01  5.035E-08  9.995E-05
  4.946E+21  1.045E+01  1.883E-06  5.000E-01  3.485E-08  9.996E-05
  5.326E+21  1.021E+01  1.877E-06  5.000E-01  2.407E-08  9.997E-05
  5.706E+21  1.004E+01  1.872E-06  5.000E-01  1.658E-08  9.998E-05
  6.086E+21  9.912E+00  1.868E-06  5.000E-01  1.137E-08  9.999E-05
  6.466E+21  9.818E+00  1.864E-06  5.000E-01  7.757E-09  9.999E-05
  6.846E+21  9.756E+00  1.860E-06  5.000E-01  5.255E-09  9.999E-05
  7.226E+21  9.710E+00  1.854E-06  5.000E-01  3.529E-09  1.000E-04
  7.606E+21  9.687E+00  1.845E-06  5.000E-01  2.347E-09  1.000E-04
  7.986E+21  9.664E+00  1.831E-06  5.000E-01  1.548E-09  1.000E-04
  8.366E+21  9.657E+00  1.809E-06  5.000E-01  1.019E-09  1.000E-04
  8.746E+21  9.642E+00  1.775E-06  5.000E-01  6.760E-10  1.000E-04
  9.126E+21  9.634E+00  1.727E-06  5.000E-01  4.608E-10  1.000E-04
  9.506E+21  9.637E+00  1.666E-06  5.000E-01  3.296E-10  1.000E-04
  9.886E+21  9.638E+00  1.597E-06  5.000E-01  2.512E-10  1.000E-04
  1.027E+22  9.634E+00  1.529E-06  5.000E-01  2.046E-10  1.000E-04
  1.065E+22  9.635E+00  1.469E-06  5.000E-01  1.765E-10  1.000E-04
  1.103E+22  9.636E+00  1.420E-06  5.000E-01  1.592E-10  1.000E-04
  1.141E+22  9.632E+00  1.382E-06  5.000E-01  1.483E-10  1.000E-04
  1.179E+22  9.632E+00  1.354E-06  5.000E-01  1.412E-10  1.000E-04
  1.217E+22  9.632E+00  1.335E-06  5.000E-01  1.365E-10  1.000E-04
  1.255E+22  9.635E+00  1.321E-06  5.000E-01  1.334E-10  1.000E-04
  1.293E+22  9.625E+00  1.311E-06  5.000E-01  1.312E-10  1.000E-04
  1.331E+22  9.627E+00  1.304E-06  5.000E-01  1.298E-10  1.000E-04
  1.369E+22  9.631E+00  1.299E-06  5.000E-01  1.288E-10  1.000E-04
  1.407E+22  9.634E+00  1.296E-06  5.000E-01  1.281E-10  1.000E-04
  1.445E+22  9.638E+00  1.294E-06  5.000E-01  1.276E-10  1.000E-04
  1.483E+22  9.638E+00  1.292E-06  5.000E-01  1.273E-10  1.000E-04
  1.521E+22  9.638E+00  1.291E-06  5.000E-01  1.271E-10  1.000E-04
  1.559E+22  9.638E+00  1.290E-06  5.000E-01  1.269E-10  1.000E-04
  1.597E+22  9.630E+00  1.290E-06  5.000E-01  1.268E-10  1.000E-04
  1.635E+22  9.634E+00  1.289E-06  5.000E-01  1.267E-10  1.000E-04
  1.673E+22  9.634E+00  1.289E-06  5.000E-01  1.267E-10  1.000E-04
  1.711E+22  9.635E+00  1.289E-06  5.000E-01  1.266E-10  1.000E-04
  1.749E+22  9.632E+00  1.289E-06  5.000E-01  1.266E-10  1.000E-04
  1.787E+22  9.635E+00  1.288E-06  5.000E-01  1.266E-10  1.000E-04
  1.825E+22  9.632E+00  1.288E-06  5.000E-01  1.266E-10  1.000E-04
  1.863E+22  9.636E+00  1.288E-06  5.000E-01  1.266E-10  1.000E-04
  1.901E+22  9.639E+00  1.288E-06  5.000E-01  1.266E-10  1.000E-04
