     200   number of z grid-points
           5          14   important heating & cooling processes
      32   number of CO lines
        N<H>       Tdust        Tgas           H          H2          e-           O          C+           C          CO          CH         CH4          OH         H2O
 0.00000E+00 3.00000E+00 7.92305E+03 3.07970E+05 8.23678E+00 8.91344E+03 9.27891E+01 5.72228E+00 2.25306E+01 3.32566E-04 2.12896E-05 1.38163E-21 2.28778E-02 8.58063E-08
 1.72423E+18 3.00000E+00 7.92404E+03 3.07970E+05 8.23123E+00 8.91330E+03 9.27891E+01 5.72212E+00 2.25308E+01 3.32488E-04 2.12763E-05 1.37848E-21 2.28714E-02 8.57230E-08
 1.86969E+18 3.00000E+00 7.92305E+03 3.07970E+05 8.23677E+00 8.91293E+03 9.27892E+01 5.72202E+00 2.25309E+01 3.32601E-04 2.12901E-05 1.38180E-21 2.28788E-02 8.58142E-08
 2.02743E+18 3.00000E+00 7.92404E+03 3.07970E+05 8.23122E+00 8.91322E+03 9.27891E+01 5.72208E+00 2.25309E+01 3.32494E-04 2.12764E-05 1.37851E-21 2.28715E-02 8.57243E-08
 2.19848E+18 3.00000E+00 7.92305E+03 3.07970E+05 8.23677E+00 8.91284E+03 9.27892E+01 5.72198E+00 2.25310E+01 3.32607E-04 2.12902E-05 1.38183E-21 2.28790E-02 8.58156E-08
 2.38395E+18 3.00000E+00 7.92404E+03 3.07970E+05 8.23122E+00 8.91312E+03 9.27892E+01 5.72203E+00 2.25309E+01 3.32501E-04 2.12765E-05 1.37855E-21 2.28717E-02 8.57259E-08
 2.58508E+18 3.00000E+00 7.92305E+03 3.07970E+05 8.23677E+00 8.91273E+03 9.27892E+01 5.72192E+00 2.25310E+01 3.32615E-04 2.12903E-05 1.38187E-21 2.28792E-02 8.58173E-08
 2.80317E+18 3.00000E+00 7.92404E+03 3.07970E+05 8.23122E+00 8.91300E+03 9.27892E+01 5.72197E+00 2.25310E+01 3.32509E-04 2.12766E-05 1.37858E-21 2.28719E-02 8.57277E-08
 3.03966E+18 3.00000E+00 7.92305E+03 3.07971E+05 8.23677E+00 8.91261E+03 9.27892E+01 5.72186E+00 2.25311E+01 3.32623E-04 2.12904E-05 1.38191E-21 2.28794E-02 8.58192E-08
 3.29611E+18 3.00000E+00 7.92206E+03 3.07971E+05 8.24232E+00 8.91221E+03 9.27893E+01 5.72175E+00 2.25312E+01 3.32738E-04 2.13042E-05 1.38525E-21 2.28869E-02 8.59110E-08
 3.57419E+18 3.00000E+00 7.92305E+03 3.07971E+05 8.23676E+00 8.91246E+03 9.27893E+01 5.72179E+00 2.25312E+01 3.32633E-04 2.12905E-05 1.38196E-21 2.28797E-02 8.58215E-08
 3.87573E+18 3.00000E+00 7.92206E+03 3.07971E+05 8.24231E+00 8.91205E+03 9.27893E+01 5.72167E+00 2.25313E+01 3.32749E-04 2.13043E-05 1.38530E-21 2.28872E-02 8.59135E-08
 4.20271E+18 3.00000E+00 7.92305E+03 3.07971E+05 8.23676E+00 8.91229E+03 9.27893E+01 5.72170E+00 2.25313E+01 3.32645E-04 2.12906E-05 1.38202E-21 2.28800E-02 8.58242E-08
 4.55727E+18 3.00000E+00 7.92206E+03 3.07971E+05 8.24231E+00 8.91186E+03 9.27894E+01 5.72157E+00 2.25314E+01 3.32762E-04 2.13045E-05 1.38537E-21 2.28875E-02 8.59164E-08
 4.94175E+18 3.00000E+00 7.92305E+03 3.07971E+05 8.23676E+00 8.91208E+03 9.27894E+01 5.72159E+00 2.25314E+01 3.32659E-04 2.12908E-05 1.38209E-21 2.28804E-02 8.58273E-08
 5.35866E+18 3.00000E+00 7.92206E+03 3.07971E+05 8.24231E+00 8.91164E+03 9.27894E+01 5.72146E+00 2.25315E+01 3.32777E-04 2.13047E-05 1.38544E-21 2.28879E-02 8.59198E-08
 5.81075E+18 3.00000E+00 7.92305E+03 3.07971E+05 8.23675E+00 8.91184E+03 9.27894E+01 5.72147E+00 2.25315E+01 3.32675E-04 2.12910E-05 1.38217E-21 2.28808E-02 8.58310E-08
 6.30098E+18 3.00000E+00 7.92206E+03 3.07972E+05 8.24230E+00 8.91138E+03 9.27895E+01 5.72133E+00 2.25317E+01 3.32795E-04 2.13049E-05 1.38553E-21 2.28884E-02 8.59238E-08
 6.83257E+18 3.00000E+00 7.92305E+03 3.07971E+05 8.23675E+00 8.91156E+03 9.27895E+01 5.72133E+00 2.25317E+01 3.32695E-04 2.12913E-05 1.38226E-21 2.28813E-02 8.58354E-08
 7.40901E+18 3.00000E+00 7.92206E+03 3.07972E+05 8.24230E+00 8.91107E+03 9.27896E+01 5.72118E+00 2.25318E+01 3.32816E-04 2.13052E-05 1.38563E-21 2.28890E-02 8.59285E-08
 8.03408E+18 3.00000E+00 7.92305E+03 3.07972E+05 8.23674E+00 8.91123E+03 9.27895E+01 5.72116E+00 2.25319E+01 3.32717E-04 2.12916E-05 1.38237E-21 2.28819E-02 8.58405E-08
 8.71188E+18 3.00000E+00 7.92206E+03 3.07972E+05 8.24229E+00 8.91072E+03 9.27896E+01 5.72099E+00 2.25320E+01 3.32840E-04 2.13055E-05 1.38575E-21 2.28896E-02 8.59341E-08
 9.44687E+18 3.00000E+00 7.92305E+03 3.07972E+05 8.23674E+00 8.91084E+03 9.27896E+01 5.72097E+00 2.25321E+01 3.32744E-04 2.12919E-05 1.38251E-21 2.28827E-02 8.58465E-08
 1.02439E+19 3.00000E+00 7.92206E+03 3.07973E+05 8.24228E+00 8.91029E+03 9.27897E+01 5.72078E+00 2.25323E+01 3.32869E-04 2.13059E-05 1.38589E-21 2.28904E-02 8.59406E-08
 1.11081E+19 3.00000E+00 7.92305E+03 3.07973E+05 8.23673E+00 8.91039E+03 9.27897E+01 5.72073E+00 2.25323E+01 3.32775E-04 2.12923E-05 1.38266E-21 2.28835E-02 8.58536E-08
 1.20452E+19 3.00000E+00 7.92206E+03 3.07973E+05 8.24227E+00 8.90980E+03 9.27898E+01 5.72053E+00 2.25325E+01 3.32903E-04 2.13063E-05 1.38606E-21 2.28913E-02 8.59483E-08
 1.30614E+19 3.00000E+00 7.92305E+03 3.07973E+05 8.23672E+00 8.90985E+03 9.27898E+01 5.72046E+00 2.25326E+01 3.32812E-04 2.12928E-05 1.38284E-21 2.28845E-02 8.58619E-08
 1.41634E+19 3.00000E+00 7.92206E+03 3.07974E+05 8.24226E+00 8.90921E+03 9.27900E+01 5.72023E+00 2.25329E+01 3.32943E-04 2.13068E-05 1.38626E-21 2.28924E-02 8.59573E-08
 1.53583E+19 3.00000E+00 7.92305E+03 3.07974E+05 8.23671E+00 8.90921E+03 9.27900E+01 5.72014E+00 2.25330E+01 3.32855E-04 2.12933E-05 1.38305E-21 2.28857E-02 8.58717E-08
 1.66540E+19 3.00000E+00 7.92206E+03 3.07974E+05 8.24225E+00 8.90853E+03 9.27901E+01 5.71989E+00 2.25332E+01 3.32990E-04 2.13074E-05 1.38649E-21 2.28937E-02 8.59679E-08
 1.80590E+19 3.00000E+00 7.92305E+03 3.07974E+05 8.23669E+00 8.90847E+03 9.27901E+01 5.71977E+00 2.25334E+01 3.32906E-04 2.12940E-05 1.38330E-21 2.28870E-02 8.58831E-08
 1.95826E+19 3.00000E+00 7.92206E+03 3.07975E+05 8.24223E+00 8.90772E+03 9.27903E+01 5.71948E+00 2.25337E+01 3.33045E-04 2.13081E-05 1.38676E-21 2.28952E-02 8.59804E-08
 2.12347E+19 3.00000E+00 7.92305E+03 3.07975E+05 8.23667E+00 8.90760E+03 9.27903E+01 5.71932E+00 2.25338E+01 3.32966E-04 2.12947E-05 1.38360E-21 2.28887E-02 8.58967E-08
 2.30262E+19 3.00000E+00 7.92206E+03 3.07976E+05 8.24222E+00 8.90677E+03 9.27905E+01 5.71900E+00 2.25342E+01 3.33110E-04 2.13089E-05 1.38708E-21 2.28969E-02 8.59950E-08
 2.49688E+19 3.00000E+00 7.92305E+03 3.07976E+05 8.23665E+00 8.90657E+03 9.27906E+01 5.71880E+00 2.25344E+01 3.33036E-04 2.12956E-05 1.38394E-21 2.28906E-02 8.59125E-08
 2.70754E+19 3.00000E+00 7.92206E+03 3.07977E+05 8.24219E+00 8.90566E+03 9.27907E+01 5.71843E+00 2.25348E+01 3.33186E-04 2.13099E-05 1.38746E-21 2.28990E-02 8.60123E-08
 2.93596E+19 3.00000E+00 7.92107E+03 3.07978E+05 8.24774E+00 8.90470E+03 9.27909E+01 5.71804E+00 2.25352E+01 3.33340E-04 2.13242E-05 1.39100E-21 2.29075E-02 8.61129E-08
 3.18365E+19 3.00000E+00 7.92206E+03 3.07978E+05 8.24217E+00 8.90435E+03 9.27910E+01 5.71777E+00 2.25355E+01 3.33276E-04 2.13110E-05 1.38790E-21 2.29014E-02 8.60325E-08
 3.45225E+19 3.00000E+00 7.92107E+03 3.07979E+05 8.24771E+00 8.90328E+03 9.27912E+01 5.71732E+00 2.25360E+01 3.33437E-04 2.13254E-05 1.39148E-21 2.29102E-02 8.61349E-08
 3.74350E+19 3.00000E+00 7.92206E+03 3.07979E+05 8.24214E+00 8.90281E+03 9.27914E+01 5.71699E+00 2.25363E+01 3.33382E-04 2.13124E-05 1.38842E-21 2.29043E-02 8.60564E-08
 4.05932E+19 3.00000E+00 7.92107E+03 3.07980E+05 8.24768E+00 8.90161E+03 9.27916E+01 5.71648E+00 2.25369E+01 3.33552E-04 2.13269E-05 1.39204E-21 2.29132E-02 8.61608E-08
 4.40179E+19 3.00000E+00 7.92206E+03 3.07981E+05 8.24210E+00 8.90100E+03 9.27918E+01 5.71607E+00 2.25373E+01 3.33506E-04 2.13139E-05 1.38903E-21 2.29076E-02 8.60844E-08
 4.77315E+19 3.00000E+00 7.92107E+03 3.07982E+05 8.24764E+00 8.89965E+03 9.27920E+01 5.71548E+00 2.25380E+01 3.33686E-04 2.13286E-05 1.39270E-21 2.29169E-02 8.61912E-08
 5.17584E+19 3.00000E+00 7.92008E+03 3.07983E+05 8.25318E+00 8.89821E+03 9.27923E+01 5.71484E+00 2.25386E+01 3.33873E-04 2.13433E-05 1.39642E-21 2.29263E-02 8.62995E-08
 5.61251E+19 3.00000E+00 7.92107E+03 3.07984E+05 8.24759E+00 8.89734E+03 9.27925E+01 5.71431E+00 2.25392E+01 3.33845E-04 2.13306E-05 1.39348E-21 2.29212E-02 8.62270E-08
 6.08601E+19 3.00000E+00 7.92008E+03 3.07986E+05 8.25313E+00 8.89571E+03 9.27929E+01 5.71358E+00 2.25400E+01 3.34045E-04 2.13455E-05 1.39727E-21 2.29309E-02 8.63384E-08
 6.59947E+19 3.00000E+00 7.92107E+03 3.07987E+05 8.24754E+00 8.89463E+03 9.27931E+01 5.71294E+00 2.25407E+01 3.34031E-04 2.13330E-05 1.39440E-21 2.29262E-02 8.62691E-08
 7.15624E+19 3.00000E+00 7.92008E+03 3.07988E+05 8.25307E+00 8.89277E+03 9.27935E+01 5.71209E+00 2.25416E+01 3.34247E-04 2.13481E-05 1.39827E-21 2.29364E-02 8.63841E-08
 7.75998E+19 3.00000E+00 7.91909E+03 3.07990E+05 8.25860E+00 8.89078E+03 9.27939E+01 5.71117E+00 2.25426E+01 3.34472E-04 2.13633E-05 1.40219E-21 2.29469E-02 8.65012E-08
 8.41466E+19 3.00000E+00 7.92008E+03 3.07991E+05 8.25300E+00 8.88931E+03 9.27943E+01 5.71034E+00 2.25435E+01 3.34485E-04 2.13511E-05 1.39944E-21 2.29428E-02 8.64379E-08
 9.12457E+19 3.00000E+00 7.91909E+03 3.07993E+05 8.25852E+00 8.88704E+03 9.27948E+01 5.70927E+00 2.25446E+01 3.34730E-04 2.13666E-05 1.40347E-21 2.29538E-02 8.65597E-08
 9.89437E+19 3.00000E+00 7.91810E+03 3.07996E+05 8.26405E+00 8.88459E+03 9.27953E+01 5.70813E+00 2.25459E+01 3.34987E-04 2.13822E-05 1.40756E-21 2.29651E-02 8.66842E-08
 1.07291E+20 3.00000E+00 7.91909E+03 3.07997E+05 8.25844E+00 8.88263E+03 9.27957E+01 5.70704E+00 2.25470E+01 3.35034E-04 2.13704E-05 1.40497E-21 2.29620E-02 8.66284E-08
 1.16343E+20 3.00000E+00 7.91810E+03 3.08000E+05 8.26395E+00 8.87982E+03 9.27963E+01 5.70571E+00 2.25485E+01 3.35316E-04 2.13864E-05 1.40919E-21 2.29740E-02 8.67588E-08
 1.26158E+20 3.00000E+00 7.91711E+03 3.08003E+05 8.26947E+00 8.87680E+03 9.27970E+01 5.70427E+00 2.25500E+01 3.35613E-04 2.14026E-05 1.41350E-21 2.29864E-02 8.68927E-08
 1.36802E+20 3.00000E+00 7.91810E+03 3.08005E+05 8.26384E+00 8.87421E+03 9.27976E+01 5.70287E+00 2.25515E+01 3.35704E-04 2.13913E-05 1.41112E-21 2.29845E-02 8.68466E-08
 1.48343E+20 3.00000E+00 7.91711E+03 3.08008E+05 8.26935E+00 8.87072E+03 9.27983E+01 5.70119E+00 2.25533E+01 3.36034E-04 2.14079E-05 1.41559E-21 2.29977E-02 8.69881E-08
 1.60858E+20 3.00000E+00 7.91612E+03 3.08011E+05 8.27486E+00 8.86696E+03 9.27991E+01 5.69937E+00 2.25553E+01 3.36383E-04 2.14247E-05 1.42018E-21 2.30115E-02 8.71340E-08
 1.74429E+20 3.00000E+00 7.91513E+03 3.08015E+05 8.28037E+00 8.86292E+03 9.28000E+01 5.69742E+00 2.25574E+01 3.36753E-04 2.14419E-05 1.42488E-21 2.30259E-02 8.72847E-08
 1.89145E+20 3.00000E+00 7.91414E+03 3.08019E+05 8.28587E+00 8.85857E+03 9.28009E+01 5.69530E+00 2.25597E+01 3.37145E-04 2.14593E-05 1.42971E-21 2.30408E-02 8.74406E-08
 2.05103E+20 3.00000E+00 7.91513E+03 3.08023E+05 8.28020E+00 8.85453E+03 9.28018E+01 5.69316E+00 2.25620E+01 3.37337E-04 2.14492E-05 1.42779E-21 2.30416E-02 8.74171E-08
 2.22406E+20 3.00000E+00 7.91414E+03 3.08027E+05 8.28569E+00 8.84947E+03 9.28029E+01 5.69069E+00 2.25646E+01 3.37778E-04 2.14672E-05 1.43288E-21 2.30579E-02 8.75844E-08
 2.41170E+20 3.00000E+00 7.91315E+03 3.08032E+05 8.29118E+00 8.84402E+03 9.28041E+01 5.68801E+00 2.25675E+01 3.38248E-04 2.14856E-05 1.43812E-21 2.30749E-02 8.77584E-08
 2.61516E+20 3.00000E+00 7.91216E+03 3.08037E+05 8.29666E+00 8.83814E+03 9.28053E+01 5.68512E+00 2.25706E+01 3.38749E-04 2.15044E-05 1.44353E-21 2.30928E-02 8.79397E-08
 2.83579E+20 3.00000E+00 7.91117E+03 3.08043E+05 8.30214E+00 8.83179E+03 9.28067E+01 5.68199E+00 2.25740E+01 3.39284E-04 2.15236E-05 1.44913E-21 2.31115E-02 8.81287E-08
 3.07504E+20 3.00000E+00 7.91019E+03 3.08049E+05 8.30761E+00 8.82494E+03 9.28082E+01 5.67861E+00 2.25776E+01 3.39855E-04 2.15433E-05 1.45493E-21 2.31312E-02 8.83263E-08
 3.33447E+20 3.00000E+00 7.90920E+03 3.08056E+05 8.31308E+00 8.81755E+03 9.28098E+01 5.67495E+00 2.25815E+01 3.40465E-04 2.15635E-05 1.46095E-21 2.31520E-02 8.85332E-08
 3.61578E+20 3.00000E+00 7.90821E+03 3.08063E+05 8.31853E+00 8.80957E+03 9.28115E+01 5.67099E+00 2.25858E+01 3.41119E-04 2.15842E-05 1.46721E-21 2.31739E-02 8.87502E-08
 3.92083E+20 3.00000E+00 7.90524E+03 3.08071E+05 8.33524E+00 8.80031E+03 9.28135E+01 5.66655E+00 2.25906E+01 3.42046E-04 2.16335E-05 1.48084E-21 2.32121E-02 8.91668E-08
 4.25162E+20 3.00000E+00 7.90425E+03 3.08080E+05 8.34068E+00 8.79100E+03 9.28155E+01 5.66192E+00 2.25955E+01 3.42798E-04 2.16555E-05 1.48768E-21 2.32366E-02 8.94071E-08
 4.61031E+20 3.00000E+00 7.90327E+03 3.08089E+05 8.34612E+00 8.78095E+03 9.28177E+01 5.65691E+00 2.26009E+01 3.43605E-04 2.16782E-05 1.49482E-21 2.32626E-02 8.96604E-08
 4.99926E+20 3.00000E+00 7.90228E+03 3.08098E+05 8.35154E+00 8.77010E+03 9.28201E+01 5.65149E+00 2.26068E+01 3.44473E-04 2.17016E-05 1.50229E-21 2.32901E-02 8.99278E-08
 5.42103E+20 3.00000E+00 7.89931E+03 3.08109E+05 8.36827E+00 8.75772E+03 9.28227E+01 5.64546E+00 2.26132E+01 3.45636E-04 2.17540E-05 1.51744E-21 2.33345E-02 9.04022E-08
 5.87838E+20 3.00000E+00 7.89833E+03 3.08121E+05 8.37367E+00 8.74505E+03 9.28255E+01 5.63912E+00 2.26200E+01 3.46642E-04 2.17791E-05 1.52572E-21 2.33657E-02 9.07023E-08
 6.37431E+20 3.00000E+00 7.89537E+03 3.08134E+05 8.39040E+00 8.73072E+03 9.28285E+01 5.63209E+00 2.26276E+01 3.47957E-04 2.18336E-05 1.54187E-21 2.34140E-02 9.12142E-08
 6.91209E+20 3.00000E+00 7.89240E+03 3.08148E+05 8.40715E+00 8.71528E+03 9.28319E+01 5.62451E+00 2.26357E+01 3.49358E-04 2.18892E-05 1.55862E-21 2.34647E-02 9.17479E-08
 7.49523E+20 3.00000E+00 7.88944E+03 3.08162E+05 8.42392E+00 8.69866E+03 9.28354E+01 5.61632E+00 2.26445E+01 3.50855E-04 2.19460E-05 1.57604E-21 2.35178E-02 9.23055E-08
 8.12758E+20 3.00000E+00 7.88649E+03 3.08179E+05 8.44070E+00 8.68076E+03 9.28393E+01 5.60747E+00 2.26540E+01 3.52454E-04 2.20042E-05 1.59417E-21 2.35735E-02 9.28889E-08
 8.81327E+20 3.00000E+00 7.88353E+03 3.08196E+05 8.45749E+00 8.66147E+03 9.28435E+01 5.59791E+00 2.26643E+01 3.54166E-04 2.20638E-05 1.61309E-21 2.36322E-02 9.35006E-08
 9.55681E+20 3.00000E+00 7.88057E+03 3.08214E+05 8.47428E+00 8.64069E+03 9.28480E+01 5.58759E+00 2.26754E+01 3.56001E-04 2.21250E-05 1.63285E-21 2.36941E-02 9.41431E-08
 1.03631E+21 3.00000E+00 7.87762E+03 3.08235E+05 8.49109E+00 8.61830E+03 9.28528E+01 5.57644E+00 2.26873E+01 3.57970E-04 2.21878E-05 1.65354E-21 2.37594E-02 9.48193E-08
 1.12374E+21 3.00000E+00 7.87269E+03 3.08257E+05 8.51946E+00 8.59353E+03 9.28581E+01 5.56424E+00 2.27004E+01 3.60327E-04 2.22816E-05 1.68341E-21 2.38439E-02 9.57361E-08
 1.21854E+21 3.00000E+00 7.86777E+03 3.08281E+05 8.54791E+00 8.56690E+03 9.28639E+01 5.55108E+00 2.27145E+01 3.62847E-04 2.23777E-05 1.71468E-21 2.39327E-02 9.66970E-08
 1.32135E+21 3.00000E+00 7.86482E+03 3.08306E+05 8.56476E+00 8.53889E+03 9.28699E+01 5.53705E+00 2.27296E+01 3.65303E-04 2.24465E-05 1.73894E-21 2.40103E-02 9.74973E-08
 1.43282E+21 3.00000E+00 7.85794E+03 3.08334E+05 8.60501E+00 8.50745E+03 9.28767E+01 5.52157E+00 2.27462E+01 3.68443E-04 2.25770E-05 1.78188E-21 2.41243E-02 9.87676E-08
 1.55370E+21 3.00000E+00 7.85303E+03 3.08364E+05 8.63366E+00 8.47431E+03 9.28839E+01 5.50506E+00 2.27639E+01 3.71555E-04 2.26806E-05 1.81811E-21 2.42279E-02 9.98867E-08
 1.68478E+21 3.00000E+00 7.84616E+03 3.08396E+05 8.67420E+00 8.43804E+03 9.28917E+01 5.48708E+00 2.27831E+01 3.75154E-04 2.28173E-05 1.86546E-21 2.43534E-02 1.01286E-07
 1.82692E+21 3.00000E+00 7.83929E+03 3.08431E+05 8.71490E+00 8.39908E+03 9.29000E+01 5.46771E+00 2.28039E+01 3.79019E-04 2.29575E-05 1.91545E-21 2.44854E-02 1.02761E-07
 1.98105E+21 3.00000E+00 7.83243E+03 3.08469E+05 8.75577E+00 8.35725E+03 9.29091E+01 5.44685E+00 2.28262E+01 3.83174E-04 2.31016E-05 1.96835E-21 2.46246E-02 1.04318E-07
 2.14818E+21 3.00000E+00 7.82362E+03 3.08510E+05 8.80886E+00 8.31170E+03 9.29189E+01 5.42421E+00 2.28504E+01 3.87911E-04 2.32806E-05 2.03447E-21 2.47880E-02 1.06195E-07
 2.32942E+21 3.00000E+00 7.81482E+03 3.08553E+05 8.86226E+00 8.26286E+03 9.29294E+01 5.39985E+00 2.28765E+01 3.93007E-04 2.34646E-05 2.10480E-21 2.49601E-02 1.08180E-07
 2.52594E+21 3.00000E+00 7.80603E+03 3.08600E+05 8.91597E+00 8.21048E+03 9.29407E+01 5.37364E+00 2.29045E+01 3.98502E-04 2.36537E-05 2.17976E-21 2.51418E-02 1.10285E-07
 2.73905E+21 3.00000E+00 7.79334E+03 3.08652E+05 8.99473E+00 8.15310E+03 9.29529E+01 5.34510E+00 2.29350E+01 4.04980E-04 2.39125E-05 2.28252E-21 2.53676E-02 1.13010E-07
 2.97013E+21 3.00000E+00 7.78263E+03 3.08707E+05 9.06171E+00 8.09232E+03 9.29660E+01 5.31462E+00 2.29676E+01 4.11686E-04 2.41464E-05 2.38110E-21 2.55885E-02 1.15655E-07
 3.22071E+21 3.00000E+00 7.76998E+03 3.08765E+05 9.14182E+00 8.02665E+03 9.29801E+01 5.28170E+00 2.30027E+01 4.19223E-04 2.44203E-05 2.49966E-21 2.58394E-02 1.18731E-07
 3.49242E+21 3.00000E+00 7.75541E+03 3.08829E+05 9.23548E+00 7.95583E+03 9.29953E+01 5.24618E+00 2.30406E+01 4.27671E-04 2.47363E-05 2.64112E-21 2.61222E-02 1.22282E-07
 3.78707E+21 3.00000E+00 7.74087E+03 3.08897E+05 9.33017E+00 7.88018E+03 9.30116E+01 5.20811E+00 2.30812E+01 4.36821E-04 2.50623E-05 2.79490E-21 2.64212E-02 1.26080E-07
 4.10657E+21 3.00000E+00 7.72418E+03 3.08970E+05 9.44067E+00 7.79876E+03 9.30290E+01 5.16709E+00 2.31249E+01 4.47095E-04 2.54382E-05 2.97953E-21 2.67582E-02 1.30476E-07
 4.45302E+21 3.00000E+00 7.70512E+03 3.09049E+05 9.56931E+00 7.71121E+03 9.30478E+01 5.12293E+00 2.31719E+01 4.58649E-04 2.58711E-05 3.20255E-21 2.71384E-02 1.35574E-07
 4.82870E+21 3.00000E+00 7.68611E+03 3.09132E+05 9.69991E+00 7.61797E+03 9.30677E+01 5.07571E+00 2.32221E+01 4.71223E-04 2.63195E-05 3.44912E-21 2.75412E-02 1.41074E-07
 5.23608E+21 3.00000E+00 7.66234E+03 3.09223E+05 9.86714E+00 7.51732E+03 9.30892E+01 5.02474E+00 2.32763E+01 4.85766E-04 2.68772E-05 3.77110E-21 2.80171E-02 1.47841E-07
 5.67783E+21 3.00000E+00 7.63866E+03 3.09319E+05 1.00377E+01 7.41042E+03 9.31121E+01 4.97037E+00 2.33340E+01 5.01651E-04 2.74569E-05 4.13307E-21 2.85223E-02 1.55196E-07
 6.15684E+21 3.00000E+00 7.61028E+03 3.09422E+05 1.02479E+01 7.29557E+03 9.31365E+01 4.91188E+00 2.33961E+01 5.19934E-04 2.81586E-05 4.60148E-21 2.91104E-02 1.64130E-07
 6.67627E+21 3.00000E+00 7.57963E+03 3.09532E+05 1.04820E+01 7.17326E+03 9.31626E+01 4.84936E+00 2.34623E+01 5.40460E-04 2.89423E-05 5.17199E-21 2.97628E-02 1.74418E-07
 7.23952E+21 3.00000E+00 7.54674E+03 3.09649E+05 1.07416E+01 7.04324E+03 9.31902E+01 4.78264E+00 2.35330E+01 5.63529E-04 2.98153E-05 5.87076E-21 3.04855E-02 1.86281E-07
 7.85029E+21 3.00000E+00 7.50929E+03 3.09773E+05 1.10487E+01 6.90464E+03 9.32196E+01 4.71129E+00 2.36084E+01 5.90002E-04 3.08415E-05 6.77798E-21 3.13138E-02 2.00563E-07
 8.51259E+21 3.00000E+00 7.46733E+03 3.09905E+05 1.14076E+01 6.75731E+03 9.32508E+01 4.63512E+00 2.36888E+01 6.20380E-04 3.20383E-05 7.96398E-21 3.22588E-02 2.17751E-07
 9.23076E+21 3.00000E+00 7.41863E+03 3.10046E+05 1.18455E+01 6.60049E+03 9.32838E+01 4.55369E+00 2.37747E+01 6.55835E-04 3.34883E-05 9.59589E-21 3.33649E-02 2.39163E-07
 1.00095E+22 3.00000E+00 7.36562E+03 3.10195E+05 1.23494E+01 6.43480E+03 9.33186E+01 4.46718E+00 2.38658E+01 6.96603E-04 3.51627E-05 1.17850E-20 3.46203E-02 2.65067E-07
 1.08540E+22 3.00000E+00 7.30150E+03 3.10354E+05 1.30006E+01 6.25837E+03 9.33553E+01 4.37446E+00 2.39632E+01 7.45555E-04 3.73048E-05 1.50853E-20 3.61472E-02 2.99222E-07
 1.17697E+22 3.00000E+00 7.23110E+03 3.10520E+05 1.37716E+01 6.07261E+03 9.33939E+01 4.27611E+00 2.40664E+01 8.02870E-04 3.98517E-05 1.98727E-20 3.79160E-02 3.42222E-07
 1.27627E+22 3.00000E+00 7.14608E+03 3.10697E+05 1.47907E+01 5.87541E+03 9.34343E+01 4.17066E+00 2.41768E+01 8.73166E-04 4.31991E-05 2.77556E-20 4.01158E-02 4.01441E-07
 1.38394E+22 3.00000E+00 7.04935E+03 3.10883E+05 1.60809E+01 5.66784E+03 9.34765E+01 4.06954E+00 2.42829E+01 9.59296E-04 4.74261E-05 4.08784E-20 4.27881E-02 4.81970E-07
 1.50070E+22 3.00000E+00 6.93298E+03 3.11080E+05 1.78468E+01 5.44810E+03 9.35203E+01 3.94934E+00 2.44082E+01 1.06752E-03 5.32340E-05 6.57149E-20 4.62235E-02 6.00407E-07
 1.62730E+22 3.00000E+00 6.79118E+03 3.11287E+05 2.03749E+01 5.21505E+03 9.35656E+01 3.82096E+00 2.45416E+01 1.20920E-03 6.15542E-05 1.19012E-19 5.08115E-02 7.86229E-07
 1.76459E+22 3.00000E+00 6.62001E+03 3.11506E+05 2.41131E+01 4.96793E+03 9.36117E+01 3.68383E+00 2.46838E+01 1.40059E-03 7.39073E-05 2.50896E-19 5.71323E-02 1.09691E-06
 1.91346E+22 3.00000E+00 6.40828E+03 3.11737E+05 3.01143E+01 4.70363E+03 9.36579E+01 3.53581E+00 2.48369E+01 1.67662E-03 9.38518E-05 6.63072E-19 6.64939E-02 1.68171E-06
 2.07490E+22 3.00000E+00 6.14437E+03 3.11980E+05 4.06739E+01 4.41743E+03 9.37017E+01 3.37400E+00 2.50036E+01 2.11027E-03 1.29257E-04 2.43548E-18 8.16144E-02 2.96353E-06
 2.24995E+22 3.00000E+00 5.80911E+03 3.12234E+05 6.21670E+01 4.09770E+03 9.37369E+01 3.19192E+00 2.51903E+01 2.89660E-03 2.02220E-04 1.50419E-17 1.09775E-01 6.55138E-06
 2.43977E+22 3.00000E+00 1.98311E+03 2.87332E+05 1.39411E+04 9.88539E+02 8.97197E+01 1.29895E+00 2.69851E+01 1.28403E-01 1.79977E-02 4.10839E-08 4.12552E+00 1.62740E-01
 2.64560E+22 3.00000E+00 1.86323E+03 2.84379E+05 1.54681E+04 8.66490E+02 8.96020E+01 1.17888E+00 2.70985E+01 1.40590E-01 1.40042E-02 3.69861E-08 4.25548E+00 1.90785E-01
 2.86880E+22 3.00000E+00 1.75021E+03 2.80927E+05 1.72426E+04 7.48812E+02 8.94256E+01 1.09538E+00 2.71690E+01 1.58287E-01 1.06847E-02 3.28219E-08 4.42752E+00 2.29593E-01
 3.11083E+22 3.00000E+00 1.64387E+03 2.76871E+05 1.93166E+04 6.36326E+02 8.91616E+01 1.04809E+00 2.71939E+01 1.84505E-01 7.99816E-03 2.89238E-08 4.66040E+00 2.85496E-01
 3.37327E+22 3.00000E+00 1.54463E+03 2.72090E+05 2.17498E+04 5.29651E+02 8.87588E+01 1.03762E+00 2.71670E+01 2.24991E-01 5.90087E-03 2.58032E-08 4.98593E+00 3.70285E-01
 3.65786E+22 3.00000E+00 1.45056E+03 2.66399E+05 2.46344E+04 4.30457E+02 8.81634E+01 1.06393E+00 2.70796E+01 2.88349E-01 4.27707E-03 2.34939E-08 5.42902E+00 5.02166E-01
 3.96646E+22 3.00000E+00 1.36159E+03 2.59623E+05 2.80576E+04 3.39792E+02 8.72668E+01 1.13111E+00 2.69096E+01 3.92815E-01 3.07007E-03 2.26983E-08 6.04031E+00 7.16874E-01
 4.30110E+22 3.00000E+00 1.27628E+03 2.51566E+05 3.21163E+04 2.59356E+02 8.59172E+01 1.24577E+00 2.66162E+01 5.72531E-01 2.20608E-03 2.44185E-08 6.86962E+00 1.07612E+00
 4.66396E+22 3.00000E+00 1.19289E+03 2.42078E+05 3.68854E+04 1.91162E+02 8.39081E+01 1.41742E+00 2.61261E+01 8.91016E-01 1.63118E-03 3.08167E-08 7.95109E+00 1.67907E+00
 5.05744E+22 3.00000E+00 1.10915E+03 2.31079E+05 4.24044E+04 1.37062E+02 8.10434E+01 1.65549E+00 2.53233E+01 1.45442E+00 1.30340E-03 4.52497E-08 9.24766E+00 2.64020E+00
 5.48412E+22 3.00000E+00 1.02376E+03 2.18653E+05 4.86300E+04 9.77810E+01 7.73326E+01 1.96268E+00 2.40721E+01 2.39472E+00 1.17831E-03 6.90831E-08 1.05982E+01 3.96952E+00
 5.94679E+22 3.00000E+00 9.27703E+02 2.05050E+05 5.54391E+04 7.38848E+01 7.39387E+01 2.39777E+00 2.23809E+01 3.64466E+00 1.13395E-03 8.13142E-08 1.15755E+01 5.02330E+00
 6.44850E+22 3.00000E+00 8.31089E+02 1.90643E+05 6.26472E+04 5.84546E+01 7.06836E+01 2.98881E+00 2.00590E+01 5.36652E+00 1.12049E-03 8.29422E-08 1.23953E+01 5.60868E+00
 6.99253E+22 3.00000E+00 7.41734E+02 1.75668E+05 7.01380E+04 4.72850E+01 6.69268E+01 3.62077E+00 1.69769E+01 7.80330E+00 1.04595E-03 8.76475E-08 1.32927E+01 5.87707E+00
 7.58246E+22 3.00000E+00 6.62671E+02 1.60468E+05 7.77403E+04 3.87067E+01 6.26144E+01 4.03866E+00 1.35225E+01 1.08219E+01 8.77114E-04 9.96753E-08 1.43293E+01 5.94033E+00
 8.22217E+22 3.00000E+00 5.96226E+02 1.45571E+05 8.51905E+04 3.17930E+01 5.81918E+01 4.04637E+00 1.04673E+01 1.38480E+01 6.88379E-04 1.19529E-07 1.54740E+01 5.93710E+00
 8.91584E+22 3.00000E+00 5.42550E+02 1.31413E+05 9.22711E+04 2.61799E+01 5.41955E+01 3.73284E+00 8.23045E+00 1.63798E+01 5.58217E-04 1.54175E-07 1.66019E+01 5.93881E+00
 9.66803E+22 3.00000E+00 4.99145E+02 1.18156E+05 9.89005E+04 2.16724E+01 5.08514E+01 3.29002E+00 6.70975E+00 1.83202E+01 4.97763E-04 2.18996E-07 1.75876E+01 5.93351E+00
 1.04837E+23 3.00000E+00 4.63800E+02 1.05836E+05 1.05061E+05 1.81030E+01 4.81554E+01 2.84725E+00 5.66977E+00 1.97786E+01 4.88300E-04 3.37635E-07 1.83377E+01 5.90388E+00
 1.13681E+23 3.00000E+00 4.34294E+02 9.44324E+04 1.10763E+05 1.52774E+01 4.60075E+01 2.45138E+00 4.92855E+00 2.08905E+01 5.09793E-04 5.44346E-07 1.88281E+01 5.83174E+00
 1.23272E+23 3.00000E+00 4.09065E+02 8.39149E+04 1.16023E+05 1.30200E+01 4.42813E+01 2.10951E+00 4.37453E+00 2.17607E+01 5.49599E-04 8.90617E-07 1.90721E+01 5.71420E+00
 1.33672E+23 3.00000E+00 3.87011E+02 7.42526E+04 1.20855E+05 1.11927E+01 4.28552E+01 1.81598E+00 3.94055E+00 2.24623E+01 6.00191E-04 1.45251E-06 1.91014E+01 5.55331E+00
 1.44950E+23 3.00000E+00 3.67038E+02 6.54099E+04 1.25277E+05 9.69326E+00 4.16275E+01 1.56319E+00 3.58561E+00 2.30444E+01 6.56918E-04 2.33891E-06 1.89521E+01 5.34786E+00
 1.57179E+23 3.00000E+00 3.48526E+02 5.73510E+04 1.29307E+05 8.44604E+00 4.05171E+01 1.34450E+00 3.28392E+00 2.35400E+01 7.16760E-04 3.70070E-06 1.86548E+01 5.09653E+00
 1.70439E+23 3.00000E+00 3.31007E+02 5.00463E+04 1.32960E+05 7.39278E+00 3.94483E+01 1.15411E+00 3.01746E+00 2.39737E+01 7.77356E-04 5.74202E-06 1.82321E+01 4.80904E+00
 1.84818E+23 3.00000E+00 3.14191E+02 4.34649E+04 1.36252E+05 6.48994E+00 3.83549E+01 9.87532E-01 2.77356E+00 2.43632E+01 8.36556E-04 8.72982E-06 1.77016E+01 4.49843E+00
 2.00411E+23 3.00000E+00 2.98035E+02 3.75761E+04 1.39197E+05 5.70368E+00 3.71656E+01 8.40822E-01 2.54197E+00 2.47223E+01 8.91911E-04 1.30082E-05 1.70825E+01 4.18452E+00
 2.17319E+23 3.00000E+00 2.82472E+02 3.23446E+04 1.41813E+05 5.00920E+00 3.58111E+01 7.11151E-01 2.31490E+00 2.50608E+01 9.40499E-04 1.92345E-05 1.63986E+01 3.88649E+00
 2.35653E+23 3.00000E+00 2.67404E+02 2.77280E+04 1.44122E+05 4.39403E+00 3.42926E+01 5.98113E-01 2.09226E+00 2.53821E+01 9.80459E-04 2.82516E-05 1.56506E+01 3.60576E+00
 2.55534E+23 3.00000E+00 2.52341E+02 2.36840E+04 1.46145E+05 3.83753E+00 3.25628E+01 4.98593E-01 1.86334E+00 2.56977E+01 1.00568E-03 4.06725E-05 1.50035E+01 3.35989E+00
 2.77092E+23 3.00000E+00 2.37807E+02 2.01699E+04 1.47903E+05 3.33539E+00 3.06334E+01 4.12159E-01 1.63275E+00 2.60022E+01 1.01392E-03 5.72552E-05 1.44610E+01 3.15727E+00
 3.00469E+23 3.00000E+00 2.24354E+02 1.71325E+04 1.49422E+05 2.88821E+00 2.85124E+01 3.36672E-01 1.40468E+00 2.62953E+01 1.00242E-03 7.81474E-05 1.39422E+01 2.98819E+00
 3.25819E+23 3.00000E+00 2.12183E+02 1.45208E+04 1.50728E+05 2.49579E+00 2.62742E+01 2.71793E-01 1.18637E+00 2.65711E+01 9.70939E-04 1.02912E-04 1.34424E+01 2.84182E+00
 3.53307E+23 3.00000E+00 2.01411E+02 1.22871E+04 1.51846E+05 2.16341E+00 2.41333E+01 2.20088E-01 9.96915E-01 2.68074E+01 9.30285E-04 1.30757E-04 1.29045E+01 2.70616E+00
 3.83114E+23 3.00000E+00 1.91911E+02 1.03807E+04 1.52799E+05 1.88473E+00 2.21598E+01 1.79073E-01 8.36017E-01 2.70082E+01 8.83497E-04 1.60185E-04 1.23189E+01 2.57541E+00
 4.15436E+23 3.00000E+00 1.83178E+02 8.75562E+03 1.53612E+05 1.65146E+00 2.03967E+01 1.46497E-01 7.01282E-01 2.71789E+01 8.33563E-04 1.89544E-04 1.16801E+01 2.44624E+00
 4.50484E+23 3.00000E+00 1.74916E+02 7.37244E+03 1.54304E+05 1.45529E+00 1.88466E+01 1.20435E-01 5.88809E-01 2.73256E+01 7.82198E-04 2.17218E-04 1.09939E+01 2.31900E+00
 4.88490E+23 3.00000E+00 1.66915E+02 6.19720E+03 1.54893E+05 1.28905E+00 1.74945E+01 9.93977E-02 4.94763E-01 2.74532E+01 7.30474E-04 2.41835E-04 1.02710E+01 2.19477E+00
 5.29702E+23 3.00000E+00 1.58997E+02 5.20074E+03 1.55392E+05 1.14698E+00 1.63202E+01 8.22707E-02 4.15859E-01 2.75656E+01 6.79146E-04 2.62398E-04 9.52364E+00 2.07461E+00
 5.74391E+23 3.00000E+00 1.50990E+02 4.35807E+03 1.55813E+05 1.02450E+00 1.53029E+01 6.82245E-02 3.49423E-01 2.76655E+01 6.28811E-04 2.78337E-04 8.76349E+00 1.95936E+00
 6.22850E+23 3.00000E+00 1.42881E+02 3.64739E+03 1.56169E+05 9.18178E-01 1.44205E+01 5.66335E-02 2.93275E-01 2.77550E+01 5.79779E-04 2.89433E-04 8.00334E+00 1.84970E+00
 6.75397E+23 3.00000E+00 1.34580E+02 3.04989E+03 1.56469E+05 8.25271E-01 1.36560E+01 4.70261E-02 2.45720E-01 2.78355E+01 5.32470E-04 2.95861E-04 7.25348E+00 1.74602E+00
 7.32377E+23 3.00000E+00 1.26019E+02 2.54930E+03 1.56720E+05 7.43602E-01 1.29946E+01 3.90376E-02 2.05396E-01 2.79082E+01 4.87282E-04 2.98086E-04 6.52302E+00 1.64864E+00
 7.94165E+23 3.00000E+00 1.17182E+02 2.13136E+03 1.56929E+05 6.71450E-01 1.24232E+01 3.23813E-02 1.71191E-01 2.79741E+01 4.44567E-04 2.96758E-04 5.82006E+00 1.55779E+00
 8.61166E+23 3.00000E+00 1.08177E+02 1.78345E+03 1.57104E+05 6.07469E-01 1.19295E+01 2.68282E-02 1.42197E-01 2.80339E+01 4.04573E-04 2.92591E-04 5.15206E+00 1.47362E+00
 9.33819E+23 3.00000E+00 9.90083E+01 1.49460E+03 1.57248E+05 5.50531E-01 1.15031E+01 2.21931E-02 1.17661E-01 2.80882E+01 3.67573E-04 2.86336E-04 4.52462E+00 1.39622E+00
 1.01260E+24 3.00000E+00 8.98773E+01 1.25536E+03 1.57368E+05 4.99671E-01 1.11359E+01 1.83248E-02 9.69501E-02 2.81375E+01 3.33831E-04 2.78724E-04 3.94159E+00 1.32566E+00
 1.09803E+24 3.00000E+00 8.09059E+01 1.05732E+03 1.57468E+05 4.54728E-01 1.08055E+01 1.51094E-02 7.95709E-02 2.81848E+01 3.03413E-04 2.69407E-04 3.42105E+00 1.26240E+00
 1.19067E+24 3.00000E+00 7.23078E+01 8.93029E+02 1.57550E+05 4.14676E-01 1.05074E+01 1.24349E-02 6.50627E-02 2.82283E+01 2.76572E-04 2.59602E-04 2.95629E+00 1.20599E+00
 1.29112E+24 3.00000E+00 6.42330E+01 7.56288E+02 1.57619E+05 3.78650E-01 1.02415E+01 1.02092E-02 5.29998E-02 2.82663E+01 2.53155E-04 2.50265E-04 2.53911E+00 1.15630E+00
 1.40005E+24 3.00000E+00 5.67912E+01 6.42001E+02 1.57676E+05 3.46201E-01 1.00032E+01 8.36069E-03 4.30242E-02 2.82988E+01 2.32706E-04 2.41705E-04 2.16808E+00 1.11376E+00
 1.51816E+24 3.00000E+00 5.00299E+01 5.46054E+02 1.57725E+05 3.16936E-01 9.79022E+00 6.82911E-03 3.48187E-02 2.83259E+01 2.14509E-04 2.34172E-04 1.84069E+00 1.07904E+00
 1.64624E+24 3.00000E+00 4.39766E+01 4.65066E+02 1.57765E+05 2.90539E-01 9.60151E+00 5.56343E-03 2.81052E-02 2.83480E+01 1.97461E-04 2.27835E-04 1.55398E+00 1.05266E+00
 1.78513E+24 3.00000E+00 3.86039E+01 3.96411E+02 1.57800E+05 2.66718E-01 9.43731E+00 4.52014E-03 2.26384E-02 2.83655E+01 1.80253E-04 2.22849E-04 1.30454E+00 1.03452E+00
 1.93573E+24 3.00000E+00 3.38520E+01 3.38054E+02 1.57829E+05 2.45197E-01 9.29868E+00 3.66226E-03 1.82048E-02 2.83791E+01 1.61610E-04 2.19376E-04 1.08883E+00 1.02340E+00
 2.09904E+24 3.00000E+00 2.96768E+01 2.88286E+02 1.57854E+05 2.25741E-01 9.18611E+00 2.95869E-03 1.46223E-02 2.83895E+01 1.40681E-04 2.17513E-04 9.03574E-01 1.01657E+00
 2.27613E+24 3.00000E+00 2.60210E+01 2.45757E+02 1.57876E+05 2.08104E-01 9.10046E+00 2.38330E-03 1.17363E-02 2.83974E+01 1.17789E-04 2.17384E-04 7.45561E-01 1.01047E+00
 2.46816E+24 3.00000E+00 2.28296E+01 2.09363E+02 1.57894E+05 1.92031E-01 9.04305E+00 1.91424E-03 9.41707E-03 2.84038E+01 9.44173E-05 2.18986E-04 6.11750E-01 1.00157E+00
 2.67639E+24 3.00000E+00 2.00453E+01 1.78208E+02 1.57910E+05 1.77257E-01 9.01655E+00 1.53316E-03 7.55700E-03 2.84089E+01 7.27586E-05 2.22635E-04 4.99202E-01 9.87435E-01
 2.90218E+24 3.00000E+00 1.76347E+01 1.51479E+02 1.57923E+05 1.63555E-01 9.02549E+00 1.22489E-03 6.06938E-03 2.84130E+01 5.44394E-05 2.28705E-04 4.05209E-01 9.67506E-01
 3.14703E+24 3.00000E+00 1.55483E+01 1.28561E+02 1.57934E+05 1.50701E-01 9.08239E+00 9.76664E-04 4.88477E-03 2.84162E+01 3.99866E-05 2.37723E-04 3.27038E-01 9.44094E-01
 3.41253E+24 3.00000E+00 1.37479E+01 1.08916E+02 1.57944E+05 1.38536E-01 9.21193E+00 7.77933E-04 3.94853E-03 2.84187E+01 2.91068E-05 2.50325E-04 2.62157E-01 9.21836E-01
 3.70043E+24 3.00000E+00 1.22030E+01 9.20831E+01 1.57953E+05 1.26970E-01 9.45215E+00 6.19892E-04 3.22110E-03 2.84205E+01 2.11770E-05 2.67484E-04 2.08391E-01 9.06603E-01
 4.01262E+24 3.00000E+00 1.08758E+01 7.77070E+01 1.57960E+05 1.15947E-01 9.83432E+00 4.94770E-04 2.65797E-03 2.84218E+01 1.54457E-05 2.89955E-04 1.64153E-01 9.02939E-01
 4.35115E+24 3.00000E+00 9.74250E+00 6.54530E+01 1.57966E+05 1.05490E-01 1.03167E+01 3.95442E-04 2.21021E-03 2.84226E+01 1.12741E-05 3.17701E-04 1.28752E-01 9.09804E-01
 4.71824E+24 3.00000E+00 8.77790E+00 5.50493E+01 1.57971E+05 9.56546E-02 1.07978E+01 3.16023E-04 1.84075E-03 2.84224E+01 8.21327E-06 3.50317E-04 1.01361E-01 9.21312E-01
 5.11630E+24 3.00000E+00 7.96080E+00 4.62633E+01 1.57976E+05 8.65154E-02 1.12417E+01 2.52672E-04 1.53418E-03 2.84212E+01 5.97662E-06 3.87553E-04 8.03610E-02 9.34259E-01
 5.54794E+24 3.00000E+00 7.27500E+00 3.88843E+01 1.57980E+05 7.81387E-02 1.16952E+01 2.02708E-04 1.28603E-03 2.84190E+01 4.36522E-06 4.29553E-04 6.40870E-02 9.49876E-01
 6.01600E+24 3.00000E+00 6.70210E+00 3.27331E+01 1.57983E+05 7.05496E-02 1.22161E+01 1.63703E-04 1.09010E-03 2.84161E+01 3.21626E-06 4.76645E-04 5.13400E-02 9.70361E-01
 6.52355E+24 3.00000E+00 6.22720E+00 2.76411E+01 1.57985E+05 6.37566E-02 1.28412E+01 1.33470E-04 9.38014E-04 2.84125E+01 2.40208E-06 5.28882E-04 4.13253E-02 9.97164E-01
 7.07391E+24 3.00000E+00 5.83890E+00 2.34525E+01 1.57987E+05 5.77554E-02 1.35898E+01 1.10160E-04 8.21536E-04 2.84085E+01 1.82727E-06 5.85939E-04 3.34718E-02 1.03097E+00
 7.67071E+24 3.00000E+00 5.52090E+00 2.00400E+01 1.57989E+05 5.25048E-02 1.44703E+01 9.22463E-05 7.33509E-04 2.84042E+01 1.41969E-06 6.47358E-04 2.73237E-02 1.07192E+00
 8.31786E+24 3.00000E+00 5.26520E+00 1.72768E+01 1.57990E+05 4.79751E-02 1.54759E+01 7.85358E-05 6.68151E-04 2.83999E+01 1.13057E-06 7.11974E-04 2.25337E-02 1.11930E+00
 9.01960E+24 3.00000E+00 5.05880E+00 1.50609E+01 1.57991E+05 4.41078E-02 1.65884E+01 6.80712E-05 6.20704E-04 2.83959E+01 9.23629E-07 7.78400E-04 1.88124E-02 1.17177E+00
 9.78055E+24 3.00000E+00 4.89660E+00 1.32929E+01 1.57992E+05 4.08598E-02 1.77725E+01 6.01223E-05 5.87367E-04 2.83925E+01 7.75408E-07 8.44519E-04 1.59390E-02 1.22718E+00
 1.06057E+25 3.00000E+00 4.76750E+00 1.18970E+01 1.57993E+05 3.81601E-02 1.89861E+01 5.41006E-05 5.64913E-04 2.83897E+01 6.67860E-07 9.08414E-04 1.37262E-02 1.28311E+00
 1.15005E+25 3.00000E+00 4.66640E+00 1.08021E+01 1.57993E+05 3.59511E-02 2.01783E+01 4.95605E-05 5.50694E-04 2.83876E+01 5.89570E-07 9.68009E-04 1.20319E-02 1.33699E+00
 1.24707E+25 3.00000E+00 4.58770E+00 9.95020E+00 1.57994E+05 3.41697E-02 2.13019E+01 4.61525E-05 5.42467E-04 2.83861E+01 5.32288E-07 1.02171E-03 1.07412E-02 1.38663E+00
 1.35228E+25 3.00000E+00 4.52760E+00 9.29215E+00 1.57994E+05 3.27554E-02 2.23180E+01 4.36071E-05 5.38391E-04 2.83851E+01 4.90343E-07 1.06846E-03 9.76407E-03 1.43050E+00
 1.46637E+25 3.00000E+00 4.48170E+00 8.78845E+00 1.57994E+05 3.16475E-02 2.32028E+01 4.17142E-05 5.36987E-04 2.83845E+01 4.59527E-07 1.10792E-03 9.02819E-03 1.46785E+00
 1.59008E+25 3.00000E+00 4.44760E+00 8.40557E+00 1.57994E+05 3.07931E-02 2.39463E+01 4.03141E-05 5.37156E-04 2.83841E+01 4.36989E-07 1.14025E-03 8.47785E-03 1.49859E+00

      heat_1      heat_2      heat_3      heat_4      heat_5      cool_1      cool_2      cool_3      cool_4      cool_5      cool_6      cool_7      cool_8      cool_9     cool_10     cool_11     cool_12     cool_13     cool_14
 4.70487E-19 3.38808E-22 2.21059E-19 1.80338E-15 3.21684E-25 5.98170E-17 6.48479E-16 3.76352E-17 1.79799E-25 2.11281E-18 2.20257E-17 2.86224E-16 6.72298E-25 8.90605E-20 2.12008E-17 1.16116E-20 2.86860E-17 3.11009E-16 3.21255E-16
 4.70402E-19 3.38808E-22 2.21005E-19 1.80318E-15 3.21209E-25 5.98273E-17 6.49681E-16 3.76204E-17 1.79640E-25 2.11157E-18 2.20294E-17 2.86308E-16 6.71654E-25 8.90355E-20 2.11971E-17 1.16096E-20 2.86965E-17 3.11030E-16 3.21361E-16
 4.70488E-19 3.38808E-22 2.21059E-19 1.80315E-15 3.21643E-25 5.98170E-17 6.48442E-16 3.76193E-17 1.79818E-25 2.11280E-18 2.20247E-17 2.86217E-16 6.72360E-25 8.90639E-20 2.11944E-17 1.16117E-20 2.86826E-17 3.11009E-16 3.21219E-16
 4.70402E-19 3.38808E-22 2.21005E-19 1.80315E-15 3.21202E-25 5.98273E-17 6.49674E-16 3.76181E-17 1.79643E-25 2.11157E-18 2.20292E-17 2.86307E-16 6.71664E-25 8.90360E-20 2.11961E-17 1.16096E-20 2.86960E-17 3.11030E-16 3.21356E-16
 4.70488E-19 3.38809E-22 2.21059E-19 1.80311E-15 3.21636E-25 5.98170E-17 6.48435E-16 3.76168E-17 1.79821E-25 2.11280E-18 2.20246E-17 2.86216E-16 6.72371E-25 8.90645E-20 2.11933E-17 1.16117E-20 2.86820E-17 3.11009E-16 3.21213E-16
 4.70402E-19 3.38808E-22 2.21005E-19 1.80310E-15 3.21194E-25 5.98273E-17 6.49667E-16 3.76154E-17 1.79647E-25 2.11157E-18 2.20290E-17 2.86306E-16 6.71676E-25 8.90367E-20 2.11949E-17 1.16096E-20 2.86953E-17 3.11030E-16 3.21349E-16
 4.70488E-19 3.38809E-22 2.21059E-19 1.80306E-15 3.21628E-25 5.98170E-17 6.48428E-16 3.76139E-17 1.79825E-25 2.11280E-18 2.20244E-17 2.86215E-16 6.72384E-25 8.90652E-20 2.11919E-17 1.16117E-20 2.86813E-17 3.11009E-16 3.21206E-16
 4.70402E-19 3.38808E-22 2.21005E-19 1.80305E-15 3.21185E-25 5.98273E-17 6.49659E-16 3.76123E-17 1.79651E-25 2.11157E-18 2.20288E-17 2.86305E-16 6.71690E-25 8.90374E-20 2.11935E-17 1.16096E-20 2.86946E-17 3.11030E-16 3.21341E-16
 4.70488E-19 3.38809E-22 2.21059E-19 1.80301E-15 3.21618E-25 5.98170E-17 6.48419E-16 3.76105E-17 1.79830E-25 2.11280E-18 2.20242E-17 2.86213E-16 6.72399E-25 8.90660E-20 2.11904E-17 1.16117E-20 2.86804E-17 3.11009E-16 3.21197E-16
 4.70575E-19 3.38809E-22 2.21113E-19 1.80296E-15 3.22051E-25 5.98067E-17 6.47180E-16 3.76086E-17 1.80009E-25 2.11404E-18 2.20195E-17 2.86122E-16 6.73110E-25 8.90947E-20 2.11872E-17 1.16138E-20 2.86663E-17 3.10988E-16 3.21053E-16
 4.70489E-19 3.38809E-22 2.21059E-19 1.80294E-15 3.21606E-25 5.98170E-17 6.48408E-16 3.76067E-17 1.79835E-25 2.11280E-18 2.20239E-17 2.86211E-16 6.72417E-25 8.90670E-20 2.11886E-17 1.16117E-20 2.86795E-17 3.11009E-16 3.21187E-16
 4.70575E-19 3.38809E-22 2.21114E-19 1.80289E-15 3.22038E-25 5.98067E-17 6.47169E-16 3.76045E-17 1.80015E-25 2.11404E-18 2.20192E-17 2.86120E-16 6.73129E-25 8.90957E-20 2.11852E-17 1.16138E-20 2.86652E-17 3.10988E-16 3.21042E-16
 4.70489E-19 3.38809E-22 2.21059E-19 1.80287E-15 3.21593E-25 5.98170E-17 6.48396E-16 3.76022E-17 1.79842E-25 2.11280E-18 2.20236E-17 2.86209E-16 6.72438E-25 8.90682E-20 2.11864E-17 1.16117E-20 2.86783E-17 3.11009E-16 3.21175E-16
 4.70575E-19 3.38810E-22 2.21114E-19 1.80281E-15 3.22023E-25 5.98067E-17 6.47155E-16 3.75997E-17 1.80022E-25 2.11404E-18 2.20188E-17 2.86118E-16 6.73152E-25 8.90970E-20 2.11829E-17 1.16138E-20 2.86640E-17 3.10988E-16 3.21029E-16
 4.70489E-19 3.38809E-22 2.21060E-19 1.80278E-15 3.21577E-25 5.98170E-17 6.48381E-16 3.75971E-17 1.79849E-25 2.11280E-18 2.20232E-17 2.86207E-16 6.72463E-25 8.90695E-20 2.11839E-17 1.16117E-20 2.86770E-17 3.11009E-16 3.21161E-16
 4.70575E-19 3.38810E-22 2.21114E-19 1.80271E-15 3.22006E-25 5.98067E-17 6.47140E-16 3.75942E-17 1.80030E-25 2.11404E-18 2.20185E-17 2.86115E-16 6.73179E-25 8.90985E-20 2.11802E-17 1.16138E-20 2.86625E-17 3.10988E-16 3.21014E-16
 4.70490E-19 3.38810E-22 2.21060E-19 1.80268E-15 3.21558E-25 5.98170E-17 6.48364E-16 3.75912E-17 1.79858E-25 2.11280E-18 2.20228E-17 2.86204E-16 6.72492E-25 8.90711E-20 2.11809E-17 1.16118E-20 2.86754E-17 3.11009E-16 3.21145E-16
 4.70576E-19 3.38810E-22 2.21114E-19 1.80260E-15 3.21985E-25 5.98067E-17 6.47121E-16 3.75878E-17 1.80039E-25 2.11403E-18 2.20180E-17 2.86112E-16 6.73210E-25 8.91002E-20 2.11770E-17 1.16139E-20 2.86608E-17 3.10988E-16 3.20996E-16
 4.70490E-19 3.38810E-22 2.21060E-19 1.80255E-15 3.21535E-25 5.98170E-17 6.48344E-16 3.75843E-17 1.79868E-25 2.11280E-18 2.20223E-17 2.86200E-16 6.72526E-25 8.90730E-20 2.11774E-17 1.16118E-20 2.86735E-17 3.11009E-16 3.21125E-16
 4.70576E-19 3.38810E-22 2.21114E-19 1.80247E-15 3.21961E-25 5.98067E-17 6.47099E-16 3.75805E-17 1.80051E-25 2.11403E-18 2.20175E-17 2.86108E-16 6.73247E-25 8.91023E-20 2.11732E-17 1.16139E-20 2.86588E-17 3.10988E-16 3.20975E-16
 4.70490E-19 3.38810E-22 2.21060E-19 1.80241E-15 3.21509E-25 5.98170E-17 6.48320E-16 3.75765E-17 1.79880E-25 2.11280E-18 2.20217E-17 2.86196E-16 6.72566E-25 8.90752E-20 2.11733E-17 1.16118E-20 2.86713E-17 3.11009E-16 3.21103E-16
 4.70577E-19 3.38811E-22 2.21114E-19 1.80231E-15 3.21933E-25 5.98067E-17 6.47074E-16 3.75721E-17 1.80064E-25 2.11403E-18 2.20168E-17 2.86103E-16 6.73291E-25 8.91047E-20 2.11687E-17 1.16139E-20 2.86564E-17 3.10988E-16 3.20951E-16
 4.70491E-19 3.38811E-22 2.21060E-19 1.80224E-15 3.21479E-25 5.98170E-17 6.48293E-16 3.75674E-17 1.79895E-25 2.11279E-18 2.20210E-17 2.86191E-16 6.72613E-25 8.90779E-20 2.11685E-17 1.16118E-20 2.86688E-17 3.11009E-16 3.21076E-16
 4.70577E-19 3.38811E-22 2.21115E-19 1.80213E-15 3.21899E-25 5.98067E-17 6.47044E-16 3.75624E-17 1.80079E-25 2.11403E-18 2.20161E-17 2.86098E-16 6.73342E-25 8.91075E-20 2.11635E-17 1.16139E-20 2.86536E-17 3.10988E-16 3.20922E-16
 4.70492E-19 3.38811E-22 2.21061E-19 1.80204E-15 3.21443E-25 5.98170E-17 6.48260E-16 3.75570E-17 1.79911E-25 2.11279E-18 2.20202E-17 2.86186E-16 6.72668E-25 8.90809E-20 2.11628E-17 1.16119E-20 2.86657E-17 3.11009E-16 3.21045E-16
 4.70578E-19 3.38812E-22 2.21115E-19 1.80191E-15 3.21860E-25 5.98067E-17 6.47009E-16 3.75512E-17 1.80097E-25 2.11403E-18 2.20152E-17 2.86092E-16 6.73402E-25 8.91109E-20 2.11573E-17 1.16140E-20 2.86503E-17 3.10988E-16 3.20888E-16
 4.70492E-19 3.38812E-22 2.21061E-19 1.80180E-15 3.21400E-25 5.98170E-17 6.48222E-16 3.75451E-17 1.79931E-25 2.11279E-18 2.20193E-17 2.86179E-16 6.72734E-25 8.90846E-20 2.11561E-17 1.16119E-20 2.86622E-17 3.11009E-16 3.21008E-16
 4.70579E-19 3.38812E-22 2.21115E-19 1.80165E-15 3.21814E-25 5.98067E-17 6.46967E-16 3.75384E-17 1.80119E-25 2.11402E-18 2.20142E-17 2.86085E-16 6.73473E-25 8.91148E-20 2.11501E-17 1.16140E-20 2.86465E-17 3.10988E-16 3.20848E-16
 4.70493E-19 3.38812E-22 2.21061E-19 1.80153E-15 3.21350E-25 5.98170E-17 6.48177E-16 3.75313E-17 1.79954E-25 2.11279E-18 2.20182E-17 2.86171E-16 6.72810E-25 8.90889E-20 2.11483E-17 1.16120E-20 2.86580E-17 3.11009E-16 3.20965E-16
 4.70580E-19 3.38813E-22 2.21116E-19 1.80135E-15 3.21760E-25 5.98067E-17 6.46918E-16 3.75236E-17 1.80144E-25 2.11402E-18 2.20130E-17 2.86076E-16 6.73556E-25 8.91195E-20 2.11416E-17 1.16141E-20 2.86420E-17 3.10988E-16 3.20801E-16
 4.70494E-19 3.38813E-22 2.21062E-19 1.80120E-15 3.21292E-25 5.98170E-17 6.48124E-16 3.75155E-17 1.79981E-25 2.11278E-18 2.20169E-17 2.86162E-16 6.72900E-25 8.90939E-20 2.11391E-17 1.16120E-20 2.86531E-17 3.11009E-16 3.20914E-16
 4.70581E-19 3.38814E-22 2.21116E-19 1.80100E-15 3.21696E-25 5.98067E-17 6.46861E-16 3.75067E-17 1.80173E-25 2.11402E-18 2.20116E-17 2.86066E-16 6.73654E-25 8.91249E-20 2.11316E-17 1.16141E-20 2.86366E-17 3.10988E-16 3.20746E-16
 4.70495E-19 3.38814E-22 2.21062E-19 1.80082E-15 3.21222E-25 5.98170E-17 6.48062E-16 3.74973E-17 1.80013E-25 2.11278E-18 2.20154E-17 2.86151E-16 6.73006E-25 8.90998E-20 2.11283E-17 1.16121E-20 2.86473E-17 3.11010E-16 3.20854E-16
 4.70582E-19 3.38815E-22 2.21117E-19 1.80059E-15 3.21621E-25 5.98067E-17 6.46794E-16 3.74872E-17 1.80208E-25 2.11401E-18 2.20099E-17 2.86055E-16 6.73768E-25 8.91314E-20 2.11199E-17 1.16142E-20 2.86304E-17 3.10988E-16 3.20681E-16
 4.70497E-19 3.38815E-22 2.21063E-19 1.80037E-15 3.21141E-25 5.98170E-17 6.47989E-16 3.74765E-17 1.80051E-25 2.11277E-18 2.20136E-17 2.86138E-16 6.73130E-25 8.91068E-20 2.11155E-17 1.16121E-20 2.86405E-17 3.11010E-16 3.20784E-16
 4.70584E-19 3.38816E-22 2.21118E-19 1.80010E-15 3.21533E-25 5.98067E-17 6.46715E-16 3.74649E-17 1.80249E-25 2.11401E-18 2.20080E-17 2.86041E-16 6.73903E-25 8.91389E-20 2.11061E-17 1.16143E-20 2.86230E-17 3.10989E-16 3.20605E-16
 4.70671E-19 3.38817E-22 2.21172E-19 1.79981E-15 3.21922E-25 5.97964E-17 6.45440E-16 3.74525E-17 1.80449E-25 2.11524E-18 2.20024E-17 2.85943E-16 6.74683E-25 8.91714E-20 2.10960E-17 1.16164E-20 2.86052E-17 3.10968E-16 3.20422E-16
 4.70586E-19 3.38817E-22 2.21119E-19 1.79953E-15 3.21430E-25 5.98067E-17 6.46622E-16 3.74393E-17 1.80297E-25 2.11400E-18 2.20057E-17 2.86025E-16 6.74062E-25 8.91479E-20 2.10899E-17 1.16144E-20 2.86143E-17 3.10989E-16 3.20515E-16
 4.70673E-19 3.38818E-22 2.21173E-19 1.79919E-15 3.21809E-25 5.97964E-17 6.45340E-16 3.74251E-17 1.80501E-25 2.11523E-18 2.19999E-17 2.85925E-16 6.74856E-25 8.91811E-20 2.10785E-17 1.16165E-20 2.85958E-17 3.10968E-16 3.20325E-16
 4.70588E-19 3.38818E-22 2.21120E-19 1.79885E-15 3.21308E-25 5.98067E-17 6.46513E-16 3.74100E-17 1.80353E-25 2.11399E-18 2.20031E-17 2.86005E-16 6.74249E-25 8.91584E-20 2.10708E-17 1.16145E-20 2.86042E-17 3.10989E-16 3.20410E-16
 4.70675E-19 3.38820E-22 2.21174E-19 1.79846E-15 3.21677E-25 5.97964E-17 6.45222E-16 3.73937E-17 1.80562E-25 2.11523E-18 2.19970E-17 2.85904E-16 6.75059E-25 8.91925E-20 2.10579E-17 1.16167E-20 2.85848E-17 3.10968E-16 3.20211E-16
 4.70590E-19 3.38820E-22 2.21121E-19 1.79806E-15 3.21165E-25 5.98067E-17 6.46385E-16 3.73764E-17 1.80420E-25 2.11398E-18 2.19999E-17 2.85983E-16 6.74469E-25 8.91708E-20 2.10485E-17 1.16146E-20 2.85922E-17 3.10989E-16 3.20286E-16
 4.70678E-19 3.38822E-22 2.21176E-19 1.79760E-15 3.21522E-25 5.97964E-17 6.45083E-16 3.73577E-17 1.80634E-25 2.11522E-18 2.19936E-17 2.85880E-16 6.75297E-25 8.92060E-20 2.10336E-17 1.16168E-20 2.85718E-17 3.10968E-16 3.20077E-16
 4.70765E-19 3.38823E-22 2.21231E-19 1.79710E-15 3.21872E-25 5.97861E-17 6.43778E-16 3.73378E-17 1.80852E-25 2.11645E-18 2.19871E-17 2.85776E-16 6.76137E-25 8.92418E-20 2.10177E-17 1.16190E-20 2.85509E-17 3.10947E-16 3.19862E-16
 4.70681E-19 3.38824E-22 2.21177E-19 1.79659E-15 3.21339E-25 5.97964E-17 6.44920E-16 3.73166E-17 1.80719E-25 2.11521E-18 2.19896E-17 2.85851E-16 6.75578E-25 8.92218E-20 2.10052E-17 1.16170E-20 2.85566E-17 3.10969E-16 3.19919E-16
 4.70769E-19 3.38826E-22 2.21232E-19 1.79601E-15 3.21674E-25 5.97861E-17 6.43601E-16 3.72939E-17 1.80944E-25 2.11644E-18 2.19828E-17 2.85745E-16 6.76442E-25 8.92590E-20 2.09869E-17 1.16192E-20 2.85344E-17 3.10948E-16 3.19692E-16
 4.70685E-19 3.38827E-22 2.21179E-19 1.79541E-15 3.21125E-25 5.97964E-17 6.44728E-16 3.72697E-17 1.80819E-25 2.11519E-18 2.19849E-17 2.85818E-16 6.75908E-25 8.92404E-20 2.09717E-17 1.16172E-20 2.85387E-17 3.10969E-16 3.19734E-16
 4.70773E-19 3.38828E-22 2.21234E-19 1.79473E-15 3.21441E-25 5.97861E-17 6.43394E-16 3.72437E-17 1.81053E-25 2.11642E-18 2.19778E-17 2.85709E-16 6.76800E-25 8.92792E-20 2.09507E-17 1.16194E-20 2.85150E-17 3.10948E-16 3.19491E-16
 4.70861E-19 3.38830E-22 2.21289E-19 1.79399E-15 3.21748E-25 5.97758E-17 6.42053E-16 3.72160E-17 1.81292E-25 2.11765E-18 2.19704E-17 2.85598E-16 6.77710E-25 8.93189E-20 2.09280E-17 1.16216E-20 2.84904E-17 3.10927E-16 3.19239E-16
 4.70777E-19 3.38832E-22 2.21236E-19 1.79322E-15 3.21168E-25 5.97861E-17 6.43150E-16 3.71864E-17 1.81180E-25 2.11641E-18 2.19718E-17 2.85666E-16 6.77222E-25 8.93030E-20 2.09082E-17 1.16196E-20 2.84922E-17 3.10948E-16 3.19255E-16
 4.70866E-19 3.38834E-22 2.21292E-19 1.79235E-15 3.21451E-25 5.97758E-17 6.41789E-16 3.71548E-17 1.81430E-25 2.11764E-18 2.19640E-17 2.85551E-16 6.78167E-25 8.93447E-20 2.08820E-17 1.16219E-20 2.84657E-17 3.10928E-16 3.18983E-16
 4.70955E-19 3.38837E-22 2.21347E-19 1.79142E-15 3.21722E-25 5.97655E-17 6.40419E-16 3.71210E-17 1.81686E-25 2.11886E-18 2.19558E-17 2.85435E-16 6.79134E-25 8.93876E-20 2.08539E-17 1.16241E-20 2.84382E-17 3.10907E-16 3.18700E-16
 4.70872E-19 3.38838E-22 2.21295E-19 1.79043E-15 3.21102E-25 5.97758E-17 6.41479E-16 3.70851E-17 1.81592E-25 2.11761E-18 2.19564E-17 2.85496E-16 6.78706E-25 8.93751E-20 2.08281E-17 1.16222E-20 2.84367E-17 3.10928E-16 3.18683E-16
 4.70962E-19 3.38841E-22 2.21350E-19 1.78934E-15 3.21343E-25 5.97655E-17 6.40083E-16 3.70466E-17 1.81863E-25 2.11884E-18 2.19477E-17 2.85375E-16 6.79719E-25 8.94205E-20 2.07955E-17 1.16245E-20 2.84068E-17 3.10907E-16 3.18375E-16
 4.71052E-19 3.38844E-22 2.21406E-19 1.78815E-15 3.21568E-25 5.97552E-17 6.38676E-16 3.70056E-17 1.82141E-25 2.12007E-18 2.19385E-17 2.85252E-16 6.80760E-25 8.94675E-20 2.07604E-17 1.16268E-20 2.83756E-17 3.10887E-16 3.18053E-16
 4.70970E-19 3.38847E-22 2.21354E-19 1.78690E-15 3.20899E-25 5.97655E-17 6.39689E-16 3.69620E-17 1.82071E-25 2.11881E-18 2.19381E-17 2.85306E-16 6.80407E-25 8.94594E-20 2.07270E-17 1.16249E-20 2.83699E-17 3.10908E-16 3.17993E-16
 4.71060E-19 3.38850E-22 2.21410E-19 1.78550E-15 3.21086E-25 5.97552E-17 6.38250E-16 3.69154E-17 1.82367E-25 2.12004E-18 2.19282E-17 2.85176E-16 6.81507E-25 8.95096E-20 2.06863E-17 1.16272E-20 2.83356E-17 3.10887E-16 3.17640E-16
 4.71151E-19 3.38854E-22 2.21467E-19 1.78400E-15 3.21252E-25 5.97449E-17 6.36795E-16 3.68657E-17 1.82674E-25 2.12126E-18 2.19179E-17 2.85043E-16 6.82641E-25 8.95617E-20 2.06424E-17 1.16296E-20 2.82996E-17 3.10867E-16 3.17268E-16
 4.71242E-19 3.38858E-22 2.21524E-19 1.78237E-15 3.21395E-25 5.97346E-17 6.35323E-16 3.68128E-17 1.82992E-25 2.12249E-18 2.19070E-17 2.84907E-16 6.83814E-25 8.96159E-20 2.05951E-17 1.16319E-20 2.82617E-17 3.10846E-16 3.16878E-16
 4.71334E-19 3.38862E-22 2.21580E-19 1.78060E-15 3.21513E-25 5.97243E-17 6.33833E-16 3.67564E-17 1.83322E-25 2.12371E-18 2.18957E-17 2.84767E-16 6.85027E-25 8.96723E-20 2.05442E-17 1.16343E-20 2.82218E-17 3.10826E-16 3.16466E-16
 4.71254E-19 3.38866E-22 2.21529E-19 1.77872E-15 3.20729E-25 5.97346E-17 6.34737E-16 3.66965E-17 1.83305E-25 2.12244E-18 2.18928E-17 2.84803E-16 6.84851E-25 8.96743E-20 2.04936E-17 1.16326E-20 2.82067E-17 3.10847E-16 3.16308E-16
 4.71346E-19 3.38871E-22 2.21586E-19 1.77665E-15 3.20791E-25 5.97243E-17 6.33198E-16 3.66327E-17 1.83663E-25 2.12366E-18 2.18803E-17 2.84654E-16 6.86153E-25 8.97356E-20 2.04344E-17 1.16350E-20 2.81623E-17 3.10827E-16 3.15849E-16
 4.71440E-19 3.38877E-22 2.21644E-19 1.77442E-15 3.20821E-25 5.97140E-17 6.31636E-16 3.65647E-17 1.84036E-25 2.12488E-18 2.18672E-17 2.84500E-16 6.87508E-25 8.97998E-20 2.03706E-17 1.16375E-20 2.81153E-17 3.10806E-16 3.15364E-16
 4.71534E-19 3.38883E-22 2.21702E-19 1.77200E-15 3.20817E-25 5.97037E-17 6.30047E-16 3.64925E-17 1.84426E-25 2.12610E-18 2.18533E-17 2.84340E-16 6.88919E-25 8.98671E-20 2.03019E-17 1.16400E-20 2.80656E-17 3.10786E-16 3.14850E-16
 4.71628E-19 3.38889E-22 2.21760E-19 1.76938E-15 3.20776E-25 5.96934E-17 6.28430E-16 3.64157E-17 1.84834E-25 2.12732E-18 2.18386E-17 2.84175E-16 6.90392E-25 8.99376E-20 2.02278E-17 1.16425E-20 2.80129E-17 3.10766E-16 3.14306E-16
 4.71723E-19 3.38896E-22 2.21819E-19 1.76654E-15 3.20695E-25 5.96831E-17 6.26781E-16 3.63340E-17 1.85263E-25 2.12853E-18 2.18232E-17 2.84004E-16 6.91932E-25 9.00118E-20 2.01479E-17 1.16451E-20 2.79570E-17 3.10745E-16 3.13728E-16
 4.71819E-19 3.38903E-22 2.21877E-19 1.76347E-15 3.20571E-25 5.96729E-17 6.25099E-16 3.62473E-17 1.85713E-25 2.12974E-18 2.18068E-17 2.83826E-16 6.93544E-25 9.00898E-20 2.00620E-17 1.16477E-20 2.78977E-17 3.10725E-16 3.13113E-16
 4.71916E-19 3.38911E-22 2.21937E-19 1.76015E-15 3.20399E-25 5.96626E-17 6.23380E-16 3.61552E-17 1.86188E-25 2.13095E-18 2.17894E-17 2.83640E-16 6.95235E-25 9.01721E-20 1.99694E-17 1.16503E-20 2.78346E-17 3.10705E-16 3.12460E-16
 4.72187E-19 3.38920E-22 2.22106E-19 1.75653E-15 3.21051E-25 5.96318E-17 6.19253E-16 3.60574E-17 1.87056E-25 2.13466E-18 2.17620E-17 2.83267E-16 6.98472E-25 9.03165E-20 1.98655E-17 1.16572E-20 2.77408E-17 3.10643E-16 3.11492E-16
 4.72285E-19 3.38929E-22 2.22166E-19 1.75265E-15 3.20772E-25 5.96215E-17 6.17458E-16 3.59537E-17 1.87585E-25 2.13587E-18 2.17424E-17 2.83065E-16 7.00346E-25 9.04085E-20 1.97583E-17 1.16599E-20 2.76694E-17 3.10623E-16 3.10751E-16
 4.72385E-19 3.38939E-22 2.22226E-19 1.74846E-15 3.20433E-25 5.96112E-17 6.15616E-16 3.58438E-17 1.88145E-25 2.13707E-18 2.17216E-17 2.82853E-16 7.02322E-25 9.05059E-20 1.96430E-17 1.16627E-20 2.75933E-17 3.10603E-16 3.09962E-16
 4.72486E-19 3.38950E-22 2.22288E-19 1.74392E-15 3.20030E-25 5.96009E-17 6.13724E-16 3.57273E-17 1.88738E-25 2.13827E-18 2.16994E-17 2.82631E-16 7.04408E-25 9.06091E-20 1.95191E-17 1.16655E-20 2.75121E-17 3.10583E-16 3.09119E-16
 4.72761E-19 3.38962E-22 2.22459E-19 1.73899E-15 3.20431E-25 5.95702E-17 6.09445E-16 3.56038E-17 1.89741E-25 2.14199E-18 2.16669E-17 2.82219E-16 7.08097E-25 9.07764E-20 1.93818E-17 1.16726E-20 2.73992E-17 3.10521E-16 3.07949E-16
 4.72864E-19 3.38975E-22 2.22521E-19 1.73369E-15 3.19880E-25 5.95599E-17 6.07446E-16 3.54732E-17 1.90411E-25 2.14318E-18 2.16417E-17 2.81974E-16 7.10439E-25 9.08928E-20 1.92391E-17 1.16755E-20 2.73067E-17 3.10501E-16 3.06988E-16
 4.73142E-19 3.38989E-22 2.22694E-19 1.72794E-15 3.20121E-25 5.95291E-17 6.03075E-16 3.53348E-17 1.91502E-25 2.14689E-18 2.16059E-17 2.81538E-16 7.14422E-25 9.10746E-20 1.90819E-17 1.16827E-20 2.71818E-17 3.10439E-16 3.05691E-16
 4.73422E-19 3.39004E-22 2.22867E-19 1.72172E-15 3.20274E-25 5.94984E-17 5.98658E-16 3.51885E-17 1.92643E-25 2.15060E-18 2.15683E-17 2.81087E-16 7.18576E-25 9.12647E-20 1.89141E-17 1.16900E-20 2.70503E-17 3.10378E-16 3.04324E-16
 4.73703E-19 3.39021E-22 2.23041E-19 1.71502E-15 3.20329E-25 5.94676E-17 5.94192E-16 3.50339E-17 1.93841E-25 2.15432E-18 2.15287E-17 2.80622E-16 7.22916E-25 9.14637E-20 1.87350E-17 1.16974E-20 2.69117E-17 3.10316E-16 3.02882E-16
 4.73987E-19 3.39039E-22 2.23216E-19 1.70779E-15 3.20279E-25 5.94369E-17 5.89671E-16 3.48706E-17 1.95098E-25 2.15804E-18 2.14870E-17 2.80140E-16 7.27458E-25 9.16724E-20 1.85444E-17 1.17048E-20 2.67654E-17 3.10254E-16 3.01359E-16
 4.74272E-19 3.39058E-22 2.23392E-19 1.69999E-15 3.20115E-25 5.94062E-17 5.85089E-16 3.46982E-17 1.96422E-25 2.16175E-18 2.14430E-17 2.79640E-16 7.32222E-25 9.18916E-20 1.83421E-17 1.17123E-20 2.66110E-17 3.10193E-16 2.99748E-16
 4.74560E-19 3.39078E-22 2.23570E-19 1.69158E-15 3.19828E-25 5.93755E-17 5.80442E-16 3.45163E-17 1.97818E-25 2.16547E-18 2.13966E-17 2.79121E-16 7.37226E-25 9.21221E-20 1.81280E-17 1.17199E-20 2.64477E-17 3.10132E-16 2.98045E-16
 4.74850E-19 3.39100E-22 2.23748E-19 1.68252E-15 3.19407E-25 5.93449E-17 5.75721E-16 3.43246E-17 1.99292E-25 2.16919E-18 2.13474E-17 2.78582E-16 7.42493E-25 9.23648E-20 1.79026E-17 1.17275E-20 2.62751E-17 3.10071E-16 2.96241E-16
 4.75316E-19 3.39125E-22 2.24038E-19 1.67273E-15 3.19718E-25 5.92938E-17 5.68737E-16 3.41226E-17 2.01251E-25 2.17547E-18 2.12867E-17 2.77843E-16 7.49625E-25 9.26803E-20 1.76632E-17 1.17395E-20 2.60671E-17 3.09967E-16 2.94066E-16
 4.75786E-19 3.39151E-22 2.24329E-19 1.66220E-15 3.19874E-25 5.92427E-17 5.61710E-16 3.39099E-17 2.03311E-25 2.18176E-18 2.12228E-17 2.77080E-16 7.57102E-25 9.30106E-20 1.74158E-17 1.17515E-20 2.58487E-17 3.09864E-16 2.91778E-16
 4.76084E-19 3.39179E-22 2.24512E-19 1.65089E-15 3.18982E-25 5.92121E-17 5.56767E-16 3.36864E-17 2.05076E-25 2.18548E-18 2.11644E-17 2.76467E-16 7.63341E-25 9.32969E-20 1.71677E-17 1.17595E-20 2.56440E-17 3.09803E-16 2.89631E-16
 4.76735E-19 3.39210E-22 2.24917E-19 1.63867E-15 3.19664E-25 5.91408E-17 5.47502E-16 3.34512E-17 2.07776E-25 2.19438E-18 2.10850E-17 2.75474E-16 7.73219E-25 9.37207E-20 1.69136E-17 1.17759E-20 2.53778E-17 3.09658E-16 2.86834E-16
 4.77215E-19 3.39243E-22 2.25213E-19 1.62558E-15 3.19268E-25 5.90899E-17 5.40306E-16 3.32044E-17 2.10204E-25 2.20070E-18 2.10105E-17 2.74626E-16 7.81931E-25 9.41033E-20 1.66732E-17 1.17883E-20 2.51237E-17 3.09555E-16 2.84161E-16
 4.77874E-19 3.39279E-22 2.25623E-19 1.61148E-15 3.19538E-25 5.90187E-17 5.30993E-16 3.29453E-17 2.13201E-25 2.20965E-18 2.09232E-17 2.73570E-16 7.92815E-25 9.45673E-20 1.64528E-17 1.18049E-20 2.48321E-17 3.09410E-16 2.81086E-16
 4.78537E-19 3.39318E-22 2.26035E-19 1.59637E-15 3.19577E-25 5.89477E-17 5.21662E-16 3.26737E-17 2.16372E-25 2.21863E-18 2.08316E-17 2.72479E-16 8.04288E-25 9.50540E-20 1.62754E-17 1.18217E-20 2.45266E-17 3.09266E-16 2.77859E-16
 4.79205E-19 3.39359E-22 2.26449E-19 1.58017E-15 3.19364E-25 5.88767E-17 5.12305E-16 3.23893E-17 2.19733E-25 2.22763E-18 2.07353E-17 2.71351E-16 8.16406E-25 9.55654E-20 1.61613E-17 1.18385E-20 2.42067E-17 3.09121E-16 2.74472E-16
 4.80054E-19 3.39405E-22 2.26978E-19 1.56279E-15 3.19765E-25 5.87855E-17 5.00978E-16 3.20916E-17 2.23750E-25 2.23933E-18 2.06255E-17 2.70007E-16 8.31000E-25 9.61659E-20 1.61235E-17 1.18596E-20 2.38480E-17 3.08934E-16 2.70666E-16
 4.80909E-19 3.39453E-22 2.27511E-19 1.54419E-15 3.19873E-25 5.86945E-17 4.89687E-16 3.17804E-17 2.28015E-25 2.25109E-18 2.05103E-17 2.68620E-16 8.46442E-25 9.67963E-20 1.61672E-17 1.18808E-20 2.34737E-17 3.08747E-16 2.66684E-16
 4.81771E-19 3.39505E-22 2.28047E-19 1.52432E-15 3.19663E-25 5.86037E-17 4.78423E-16 3.14554E-17 2.32554E-25 2.26289E-18 2.03895E-17 2.67186E-16 8.62814E-25 9.74590E-20 1.62618E-17 1.19021E-20 2.30831E-17 3.08559E-16 2.62518E-16
 4.82993E-19 3.39562E-22 2.28811E-19 1.50306E-15 3.20892E-25 5.84727E-17 4.63572E-16 3.11162E-17 2.38348E-25 2.28020E-18 2.02460E-17 2.65358E-16 8.83993E-25 9.82853E-20 1.63389E-17 1.19319E-20 2.26308E-17 3.08288E-16 2.57675E-16
 4.84046E-19 3.39622E-22 2.29468E-19 1.48042E-15 3.20861E-25 5.83621E-17 4.50671E-16 3.07628E-17 2.44035E-25 2.29490E-18 2.01044E-17 2.63647E-16 9.04550E-25 9.90868E-20 1.63498E-17 1.19574E-20 2.21841E-17 3.08058E-16 2.52881E-16
 4.85285E-19 3.39688E-22 2.30243E-19 1.45629E-15 3.21325E-25 5.82318E-17 4.36164E-16 3.03949E-17 2.50621E-25 2.31246E-18 1.99477E-17 2.61709E-16 9.28460E-25 9.99964E-20 1.62605E-17 1.19872E-20 2.16981E-17 3.07786E-16 2.47646E-16
 4.86712E-19 3.39758E-22 2.31138E-19 1.43061E-15 3.22260E-25 5.80817E-17 4.20202E-16 3.00123E-17 2.58197E-25 2.33297E-18 1.97759E-17 2.59540E-16 9.56047E-25 1.01020E-19 1.60679E-17 1.20211E-20 2.11736E-17 3.07472E-16 2.41973E-16
 4.88150E-19 3.39833E-22 2.32039E-19 1.40336E-15 3.22731E-25 5.79320E-17 4.04529E-16 2.96149E-17 2.66329E-25 2.35367E-18 1.95964E-17 2.57306E-16 9.85558E-25 1.02096E-19 1.57945E-17 1.20550E-20 2.06320E-17 3.07157E-16 2.36095E-16
 4.89800E-19 3.39914E-22 2.33076E-19 1.37447E-15 3.23721E-25 5.77605E-17 3.87427E-16 2.92026E-17 2.75707E-25 2.37780E-18 1.94001E-17 2.54815E-16 1.01969E-24 1.03306E-19 1.54576E-17 1.20934E-20 2.00505E-17 3.06794E-16 2.29755E-16
 4.91689E-19 3.40001E-22 2.34266E-19 1.34388E-15 3.25316E-25 5.75647E-17 3.68916E-16 2.87753E-17 2.86549E-25 2.40584E-18 1.91858E-17 2.52044E-16 1.05928E-24 1.04667E-19 1.50739E-17 1.21369E-20 1.94282E-17 3.06378E-16 2.22936E-16
 4.93592E-19 3.40094E-22 2.35465E-19 1.31161E-15 3.26333E-25 5.73697E-17 3.50956E-16 2.83333E-17 2.98280E-25 2.43425E-18 1.89629E-17 2.49196E-16 1.10197E-24 1.06099E-19 1.46587E-17 1.21801E-20 1.87907E-17 3.05961E-16 2.15922E-16
 4.95964E-19 3.40194E-22 2.36967E-19 1.27756E-15 3.29048E-25 5.71263E-17 3.30260E-16 2.78761E-17 3.12599E-25 2.47056E-18 1.87121E-17 2.45860E-16 1.15447E-24 1.07802E-19 1.42107E-17 1.22335E-20 1.80924E-17 3.05438E-16 2.08189E-16
 4.98356E-19 3.40301E-22 2.38482E-19 1.24180E-15 3.31105E-25 5.68840E-17 3.10427E-16 2.74044E-17 3.28203E-25 2.50750E-18 1.84520E-17 2.42442E-16 1.21152E-24 1.09599E-19 1.37414E-17 1.22863E-20 1.73826E-17 3.04915E-16 2.00290E-16
 5.01227E-19 3.40415E-22 2.40308E-19 1.20428E-15 3.34829E-25 5.65943E-17 2.88548E-16 2.69178E-17 3.47037E-25 2.55293E-18 1.81644E-17 2.38540E-16 1.28077E-24 1.11694E-19 1.32455E-17 1.23490E-20 1.66194E-17 3.04285E-16 1.91734E-16
 5.04354E-19 3.40537E-22 2.42301E-19 1.16505E-15 3.39024E-25 5.62820E-17 2.66507E-16 2.64168E-17 3.68685E-25 2.60336E-18 1.78583E-17 2.34354E-16 1.36049E-24 1.14014E-19 1.27282E-17 1.24160E-20 1.58291E-17 3.03602E-16 1.82818E-16
 5.07743E-19 3.40667E-22 2.44468E-19 1.12415E-15 3.43660E-25 5.59475E-17 2.44548E-16 2.59017E-17 3.93606E-25 2.65911E-18 1.75339E-17 2.29887E-16 1.45237E-24 1.16576E-19 1.21911E-17 1.24872E-20 1.50157E-17 3.02865E-16 1.73580E-16
 5.11632E-19 3.40806E-22 2.46964E-19 1.08164E-15 3.49979E-25 5.55676E-17 2.21781E-16 2.53725E-17 4.23460E-25 2.72482E-18 1.71829E-17 2.24948E-16 1.56292E-24 1.19509E-19 1.16325E-17 1.25676E-20 1.41648E-17 3.02021E-16 1.63839E-16
 5.16033E-19 3.40953E-22 2.49799E-19 1.03760E-15 3.58044E-25 5.51431E-17 1.98734E-16 2.48297E-17 4.59217E-25 2.80133E-18 1.68060E-17 2.19550E-16 1.69587E-24 1.22850E-19 1.10549E-17 1.26568E-20 1.32840E-17 3.01072E-16 1.53812E-16
 5.21197E-19 3.41110E-22 2.53142E-19 9.92127E-16 3.69314E-25 5.46517E-17 1.75011E-16 2.42733E-17 5.03441E-25 2.89425E-18 1.63963E-17 2.13521E-16 1.86135E-24 1.26757E-19 1.04592E-17 1.27597E-20 1.23648E-17 2.99965E-16 1.43281E-16
 5.26905E-19 3.41276E-22 2.56855E-19 9.45395E-16 3.82656E-25 5.41187E-17 1.52176E-16 2.37038E-17 5.56681E-25 3.00058E-18 1.59631E-17 2.07069E-16 2.06141E-24 1.31177E-19 9.85697E-18 1.28704E-20 1.14343E-17 2.98753E-16 1.32510E-16
 5.33908E-19 3.41454E-22 2.61438E-19 8.97509E-16 4.02805E-25 5.34765E-17 1.28584E-16 2.31212E-17 6.26105E-25 3.13713E-18 1.54855E-17 1.99685E-16 2.32487E-24 1.36555E-19 9.25819E-18 1.30042E-20 1.04581E-17 2.97281E-16 1.21062E-16
 5.41756E-19 3.41641E-22 2.66606E-19 8.48723E-16 4.27643E-25 5.27747E-17 1.06605E-16 2.25622E-17 7.12814E-25 3.29763E-18 1.49814E-17 1.91774E-16 2.65620E-24 1.42764E-19 8.66598E-18 1.31496E-20 9.48148E-18 2.95654E-16 1.09477E-16
 5.51444E-19 3.41841E-22 2.73035E-19 7.99188E-16 4.64790E-25 5.19314E-17 8.49336E-17 2.19975E-17 8.30569E-25 3.50795E-18 1.44271E-17 1.82748E-16 3.11185E-24 1.50483E-19 8.03419E-18 1.33254E-20 8.47091E-18 2.93677E-16 9.73121E-17
 5.62783E-19 3.42052E-22 2.80624E-19 7.49196E-16 5.15401E-25 5.09780E-17 6.53102E-17 2.14158E-17 9.89281E-25 3.77141E-18 1.38454E-17 1.72963E-16 3.73052E-24 1.59833E-19 7.38022E-18 1.35243E-20 7.46768E-18 2.91410E-16 8.50233E-17
 5.76884E-19 3.42277E-22 2.90161E-19 6.98958E-16 5.92781E-25 4.98394E-17 4.73855E-17 2.08171E-17 1.21750E-24 4.12736E-18 1.32274E-17 1.62003E-16 4.63866E-24 1.71836E-19 6.71678E-18 1.37640E-20 6.45816E-18 2.88657E-16 7.23858E-17
 5.94798E-19 3.42518E-22 3.02429E-19 6.48732E-16 7.17985E-25 4.84646E-17 3.17753E-17 2.01996E-17 1.56745E-24 4.62866E-18 1.25464E-17 1.49482E-16 6.06012E-24 1.87836E-19 6.04976E-18 1.40570E-20 5.43885E-18 2.85263E-16 5.94875E-17
 6.17601E-19 3.42777E-22 3.18276E-19 5.98804E-16 9.29746E-25 4.68233E-17 1.92988E-17 1.95624E-17 2.13666E-24 5.35463E-18 1.17989E-17 1.35336E-16 8.42994E-24 2.09810E-19 5.38499E-18 1.44104E-20 4.43090E-18 2.81093E-16 4.66817E-17
 6.47766E-19 3.43061E-22 3.39624E-19 5.49393E-16 1.33354E-24 4.48212E-17 1.01270E-17 1.89043E-17 3.17106E-24 6.48867E-18 1.09652E-17 1.19153E-16 1.28744E-23 2.42231E-19 4.72326E-18 1.48464E-20 3.44030E-18 2.75802E-16 3.41911E-17
 6.88795E-19 3.43381E-22 3.69328E-19 5.00679E-16 2.22430E-24 4.23692E-17 4.30436E-18 1.82225E-17 5.33839E-24 8.41163E-18 1.00257E-17 1.00724E-16 2.25704E-23 2.94296E-19 4.06632E-18 1.53840E-20 2.48984E-18 2.68933E-16 2.25941E-17
 7.47296E-19 3.43768E-22 4.12943E-19 4.52631E-16 4.71978E-24 3.93249E-17 1.31414E-18 1.75110E-17 1.10317E-23 1.21257E-17 8.95442E-18 7.98850E-17 4.95366E-23 3.90420E-19 3.41051E-18 1.60545E-20 1.60784E-18 2.59566E-16 1.26496E-17
 3.00359E-18 3.85770E-22 2.57322E-18 2.86229E-16 2.23838E-19 1.03732E-17 2.44029E-36 1.47499E-17 5.21620E-20 2.51119E-16 1.06820E-18 3.57364E-20 9.75631E-19 1.07579E-17 3.85255E-19 3.50096E-20 9.62489E-23 1.83090E-21 5.83754E-21
 3.21680E-18 3.90158E-22 2.78813E-18 2.53967E-16 2.55804E-19 9.63823E-18 4.54456E-38 1.34756E-17 5.80989E-20 2.22604E-16 9.26350E-19 1.66451E-20 1.07418E-18 9.90903E-18 2.99270E-19 3.61049E-20 7.08072E-23 3.59301E-22 4.45987E-21
 3.43585E-18 3.95233E-22 3.00954E-18 2.23719E-16 2.95242E-19 8.95450E-18 6.40773E-40 1.22432E-17 6.67943E-20 1.95393E-16 7.97063E-19 7.31808E-21 1.21003E-18 9.44999E-18 2.27564E-19 3.73987E-20 5.34699E-23 6.26131E-23 3.34590E-21
 3.65747E-18 4.01141E-22 3.23429E-18 1.95576E-16 3.44770E-19 8.31929E-18 6.74725E-42 1.10566E-17 7.98242E-20 1.69734E-16 6.75345E-19 3.01077E-21 1.40590E-18 9.22221E-18 1.68931E-19 3.89658E-20 4.09639E-23 9.63909E-24 2.45570E-21
 3.87541E-18 4.08048E-22 3.45634E-18 1.69568E-16 4.07860E-19 7.73363E-18 5.46506E-44 9.91927E-18 1.00246E-19 1.46059E-16 5.62433E-19 1.16172E-21 1.69584E-18 9.19033E-18 1.21815E-19 4.09297E-20 3.16248E-23 1.32282E-24 1.75587E-21
 4.08845E-18 4.16210E-22 3.67471E-18 1.45749E-16 4.90454E-19 7.18479E-18 0.00000E+00 8.83391E-18 1.32789E-19 1.23903E-16 4.58702E-19 4.12673E-22 2.13214E-18 9.32963E-18 8.49188E-20 4.34747E-20 2.44622E-23 1.55184E-25 1.22410E-21
 4.28949E-18 4.25873E-22 3.88263E-18 1.24091E-16 5.99637E-19 6.67138E-18 0.00000E+00 7.80096E-18 1.87491E-19 1.03439E-16 3.62269E-19 1.33124E-22 2.82261E-18 9.67442E-18 5.68973E-20 4.69258E-20 1.89239E-23 1.54029E-26 8.27055E-22
 4.47481E-18 4.37304E-22 4.07675E-18 1.04579E-16 7.44826E-19 6.18436E-18 0.00000E+00 6.81915E-18 2.83242E-19 8.43888E-17 2.76056E-19 3.81128E-23 3.92160E-18 1.02356E-17 3.64053E-20 5.18240E-20 1.46426E-23 1.22484E-27 5.36171E-22
 4.64271E-18 4.50713E-22 4.25562E-18 8.72257E-17 9.36128E-19 5.71335E-18 0.00000E+00 5.88621E-18 4.54650E-19 6.65448E-17 2.02328E-19 9.33951E-24 5.61931E-18 1.09787E-17 2.21427E-20 5.90417E-20 1.13578E-23 7.12211E-29 3.32691E-22
 4.79561E-18 4.66208E-22 4.42187E-18 7.20903E-17 1.18235E-18 5.24538E-18 0.00000E+00 5.00305E-18 7.55768E-19 4.99331E-17 1.42347E-19 1.84528E-24 7.97424E-18 1.17672E-17 1.28454E-20 6.98203E-20 8.85435E-24 2.58634E-30 1.98423E-22
 4.93564E-18 4.83668E-22 4.57769E-18 5.92646E-17 1.48504E-18 4.77364E-18 0.00000E+00 4.18485E-18 1.23884E-18 3.53155E-17 9.87214E-20 2.81253E-25 1.06973E-17 1.23490E-17 7.23863E-21 8.51281E-20 6.94525E-24 4.86154E-32 1.15891E-22
 5.11081E-18 5.02750E-22 4.76981E-18 4.90090E-17 1.83596E-18 4.24973E-18 0.00000E+00 3.47026E-18 1.78136E-18 2.55657E-17 7.07081E-20 2.59871E-26 1.18164E-17 1.22517E-17 4.22440E-21 9.95880E-20 5.43157E-24 2.20168E-34 7.09120E-23
 5.27620E-18 5.22943E-22 4.95423E-18 4.06820E-17 2.21294E-18 3.73044E-18 0.00000E+00 2.84487E-18 2.35463E-18 1.94896E-17 5.23640E-20 1.50321E-27 1.13654E-17 1.18319E-17 2.53303E-21 1.11676E-19 4.23556E-24 2.62304E-37 4.48558E-23
 5.37991E-18 5.43925E-22 5.07974E-18 3.37545E-17 2.59366E-18 3.25758E-18 0.00000E+00 2.28868E-18 2.92634E-18 1.54136E-17 3.91258E-20 5.80982E-29 1.01326E-17 1.13677E-17 1.52498E-21 1.23080E-19 3.29471E-24 1.04569E-40 2.87609E-23
 5.39288E-18 5.65216E-22 5.11684E-18 2.79763E-17 2.95107E-18 2.84574E-18 0.00000E+00 1.80716E-18 3.28914E-18 1.25592E-17 2.95924E-20 1.62100E-30 8.68344E-18 1.09068E-17 9.11232E-22 1.35817E-19 2.58096E-24 1.68156E-44 1.89563E-23
 5.30000E-18 5.86081E-22 5.04920E-18 2.31876E-17 3.25422E-18 2.50496E-18 0.00000E+00 1.41277E-18 3.26807E-18 1.05047E-17 2.23669E-20 3.84710E-32 7.41397E-18 1.04334E-17 5.35393E-22 1.53327E-19 2.05336E-24 0.00000E+00 1.24978E-23
 5.10863E-18 6.05909E-22 4.88281E-18 1.92555E-17 3.48112E-18 2.23367E-18 0.00000E+00 1.10611E-18 2.92701E-18 8.99322E-18 1.70267E-20 9.53911E-34 6.41616E-18 9.89641E-18 3.08724E-22 1.78162E-19 1.66137E-24 0.00000E+00 8.29505E-24
 4.84420E-18 6.24473E-22 4.64227E-18 1.60344E-17 3.62499E-18 2.01721E-18 0.00000E+00 8.72712E-19 2.45661E-18 7.82082E-18 1.30610E-20 2.65790E-35 5.61356E-18 9.26493E-18 1.74728E-22 2.10913E-19 1.37242E-24 0.00000E+00 5.57565E-24
 4.53034E-18 6.41724E-22 4.35078E-18 1.33910E-17 3.68753E-18 1.84309E-18 0.00000E+00 6.99268E-19 1.98740E-18 6.87181E-18 1.01768E-20 8.74266E-37 4.94623E-18 8.54529E-18 9.70047E-23 2.52050E-19 1.14977E-24 0.00000E+00 3.86551E-24
 4.18882E-18 6.57693E-22 4.02997E-18 1.12113E-17 3.67588E-18 1.69935E-18 0.00000E+00 5.71229E-19 1.58230E-18 6.06745E-18 8.00582E-21 3.28074E-38 4.36324E-18 7.77175E-18 5.25503E-23 3.00778E-19 9.69939E-25 0.00000E+00 2.71949E-24
 3.83571E-18 6.72421E-22 3.69585E-18 9.40403E-18 3.59959E-18 1.57772E-18 0.00000E+00 4.71525E-19 1.25539E-18 5.36580E-18 6.39262E-21 1.36246E-39 3.83743E-18 6.98322E-18 2.80744E-23 3.56950E-19 8.23370E-25 0.00000E+00 1.94039E-24
 3.48276E-18 6.85951E-22 3.36022E-18 7.89803E-18 3.46954E-18 1.47221E-18 0.00000E+00 3.92242E-19 9.93701E-19 4.74228E-18 5.15356E-21 5.96463E-41 3.34889E-18 6.21090E-18 1.41798E-23 4.20267E-19 7.00586E-25 0.00000E+00 1.41004E-24
 3.13855E-18 6.98335E-22 3.03173E-18 6.63793E-18 3.29711E-18 1.37799E-18 0.00000E+00 3.27931E-19 7.85029E-19 4.18039E-18 4.17347E-21 2.56858E-42 2.89570E-18 5.47463E-18 4.35581E-24 4.89524E-19 5.95505E-25 0.00000E+00 1.03757E-24
 2.80902E-18 7.09621E-22 2.71640E-18 5.58014E-18 3.09335E-18 1.29127E-18 0.00000E+00 2.74832E-19 6.17854E-19 3.66951E-18 3.39163E-21 1.00893E-43 2.47769E-18 4.78387E-18 5.56806E-25 5.62027E-19 5.05136E-25 0.00000E+00 7.67786E-25
 2.49785E-18 7.19851E-22 2.41798E-18 4.68978E-18 2.86832E-18 1.20997E-18 0.00000E+00 2.30355E-19 4.83579E-19 3.20549E-18 2.76835E-21 2.80260E-45 2.09574E-18 4.14389E-18 1.77554E-25 6.34007E-19 4.27666E-25 0.00000E+00 5.69738E-25
 2.20744E-18 7.29069E-22 2.13896E-18 3.93886E-18 2.63103E-18 1.13271E-18 0.00000E+00 1.92682E-19 3.76041E-19 2.78461E-18 2.24984E-21 0.00000E+00 1.75210E-18 3.55673E-18 7.39585E-26 7.00223E-19 3.59563E-25 0.00000E+00 4.22697E-25
 1.93913E-18 7.37318E-22 1.88065E-18 3.30453E-18 2.38922E-18 1.05906E-18 0.00000E+00 1.60508E-19 2.90266E-19 2.40557E-18 1.81612E-21 0.00000E+00 1.44851E-18 3.01983E-18 3.09049E-26 7.55107E-19 3.00395E-25 0.00000E+00 3.13208E-25
 1.69356E-18 7.44646E-22 1.64393E-18 2.76819E-18 2.14942E-18 9.89170E-19 0.00000E+00 1.32913E-19 2.22535E-19 2.06762E-18 1.46036E-21 0.00000E+00 1.19342E-18 2.52837E-18 1.22849E-26 7.93045E-19 2.52968E-25 0.00000E+00 2.33496E-25
 1.47108E-18 7.51113E-22 1.42916E-18 2.31531E-18 1.91720E-18 9.22092E-19 0.00000E+00 1.09314E-19 1.69242E-19 1.76730E-18 1.16418E-21 0.00000E+00 9.76761E-19 2.09604E-18 4.53540E-27 8.05701E-19 2.10897E-25 0.00000E+00 1.72543E-25
 1.27185E-18 7.56778E-22 1.23662E-18 1.93317E-18 1.69709E-18 8.55826E-19 0.00000E+00 8.89874E-20 1.26858E-19 1.50083E-18 9.10661E-22 0.00000E+00 7.95564E-19 1.73195E-18 1.56662E-27 7.90979E-19 1.74269E-25 0.00000E+00 1.25552E-25
 1.09460E-18 7.61701E-22 1.06513E-18 1.61128E-18 1.49180E-18 7.92688E-19 0.00000E+00 7.17329E-20 9.43428E-20 1.26887E-18 7.02090E-22 0.00000E+00 6.50040E-19 1.42968E-18 5.04179E-28 7.43510E-19 1.42816E-25 0.00000E+00 8.99931E-26
 9.37741E-19 7.65955E-22 9.13135E-19 1.34060E-18 1.30276E-18 7.35118E-19 0.00000E+00 5.73322E-20 7.03266E-20 1.06974E-18 5.37940E-22 0.00000E+00 5.33353E-19 1.17598E-18 1.50683E-28 6.71674E-19 1.16524E-25 0.00000E+00 6.37883E-26
 8.00065E-19 7.69614E-22 7.79532E-19 1.11386E-18 1.13109E-18 6.83472E-19 0.00000E+00 4.55343E-20 5.27739E-20 8.99971E-19 4.08956E-22 0.00000E+00 4.39138E-19 9.65087E-19 4.16624E-29 5.83980E-19 9.45273E-26 0.00000E+00 4.48506E-26
 6.80257E-19 7.72744E-22 6.63126E-19 9.25209E-19 9.77257E-19 6.38436E-19 0.00000E+00 3.62426E-20 4.01087E-20 7.56662E-19 3.11624E-22 0.00000E+00 3.63256E-19 7.89671E-19 1.06628E-29 4.89975E-19 7.58540E-26 0.00000E+00 3.15417E-26
 5.76629E-19 7.75415E-22 5.62342E-19 7.68491E-19 8.40725E-19 5.99192E-19 0.00000E+00 2.89999E-20 3.08890E-20 6.35817E-19 2.40352E-22 0.00000E+00 3.00849E-19 6.43039E-19 2.51346E-30 3.98827E-19 6.06302E-26 0.00000E+00 2.26495E-26
 4.87438E-19 7.77693E-22 4.75540E-19 6.38295E-19 7.20464E-19 5.63525E-19 0.00000E+00 2.33484E-20 2.39276E-20 5.33333E-19 1.85734E-22 0.00000E+00 2.48786E-19 5.20113E-19 5.41830E-31 3.15664E-19 4.81302E-26 0.00000E+00 1.62726E-26
 4.10954E-19 7.79632E-22 4.01061E-19 5.30030E-19 6.15173E-19 5.30164E-19 0.00000E+00 1.89015E-20 1.85543E-20 4.46191E-19 1.43283E-22 0.00000E+00 2.04812E-19 4.16889E-19 1.06047E-31 2.43611E-19 3.79898E-26 0.00000E+00 1.16346E-26
 3.45573E-19 7.81280E-22 3.37360E-19 4.39907E-19 5.23464E-19 4.98235E-19 0.00000E+00 1.53596E-20 1.43459E-20 3.72053E-19 1.09917E-22 0.00000E+00 1.67416E-19 3.30378E-19 1.87612E-32 1.83627E-19 2.98409E-26 0.00000E+00 8.25434E-27
 2.89849E-19 7.82678E-22 2.83043E-19 3.64830E-19 4.43960E-19 4.67021E-19 0.00000E+00 1.25033E-20 1.10147E-20 3.09033E-19 8.39630E-23 0.00000E+00 1.35506E-19 2.58174E-19 2.99665E-33 1.35120E-19 2.34641E-26 0.00000E+00 5.78896E-27
 2.42499E-19 7.83861E-22 2.36871E-19 3.02270E-19 3.75343E-19 4.35865E-19 0.00000E+00 1.01675E-20 8.35849E-21 2.55575E-19 6.30464E-23 0.00000E+00 1.08268E-19 1.98238E-19 4.24696E-34 9.67321E-20 1.83818E-26 0.00000E+00 3.99335E-27
 2.02387E-19 7.84859E-22 1.97741E-19 2.50155E-19 3.16373E-19 4.04760E-19 0.00000E+00 8.23948E-21 6.26100E-21 2.10478E-19 4.63023E-23 0.00000E+00 8.50749E-20 1.49234E-19 5.09649E-35 6.71667E-20 1.43457E-26 0.00000E+00 2.69946E-27
 1.68515E-19 7.85698E-22 1.64686E-19 2.06771E-19 2.65905E-19 3.73412E-19 0.00000E+00 6.63027E-21 4.61271E-21 1.72679E-19 3.31077E-23 0.00000E+00 6.56151E-20 1.09718E-19 5.12962E-36 4.49752E-20 1.11913E-26 0.00000E+00 1.77731E-27
 1.40004E-19 7.86402E-22 1.36855E-19 1.70694E-19 2.22887E-19 3.41640E-19 0.00000E+00 5.27403E-21 3.33006E-21 1.41211E-19 2.28377E-23 0.00000E+00 4.94337E-20 7.83805E-20 4.34278E-37 2.87744E-20 8.73976E-27 0.00000E+00 1.13094E-27
 1.16083E-19 7.86990E-22 1.13497E-19 1.40731E-19 1.86359E-19 3.09483E-19 0.00000E+00 4.12469E-21 2.34916E-21 1.15226E-19 1.49348E-23 0.00000E+00 3.62120E-20 5.41092E-20 3.04456E-38 1.76871E-20 6.80474E-27 0.00000E+00 6.89196E-28
 9.60732E-20 7.87479E-22 9.39522E-20 1.15883E-19 1.55454E-19 2.77363E-19 0.00000E+00 3.15414E-21 1.61932E-21 9.39408E-20 9.21440E-24 0.00000E+00 2.57380E-20 3.59464E-20 1.73861E-39 1.02222E-20 5.31970E-27 0.00000E+00 3.98604E-28
 7.93819E-20 7.87886E-22 7.76431E-20 9.53054E-20 1.29395E-19 2.45679E-19 0.00000E+00 2.34193E-21 1.09030E-21 7.65550E-20 5.25051E-24 0.00000E+00 1.78010E-20 2.28679E-20 7.94410E-41 5.46392E-21 4.15973E-27 0.00000E+00 2.16909E-28
 6.54947E-20 7.88223E-22 6.40710E-20 7.82885E-20 1.07487E-19 2.14811E-19 0.00000E+00 1.67320E-21 7.16508E-22 6.24964E-20 2.71466E-24 0.00000E+00 1.18568E-20 1.38230E-20 2.84884E-42 2.64894E-21 3.26778E-27 0.00000E+00 1.11779E-28
 5.39694E-20 7.88502E-22 5.28045E-20 6.42481E-20 8.91280E-20 1.85501E-19 0.00000E+00 1.13999E-21 4.61250E-22 5.10844E-20 1.24804E-24 0.00000E+00 7.60592E-21 7.96411E-21 7.84727E-44 1.14375E-21 2.55534E-27 0.00000E+00 5.24229E-29
 4.44144E-20 7.88734E-22 3.96192E-20 5.26668E-20 7.37707E-20 1.58389E-19 0.00000E+00 7.35162E-22 2.92048E-22 3.79505E-20 5.02503E-25 0.00000E+00 4.71084E-21 4.36632E-21 1.40130E-45 4.32690E-22 2.00402E-27 0.00000E+00 2.22738E-29
 3.65011E-20 7.88927E-22 2.44650E-20 4.31164E-20 6.09454E-20 1.33898E-19 0.00000E+00 4.45434E-22 1.82507E-22 2.29465E-20 1.72247E-25 0.00000E+00 2.82808E-21 2.27486E-21 0.00000E+00 1.40905E-22 1.57469E-27 0.00000E+00 8.51084E-30
 2.99550E-20 7.89088E-22 2.01836E-20 3.52480E-20 5.02534E-20 1.12255E-19 0.00000E+00 2.51710E-22 1.12934E-22 1.88547E-20 4.96101E-26 0.00000E+00 1.65451E-21 1.12894E-21 0.00000E+00 3.87989E-23 1.25056E-27 0.00000E+00 2.82271E-30
 2.45458E-20 7.89224E-22 1.81140E-20 2.87708E-20 4.13543E-20 9.34524E-20 0.00000E+00 1.31586E-22 6.93278E-23 1.69800E-20 1.16755E-26 0.00000E+00 9.47703E-22 5.34910E-22 0.00000E+00 8.84250E-24 1.00152E-27 0.00000E+00 8.00317E-31
 2.00805E-20 7.89338E-22 1.62397E-20 2.34437E-20 3.39587E-20 7.73970E-20 0.00000E+00 6.32345E-23 4.23290E-23 1.52861E-20 2.19714E-27 0.00000E+00 5.34165E-22 2.43015E-22 0.00000E+00 1.63725E-24 8.08418E-28 0.00000E+00 1.99499E-31
 1.63990E-20 7.89435E-22 9.42524E-21 1.90669E-20 2.78223E-20 6.38343E-20 0.00000E+00 2.77005E-23 2.57278E-23 8.63035E-21 3.24422E-28 0.00000E+00 2.96582E-22 1.06050E-22 0.00000E+00 2.40476E-25 6.61950E-28 0.00000E+00 4.09371E-32
 1.33682E-20 7.89518E-22 2.02316E-21 1.54751E-20 2.27394E-20 5.24404E-20 0.00000E+00 1.09280E-23 1.55583E-23 1.36431E-21 3.62961E-29 0.00000E+00 1.61689E-22 4.43918E-23 0.00000E+00 2.70901E-26 5.49275E-28 0.00000E+00 6.76592E-33
 1.08771E-20 7.89588E-22 7.07094E-22 1.25315E-20 1.85368E-20 4.29485E-20 0.00000E+00 3.84324E-24 9.37176E-24 1.63649E-22 2.98785E-30 0.00000E+00 8.63289E-23 1.78245E-23 0.00000E+00 2.27543E-27 4.60756E-28 0.00000E+00 8.87361E-34
 8.83337E-21 7.89648E-22 4.60835E-22 1.01230E-20 1.50694E-20 3.50810E-20 0.00000E+00 1.18958E-24 5.62603E-24 1.45247E-23 1.75772E-31 0.00000E+00 4.50570E-23 6.84194E-24 0.00000E+00 1.37724E-28 3.91449E-28 0.00000E+00 9.30450E-35
 7.16016E-21 7.89699E-22 3.65996E-22 8.15597E-21 1.22153E-20 2.85889E-20 0.00000E+00 3.19775E-25 3.36858E-24 9.27649E-25 7.17849E-33 0.00000E+00 2.30308E-23 2.49725E-24 0.00000E+00 5.80516E-30 3.37308E-28 0.00000E+00 7.29105E-36
 5.79321E-21 7.89744E-22 2.97628E-22 6.55283E-21 9.87211E-21 2.32424E-20 0.00000E+00 7.34204E-26 2.01206E-24 4.11635E-26 1.94600E-34 0.00000E+00 1.15758E-23 8.58122E-25 0.00000E+00 1.63355E-31 2.92582E-28 0.00000E+00 4.14781E-37
 4.67882E-21 7.89781E-22 2.41889E-22 5.24937E-21 7.95393E-21 1.88774E-20 0.00000E+00 1.43215E-26 1.20285E-24 1.25645E-27 3.46207E-36 0.00000E+00 5.76516E-24 2.76248E-25 0.00000E+00 3.02649E-33 2.54012E-28 0.00000E+00 1.78662E-38
 3.77243E-21 7.89814E-22 1.96118E-22 4.19241E-21 6.38853E-21 1.53179E-20 0.00000E+00 2.34610E-27 7.20388E-25 2.56665E-29 3.95657E-38 0.00000E+00 2.84766E-24 8.24045E-26 0.00000E+00 3.57998E-35 2.20119E-28 0.00000E+00 5.35440E-40
 3.03701E-21 7.89842E-22 1.58666E-22 3.33791E-21 5.11529E-21 1.24254E-20 0.00000E+00 3.21586E-28 4.33137E-25 3.46759E-31 2.84756E-40 0.00000E+00 1.39280E-24 2.25940E-26 0.00000E+00 2.66703E-37 1.85113E-28 0.00000E+00 1.10829E-41
 2.44188E-21 7.89866E-22 1.28139E-22 2.64935E-21 4.08326E-21 1.00885E-20 0.00000E+00 3.72095E-29 2.62341E-25 3.14149E-33 1.31302E-42 0.00000E+00 6.73968E-25 5.67936E-27 0.00000E+00 1.27068E-39 1.45096E-28 0.00000E+00 1.61149E-43
 1.96174E-21 7.89886E-22 1.03354E-22 2.09623E-21 3.24940E-21 8.19812E-21 0.00000E+00 3.63401E-30 1.60236E-25 1.90328E-35 4.20390E-45 0.00000E+00 3.21576E-25 1.30164E-27 0.00000E+00 3.86058E-42 9.97779E-29 0.00000E+00 1.40130E-45
 1.57558E-21 7.89903E-22 8.33107E-23 1.65289E-21 2.57707E-21 6.67735E-21 0.00000E+00 3.04269E-31 9.90685E-26 8.09801E-38 0.00000E+00 0.00000E+00 1.51186E-25 2.75529E-28 0.00000E+00 8.40779E-45 5.49025E-29 0.00000E+00 0.00000E+00
 1.26609E-21 7.89918E-22 6.71690E-23 1.29823E-21 2.03593E-21 5.45660E-21 0.00000E+00 2.21779E-32 6.21723E-26 2.56327E-40 0.00000E+00 0.00000E+00 6.98902E-26 5.48867E-29 0.00000E+00 0.00000E+00 2.34838E-29 0.00000E+00 0.00000E+00
 1.01910E-21 7.89930E-22 5.42307E-23 1.01556E-21 1.60186E-21 4.47969E-21 0.00000E+00 1.45882E-33 3.97285E-26 6.89439E-43 0.00000E+00 0.00000E+00 3.19372E-26 1.05173E-29 0.00000E+00 0.00000E+00 8.60162E-30 0.00000E+00 0.00000E+00
 8.22886E-22 7.89941E-22 4.39133E-23 7.91380E-22 1.25537E-21 3.70354E-21 0.00000E+00 9.25059E-35 2.59631E-26 9.80909E-45 0.00000E+00 0.00000E+00 1.46498E-26 2.00008E-30 0.00000E+00 0.00000E+00 2.92324E-30 0.00000E+00 0.00000E+00
 6.67701E-22 7.89949E-22 3.57256E-23 6.14435E-22 9.80059E-22 3.08771E-21 0.00000E+00 5.99317E-36 1.73917E-26 1.40130E-45 0.00000E+00 0.00000E+00 6.84100E-27 3.89536E-31 0.00000E+00 0.00000E+00 9.75276E-31 0.00000E+00 0.00000E+00
 5.45446E-22 7.89956E-22 2.92540E-23 4.75336E-22 7.62205E-22 2.60123E-21 0.00000E+00 4.23821E-37 1.19728E-26 0.00000E+00 0.00000E+00 0.00000E+00 3.30322E-27 8.18836E-32 0.00000E+00 0.00000E+00 3.32186E-31 0.00000E+00 0.00000E+00
 4.49477E-22 7.89962E-22 2.41602E-23 3.66390E-22 5.90452E-22 2.22060E-21 0.00000E+00 3.52602E-38 8.49639E-27 0.00000E+00 0.00000E+00 0.00000E+00 1.67838E-27 2.03964E-32 0.00000E+00 0.00000E+00 1.19306E-31 0.00000E+00 0.00000E+00
 3.74406E-22 7.89966E-22 2.01652E-23 2.81354E-22 4.55535E-22 1.92094E-21 0.00000E+00 3.53918E-39 6.20653E-27 0.00000E+00 0.00000E+00 0.00000E+00 9.02103E-28 6.74104E-33 0.00000E+00 0.00000E+00 4.58092E-32 0.00000E+00 0.00000E+00
 3.15862E-22 7.89970E-22 1.70444E-23 2.15204E-22 3.49930E-22 1.68814E-21 0.00000E+00 4.52863E-40 4.67460E-27 0.00000E+00 0.00000E+00 0.00000E+00 5.19257E-28 3.21731E-33 0.00000E+00 0.00000E+00 1.92160E-32 0.00000E+00 0.00000E+00
 2.70348E-22 7.89973E-22 1.46149E-23 1.63918E-22 2.67576E-22 1.50576E-21 0.00000E+00 7.34056E-41 3.61903E-27 0.00000E+00 0.00000E+00 0.00000E+00 3.19173E-28 2.05058E-33 0.00000E+00 0.00000E+00 8.82983E-33 0.00000E+00 0.00000E+00
 2.35067E-22 7.89975E-22 1.27304E-23 1.24297E-22 2.03600E-22 1.36607E-21 0.00000E+00 1.55838E-41 2.88224E-27 0.00000E+00 0.00000E+00 0.00000E+00 2.10933E-28 1.54128E-33 0.00000E+00 0.00000E+00 4.50743E-33 0.00000E+00 0.00000E+00
 2.07811E-22 7.89977E-22 1.12738E-23 9.38020E-23 1.54112E-22 1.25716E-21 0.00000E+00 4.14364E-42 2.34962E-27 0.00000E+00 0.00000E+00 0.00000E+00 1.48042E-28 1.25412E-33 0.00000E+00 0.00000E+00 2.52963E-33 0.00000E+00 0.00000E+00
 1.86831E-22 7.89978E-22 1.01525E-23 7.04277E-23 1.16007E-22 1.17332E-21 0.00000E+00 1.36907E-42 1.95750E-27 0.00000E+00 0.00000E+00 0.00000E+00 1.10004E-28 1.06668E-33 0.00000E+00 0.00000E+00 1.55966E-33 0.00000E+00 0.00000E+00
 1.70751E-22 7.89979E-22 9.29338E-24 5.25937E-23 8.68177E-23 1.10901E-21 0.00000E+00 5.46506E-43 1.66200E-27 0.00000E+00 0.00000E+00 0.00000E+00 8.59022E-29 9.34292E-34 0.00000E+00 0.00000E+00 1.04820E-33 0.00000E+00 0.00000E+00
 1.58489E-22 7.89980E-22 8.63908E-24 3.90560E-23 6.45845E-23 1.06038E-21 0.00000E+00 2.59240E-43 1.43502E-27 0.00000E+00 0.00000E+00 0.00000E+00 7.01023E-29 8.37096E-34 0.00000E+00 0.00000E+00 7.60649E-34 0.00000E+00 0.00000E+00
 1.49194E-22 7.89980E-22 8.14411E-24 2.88367E-23 4.77531E-23 1.02358E-21 0.00000E+00 1.41531E-43 1.25636E-27 0.00000E+00 0.00000E+00 0.00000E+00 5.92936E-29 7.63949E-34 0.00000E+00 0.00000E+00 5.89215E-34 0.00000E+00 0.00000E+00
 1.42191E-22 7.89981E-22 7.77248E-24 2.11679E-23 3.50928E-23 9.96420E-22 0.00000E+00 8.68805E-44 1.11340E-27 0.00000E+00 0.00000E+00 0.00000E+00 5.17485E-29 7.07854E-34 0.00000E+00 0.00000E+00 4.83844E-34 0.00000E+00 0.00000E+00
heat 1  heating by formation of H2 on dust           
heat 2  cosmic ray heating                           
heat 3  background/formation heating by H2           
heat 4  X-ray Coulomb heating                        
heat 5  X-ray H2 dissociation heating                
cool 1  cooling by thermal accomodation on grains    
cool 2  Ly-alpha line cooling                        
cool 3  OI line cooling                              
cool 4  CO rot & ro-vib cooling                      
cool 5  H2 line cooling                              
cool 6  FeII line cooling                            
cool 7  SII line cooling                             
cool 8  H2O rotational cooling                       
cool 9  OH rot cooling                               
cool 10  PAH recombination cooling                    
cool 11  SI 17, 25, 56 mic cooling                    
cool 12  NII line cooling                             
cool 13  Chemical cooling                             
cool 14  SIII line cooling                            

JIline[erg/s/cm^2/sr]
       1   5.2138698e-06
       2   5.8486177e-05
       3   0.00023212072
       4   0.00059995527
       5    0.0012283192
       6    0.0021685850
       7    0.0034363479
       8    0.0050579189
       9    0.0070337539
      10    0.0093401868
      11     0.011962170
      12     0.014720496
      13     0.017628388
      14     0.020529441
      15     0.023381703
      16     0.026092605
      17     0.028503917
      18     0.030442817
      19     0.031762016
      20     0.032285500
      21     0.031789376
      22     0.029810349
      23     0.026420467
      24     0.021515763
      25     0.015170565
      26    0.0087350788
      27    0.0044218486
      28    0.0022879194
      29    0.0012421359
      30   0.00069224906
      31   0.00038977257
      32   0.00022228030

 ----------------------------------------------
 ***  unshielded photo-dissociation rates   ***
 ***    H2:  5.424328588588593E-026
 ***    CO:  3.802124713854344E-025
 ----------------------------------------------
 