#J Iline[erg/s/cm^2/sr]
       1   5.5405521e-07
       2   4.1356639e-06
       3   1.2602895e-05
       4   2.6533733e-05
       5   4.5687978e-05
       6   6.9472669e-05
       7   9.6805542e-05
       8   0.00012597415
       9   0.00015632549
      10   0.00018437987
      11   0.00020559590
      12   0.00021084283
      13   0.00019976218
      14   0.00016769383
      15   0.00011014661
      16   4.8409621e-05
      17   1.1064665e-05
      18   2.0426705e-06
      19   5.2731827e-07
      20   1.6372553e-07
      21   4.2653529e-08
      22   3.6915704e-08
      23   3.5091381e-08
      24   3.4127847e-08
      25   3.3353822e-08
      26   3.2531850e-08
      27   3.1540916e-08
      28   3.0314807e-08
      29   2.8869505e-08
      30   2.7184461e-08
      31   2.5392104e-08
      32   2.3494717e-08
      33   2.1471980e-08
      34   1.9329599e-08
      35   1.6968940e-08
      36   1.4458955e-08
      37   1.1832296e-08
      38   9.0942137e-09
