#I line[erg/s/cm^2/sr]
       1   8.3414142e-07
       2   7.9779201e-06
       3   2.7558884e-05
       4   6.4538476e-05
       5   0.00012322725
       6   0.00020716883
       7   0.00031942733
       8   0.00046229057
       9   0.00063739337
      10   0.00084603718
      11    0.0010878110
      12    0.0013604773
      13    0.0016568437
      14    0.0019706314
      15    0.0022832090
      16    0.0025720864
      17    0.0027867123
      18    0.0029358088
      19    0.0027805475
      20    0.0024949124
      21    0.0013076428
      22   0.00059834971
      23   0.00018191375
      24   5.4161083e-05
      25   1.6743335e-05
      26   5.1651787e-06
      27   1.5728885e-06
      28   4.7039612e-07
      29   1.3831957e-07
      30   3.9886175e-08
      31   1.1274483e-08
      32   3.1216658e-09
      33   8.5137999e-10
      34   2.2666097e-10
      35   5.9113463e-11
      36   1.5230450e-11
      37   3.8436309e-12
      38   9.4099774e-13
