#J Iline[erg/s/cm^2/sr]
       1   5.2138698e-06
       2   5.8486177e-05
       3   0.00023212072
       4   0.00059995527
       5    0.0012283192
       6    0.0021685850
       7    0.0034363479
       8    0.0050579189
       9    0.0070337539
      10    0.0093401868
      11     0.011962170
      12     0.014720496
      13     0.017628388
      14     0.020529441
      15     0.023381703
      16     0.026092605
      17     0.028503917
      18     0.030442817
      19     0.031762016
      20     0.032285500
      21     0.031789376
      22     0.029810349
      23     0.026420467
      24     0.021515763
      25     0.015170565
      26    0.0087350788
      27    0.0044218486
      28    0.0022879194
      29    0.0012421359
      30   0.00069224906
      31   0.00038977257
      32   0.00022228030
